V(out)	I(R3)	power
5.888831e-040	5.888829e+000	3.467832e-039	
6.237768e-040	5.888829e+000	3.673315e-039	
6.607374e-040	5.888829e+000	3.890970e-039	
6.998883e-040	5.888829e+000	4.121523e-039	
7.413598e-040	5.888829e+000	4.365741e-039	
7.852877e-040	5.888829e+000	4.624425e-039	
8.318192e-040	5.888829e+000	4.898441e-039	
8.811070e-040	5.888829e+000	5.188689e-039	
9.333166e-040	5.888829e+000	5.496142e-039	
9.886189e-040	5.888829e+000	5.821807e-039	
1.047199e-039	5.888829e+000	6.166774e-039	
1.109248e-039	5.888829e+000	6.532173e-039	
1.174976e-039	5.888829e+000	6.919233e-039	
1.244597e-039	5.888829e+000	7.329218e-039	
1.318344e-039	5.888829e+000	7.763504e-039	
1.396461e-039	5.888829e+000	8.223521e-039	
1.479206e-039	5.888829e+000	8.710794e-039	
1.566855e-039	5.888829e+000	9.226940e-039	
1.659698e-039	5.888829e+000	9.773677e-039	
1.758041e-039	5.888829e+000	1.035280e-038	
1.862211e-039	5.888829e+000	1.096624e-038	
1.972555e-039	5.888829e+000	1.161604e-038	
2.089436e-039	5.888829e+000	1.230433e-038	
2.213242e-039	5.888829e+000	1.303340e-038	
2.344385e-039	5.888829e+000	1.380568e-038	
2.483298e-039	5.888829e+000	1.462372e-038	
2.630443e-039	5.888829e+000	1.549023e-038	
2.786307e-039	5.888829e+000	1.640808e-038	
2.951406e-039	5.888829e+000	1.738033e-038	
3.126287e-039	5.888829e+000	1.841017e-038	
3.311532e-039	5.888829e+000	1.950104e-038	
3.507753e-039	5.888829e+000	2.065656e-038	
3.715600e-039	5.888829e+000	2.188053e-038	
3.935763e-039	5.888829e+000	2.317703e-038	
4.168972e-039	5.888829e+000	2.455036e-038	
4.415999e-039	5.888829e+000	2.600506e-038	
4.677663e-039	5.888829e+000	2.754596e-038	
4.954832e-039	5.888829e+000	2.917815e-038	
5.248425e-039	5.888829e+000	3.090707e-038	
5.559413e-039	5.888829e+000	3.273843e-038	
5.888829e-039	5.888829e+000	3.467831e-038	
6.237764e-039	5.888829e+000	3.673312e-038	
6.607374e-039	5.888829e+000	3.890970e-038	
6.998886e-039	5.888829e+000	4.121524e-038	
7.413596e-039	5.888829e+000	4.365740e-038	
7.852879e-039	5.888829e+000	4.624426e-038	
8.318192e-039	5.888829e+000	4.898441e-038	
8.811076e-039	5.888829e+000	5.188692e-038	
9.333165e-039	5.888829e+000	5.496141e-038	
9.886190e-039	5.888829e+000	5.821808e-038	
1.047198e-038	5.888829e+000	6.166772e-038	
1.109249e-038	5.888829e+000	6.532175e-038	
1.174976e-038	5.888829e+000	6.919232e-038	
1.244598e-038	5.888829e+000	7.329222e-038	
1.318345e-038	5.888829e+000	7.763505e-038	
1.396461e-038	5.888829e+000	8.223522e-038	
1.479207e-038	5.888829e+000	8.710796e-038	
1.566855e-038	5.888829e+000	9.226943e-038	
1.659697e-038	5.888829e+000	9.773674e-038	
1.758041e-038	5.888829e+000	1.035280e-037	
1.862211e-038	5.888829e+000	1.096624e-037	
1.972554e-038	5.888829e+000	1.161603e-037	
2.089435e-038	5.888829e+000	1.230433e-037	
2.213242e-038	5.888829e+000	1.303340e-037	
2.344385e-038	5.888829e+000	1.380568e-037	
2.483298e-038	5.888829e+000	1.462372e-037	
2.630443e-038	5.888829e+000	1.549023e-037	
2.786307e-038	5.888829e+000	1.640808e-037	
2.951406e-038	5.888829e+000	1.738032e-037	
3.126288e-038	5.888829e+000	1.841017e-037	
3.311532e-038	5.888829e+000	1.950104e-037	
3.507752e-038	5.888829e+000	2.065655e-037	
3.715600e-038	5.888829e+000	2.188053e-037	
3.935763e-038	5.888829e+000	2.317703e-037	
4.168972e-038	5.888829e+000	2.455036e-037	
4.415999e-038	5.888829e+000	2.600506e-037	
4.677663e-038	5.888829e+000	2.754596e-037	
4.954832e-038	5.888829e+000	2.917816e-037	
5.248424e-038	5.888829e+000	3.090707e-037	
5.559413e-038	5.888829e+000	3.273843e-037	
5.888829e-038	5.888829e+000	3.467831e-037	
6.237764e-038	5.888829e+000	3.673312e-037	
6.607374e-038	5.888829e+000	3.890970e-037	
6.998886e-038	5.888829e+000	4.121524e-037	
7.413596e-038	5.888829e+000	4.365740e-037	
7.852879e-038	5.888829e+000	4.624426e-037	
8.318192e-038	5.888829e+000	4.898441e-037	
8.811076e-038	5.888829e+000	5.188691e-037	
9.333165e-038	5.888829e+000	5.496141e-037	
9.886190e-038	5.888829e+000	5.821808e-037	
1.047198e-037	5.888829e+000	6.166771e-037	
1.109249e-037	5.888829e+000	6.532176e-037	
1.174976e-037	5.888829e+000	6.919232e-037	
1.244598e-037	5.888829e+000	7.329222e-037	
1.318345e-037	5.888829e+000	7.763506e-037	
1.396461e-037	5.888829e+000	8.223522e-037	
1.479207e-037	5.888829e+000	8.710796e-037	
1.566855e-037	5.888829e+000	9.226944e-037	
1.659697e-037	5.888829e+000	9.773674e-037	
1.758041e-037	5.888829e+000	1.035280e-036	
1.862211e-037	5.888829e+000	1.096624e-036	
1.972554e-037	5.888829e+000	1.161603e-036	
2.089435e-037	5.888829e+000	1.230433e-036	
2.213242e-037	5.888829e+000	1.303340e-036	
2.344385e-037	5.888829e+000	1.380568e-036	
2.483299e-037	5.888829e+000	1.462372e-036	
2.630443e-037	5.888829e+000	1.549023e-036	
2.786307e-037	5.888829e+000	1.640808e-036	
2.951406e-037	5.888829e+000	1.738032e-036	
3.126288e-037	5.888829e+000	1.841017e-036	
3.311532e-037	5.888829e+000	1.950104e-036	
3.507753e-037	5.888829e+000	2.065655e-036	
3.715600e-037	5.888829e+000	2.188053e-036	
3.935763e-037	5.888829e+000	2.317703e-036	
4.168971e-037	5.888829e+000	2.455036e-036	
4.415999e-037	5.888829e+000	2.600506e-036	
4.677663e-037	5.888829e+000	2.754596e-036	
4.954832e-037	5.888829e+000	2.917816e-036	
5.248424e-037	5.888829e+000	3.090707e-036	
5.559413e-037	5.888829e+000	3.273843e-036	
5.888829e-037	5.888829e+000	3.467830e-036	
6.237764e-037	5.888829e+000	3.673312e-036	
6.607375e-037	5.888829e+000	3.890970e-036	
6.998886e-037	5.888829e+000	4.121524e-036	
7.413596e-037	5.888829e+000	4.365740e-036	
7.852879e-037	5.888829e+000	4.624426e-036	
8.318192e-037	5.888829e+000	4.898441e-036	
8.811076e-037	5.888829e+000	5.188692e-036	
9.333165e-037	5.888829e+000	5.496141e-036	
9.886190e-037	5.888829e+000	5.821808e-036	
1.047198e-036	5.888829e+000	6.166771e-036	
1.109249e-036	5.888829e+000	6.532176e-036	
1.174976e-036	5.888829e+000	6.919231e-036	
1.244598e-036	5.888829e+000	7.329222e-036	
1.318345e-036	5.888829e+000	7.763505e-036	
1.396461e-036	5.888829e+000	8.223522e-036	
1.479207e-036	5.888829e+000	8.710797e-036	
1.566855e-036	5.888829e+000	9.226943e-036	
1.659698e-036	5.888829e+000	9.773675e-036	
1.758041e-036	5.888829e+000	1.035280e-035	
1.862211e-036	5.888829e+000	1.096624e-035	
1.972554e-036	5.888829e+000	1.161603e-035	
2.089435e-036	5.888829e+000	1.230433e-035	
2.213242e-036	5.888829e+000	1.303340e-035	
2.344385e-036	5.888829e+000	1.380568e-035	
2.483299e-036	5.888829e+000	1.462372e-035	
2.630443e-036	5.888829e+000	1.549023e-035	
2.786307e-036	5.888829e+000	1.640808e-035	
2.951406e-036	5.888829e+000	1.738032e-035	
3.126288e-036	5.888829e+000	1.841017e-035	
3.311532e-036	5.888829e+000	1.950104e-035	
3.507753e-036	5.888829e+000	2.065655e-035	
3.715600e-036	5.888829e+000	2.188053e-035	
3.935763e-036	5.888829e+000	2.317703e-035	
4.168972e-036	5.888829e+000	2.455036e-035	
4.415999e-036	5.888829e+000	2.600506e-035	
4.677663e-036	5.888829e+000	2.754596e-035	
4.954832e-036	5.888829e+000	2.917816e-035	
5.248424e-036	5.888829e+000	3.090707e-035	
5.559413e-036	5.888829e+000	3.273843e-035	
5.888829e-036	5.888829e+000	3.467830e-035	
6.237764e-036	5.888829e+000	3.673312e-035	
6.607375e-036	5.888829e+000	3.890970e-035	
6.998886e-036	5.888829e+000	4.121524e-035	
7.413596e-036	5.888829e+000	4.365740e-035	
7.852880e-036	5.888829e+000	4.624426e-035	
8.318192e-036	5.888829e+000	4.898441e-035	
8.811076e-036	5.888829e+000	5.188692e-035	
9.333165e-036	5.888829e+000	5.496141e-035	
9.886189e-036	5.888829e+000	5.821808e-035	
1.047198e-035	5.888829e+000	6.166771e-035	
1.109249e-035	5.888829e+000	6.532176e-035	
1.174976e-035	5.888829e+000	6.919232e-035	
1.244598e-035	5.888829e+000	7.329222e-035	
1.318345e-035	5.888829e+000	7.763506e-035	
1.396461e-035	5.888829e+000	8.223522e-035	
1.479207e-035	5.888829e+000	8.710797e-035	
1.566855e-035	5.888829e+000	9.226944e-035	
1.659697e-035	5.888829e+000	9.773674e-035	
1.758041e-035	5.888829e+000	1.035280e-034	
1.862211e-035	5.888829e+000	1.096624e-034	
1.972554e-035	5.888829e+000	1.161603e-034	
2.089435e-035	5.888829e+000	1.230433e-034	
2.213242e-035	5.888829e+000	1.303340e-034	
2.344385e-035	5.888829e+000	1.380568e-034	
2.483299e-035	5.888829e+000	1.462372e-034	
2.630443e-035	5.888829e+000	1.549023e-034	
2.786307e-035	5.888829e+000	1.640808e-034	
2.951406e-035	5.888829e+000	1.738032e-034	
3.126288e-035	5.888829e+000	1.841017e-034	
3.311532e-035	5.888829e+000	1.950104e-034	
3.507752e-035	5.888829e+000	2.065655e-034	
3.715600e-035	5.888829e+000	2.188053e-034	
3.935763e-035	5.888829e+000	2.317703e-034	
4.168972e-035	5.888829e+000	2.455036e-034	
4.415999e-035	5.888829e+000	2.600506e-034	
4.677663e-035	5.888829e+000	2.754596e-034	
4.954832e-035	5.888829e+000	2.917816e-034	
5.248424e-035	5.888829e+000	3.090707e-034	
5.559413e-035	5.888829e+000	3.273843e-034	
5.888829e-035	5.888829e+000	3.467831e-034	
6.237764e-035	5.888829e+000	3.673313e-034	
6.607375e-035	5.888829e+000	3.890970e-034	
6.998886e-035	5.888829e+000	4.121524e-034	
7.413596e-035	5.888829e+000	4.365740e-034	
7.852880e-035	5.888829e+000	4.624426e-034	
8.318192e-035	5.888829e+000	4.898441e-034	
8.811076e-035	5.888829e+000	5.188692e-034	
9.333165e-035	5.888829e+000	5.496141e-034	
9.886190e-035	5.888829e+000	5.821808e-034	
1.047198e-034	5.888829e+000	6.166772e-034	
1.109249e-034	5.888829e+000	6.532176e-034	
1.174976e-034	5.888829e+000	6.919231e-034	
1.244598e-034	5.888829e+000	7.329222e-034	
1.318345e-034	5.888829e+000	7.763505e-034	
1.396461e-034	5.888829e+000	8.223522e-034	
1.479207e-034	5.888829e+000	8.710797e-034	
1.566855e-034	5.888829e+000	9.226943e-034	
1.659697e-034	5.888829e+000	9.773674e-034	
1.758041e-034	5.888829e+000	1.035280e-033	
1.862211e-034	5.888829e+000	1.096624e-033	
1.972554e-034	5.888829e+000	1.161603e-033	
2.089435e-034	5.888829e+000	1.230433e-033	
2.213242e-034	5.888829e+000	1.303340e-033	
2.344385e-034	5.888829e+000	1.380568e-033	
2.483299e-034	5.888829e+000	1.462372e-033	
2.630443e-034	5.888829e+000	1.549023e-033	
2.786307e-034	5.888829e+000	1.640808e-033	
2.951406e-034	5.888829e+000	1.738032e-033	
3.126288e-034	5.888829e+000	1.841017e-033	
3.311532e-034	5.888829e+000	1.950104e-033	
3.507753e-034	5.888829e+000	2.065655e-033	
3.715600e-034	5.888829e+000	2.188053e-033	
3.935763e-034	5.888829e+000	2.317703e-033	
4.168972e-034	5.888829e+000	2.455036e-033	
4.415999e-034	5.888829e+000	2.600506e-033	
4.677663e-034	5.888829e+000	2.754596e-033	
4.954832e-034	5.888829e+000	2.917816e-033	
5.248424e-034	5.888829e+000	3.090707e-033	
5.559413e-034	5.888829e+000	3.273843e-033	
5.888829e-034	5.888829e+000	3.467831e-033	
6.237764e-034	5.888829e+000	3.673312e-033	
6.607375e-034	5.888829e+000	3.890970e-033	
6.998886e-034	5.888829e+000	4.121524e-033	
7.413596e-034	5.888829e+000	4.365740e-033	
7.852880e-034	5.888829e+000	4.624427e-033	
8.318192e-034	5.888829e+000	4.898441e-033	
8.811076e-034	5.888829e+000	5.188692e-033	
9.333165e-034	5.888829e+000	5.496141e-033	
9.886189e-034	5.888829e+000	5.821808e-033	
1.047198e-033	5.888829e+000	6.166772e-033	
1.109249e-033	5.888829e+000	6.532176e-033	
1.174976e-033	5.888829e+000	6.919232e-033	
1.244598e-033	5.888829e+000	7.329222e-033	
1.318345e-033	5.888829e+000	7.763505e-033	
1.396461e-033	5.888829e+000	8.223522e-033	
1.479207e-033	5.888829e+000	8.710796e-033	
1.566856e-033	5.888829e+000	9.226944e-033	
1.659698e-033	5.888829e+000	9.773675e-033	
1.758041e-033	5.888829e+000	1.035280e-032	
1.862211e-033	5.888829e+000	1.096624e-032	
1.972554e-033	5.888829e+000	1.161603e-032	
2.089435e-033	5.888829e+000	1.230433e-032	
2.213242e-033	5.888829e+000	1.303340e-032	
2.344385e-033	5.888829e+000	1.380568e-032	
2.483298e-033	5.888829e+000	1.462372e-032	
2.630443e-033	5.888829e+000	1.549023e-032	
2.786307e-033	5.888829e+000	1.640808e-032	
2.951406e-033	5.888829e+000	1.738032e-032	
3.126288e-033	5.888829e+000	1.841017e-032	
3.311532e-033	5.888829e+000	1.950104e-032	
3.507752e-033	5.888829e+000	2.065655e-032	
3.715600e-033	5.888829e+000	2.188053e-032	
3.935763e-033	5.888829e+000	2.317703e-032	
4.168972e-033	5.888829e+000	2.455036e-032	
4.415999e-033	5.888829e+000	2.600506e-032	
4.677663e-033	5.888829e+000	2.754596e-032	
4.954832e-033	5.888829e+000	2.917816e-032	
5.248424e-033	5.888829e+000	3.090707e-032	
5.559413e-033	5.888829e+000	3.273843e-032	
5.888829e-033	5.888829e+000	3.467830e-032	
6.237764e-033	5.888829e+000	3.673312e-032	
6.607374e-033	5.888829e+000	3.890970e-032	
6.998886e-033	5.888829e+000	4.121524e-032	
7.413596e-033	5.888829e+000	4.365740e-032	
7.852880e-033	5.888829e+000	4.624426e-032	
8.318192e-033	5.888829e+000	4.898441e-032	
8.811076e-033	5.888829e+000	5.188692e-032	
9.333165e-033	5.888829e+000	5.496141e-032	
9.886190e-033	5.888829e+000	5.821808e-032	
1.047198e-032	5.888829e+000	6.166772e-032	
1.109249e-032	5.888829e+000	6.532176e-032	
1.174976e-032	5.888829e+000	6.919231e-032	
1.244598e-032	5.888829e+000	7.329222e-032	
1.318345e-032	5.888829e+000	7.763505e-032	
1.396461e-032	5.888829e+000	8.223522e-032	
1.479207e-032	5.888829e+000	8.710797e-032	
1.566856e-032	5.888829e+000	9.226944e-032	
1.659698e-032	5.888829e+000	9.773674e-032	
1.758041e-032	5.888829e+000	1.035280e-031	
1.862211e-032	5.888829e+000	1.096624e-031	
1.972554e-032	5.888829e+000	1.161603e-031	
2.089435e-032	5.888829e+000	1.230433e-031	
2.213242e-032	5.888829e+000	1.303340e-031	
2.344385e-032	5.888829e+000	1.380568e-031	
2.483299e-032	5.888829e+000	1.462372e-031	
2.630443e-032	5.888829e+000	1.549023e-031	
2.786307e-032	5.888829e+000	1.640808e-031	
2.951406e-032	5.888829e+000	1.738032e-031	
3.126288e-032	5.888829e+000	1.841017e-031	
3.311532e-032	5.888829e+000	1.950104e-031	
3.507752e-032	5.888829e+000	2.065655e-031	
3.715600e-032	5.888829e+000	2.188053e-031	
3.935763e-032	5.888829e+000	2.317703e-031	
4.168972e-032	5.888829e+000	2.455036e-031	
4.415999e-032	5.888829e+000	2.600506e-031	
4.677663e-032	5.888829e+000	2.754596e-031	
4.954832e-032	5.888829e+000	2.917816e-031	
5.248424e-032	5.888829e+000	3.090707e-031	
5.559413e-032	5.888829e+000	3.273843e-031	
5.888829e-032	5.888829e+000	3.467830e-031	
6.237764e-032	5.888829e+000	3.673312e-031	
6.607375e-032	5.888829e+000	3.890970e-031	
6.998886e-032	5.888829e+000	4.121524e-031	
7.413597e-032	5.888829e+000	4.365740e-031	
7.852879e-032	5.888829e+000	4.624426e-031	
8.318192e-032	5.888829e+000	4.898441e-031	
8.811076e-032	5.888829e+000	5.188692e-031	
9.333165e-032	5.888829e+000	5.496141e-031	
9.886190e-032	5.888829e+000	5.821808e-031	
1.047198e-031	5.888829e+000	6.166772e-031	
1.109249e-031	5.888829e+000	6.532175e-031	
1.174976e-031	5.888829e+000	6.919232e-031	
1.244598e-031	5.888829e+000	7.329222e-031	
1.318345e-031	5.888829e+000	7.763505e-031	
1.396461e-031	5.888829e+000	8.223522e-031	
1.479207e-031	5.888829e+000	8.710796e-031	
1.566855e-031	5.888829e+000	9.226943e-031	
1.659698e-031	5.888829e+000	9.773674e-031	
1.758041e-031	5.888829e+000	1.035280e-030	
1.862211e-031	5.888829e+000	1.096624e-030	
1.972554e-031	5.888829e+000	1.161603e-030	
2.089435e-031	5.888829e+000	1.230433e-030	
2.213242e-031	5.888829e+000	1.303340e-030	
2.344385e-031	5.888829e+000	1.380568e-030	
2.483299e-031	5.888829e+000	1.462372e-030	
2.630443e-031	5.888829e+000	1.549023e-030	
2.786307e-031	5.888829e+000	1.640808e-030	
2.951406e-031	5.888829e+000	1.738032e-030	
3.126288e-031	5.888829e+000	1.841017e-030	
3.311532e-031	5.888829e+000	1.950104e-030	
3.507752e-031	5.888829e+000	2.065655e-030	
3.715600e-031	5.888829e+000	2.188053e-030	
3.935763e-031	5.888829e+000	2.317703e-030	
4.168972e-031	5.888829e+000	2.455036e-030	
4.415999e-031	5.888829e+000	2.600506e-030	
4.677663e-031	5.888829e+000	2.754596e-030	
4.954832e-031	5.888829e+000	2.917816e-030	
5.248424e-031	5.888829e+000	3.090707e-030	
5.559413e-031	5.888829e+000	3.273843e-030	
5.888829e-031	5.888829e+000	3.467831e-030	
6.237764e-031	5.888829e+000	3.673312e-030	
6.607375e-031	5.888829e+000	3.890970e-030	
6.998886e-031	5.888829e+000	4.121524e-030	
7.413596e-031	5.888829e+000	4.365740e-030	
7.852880e-031	5.888829e+000	4.624426e-030	
8.318192e-031	5.888829e+000	4.898441e-030	
8.811076e-031	5.888829e+000	5.188692e-030	
9.333165e-031	5.888829e+000	5.496141e-030	
9.886190e-031	5.888829e+000	5.821808e-030	
1.047198e-030	5.888829e+000	6.166772e-030	
1.109249e-030	5.888829e+000	6.532176e-030	
1.174976e-030	5.888829e+000	6.919231e-030	
1.244598e-030	5.888829e+000	7.329222e-030	
1.318345e-030	5.888829e+000	7.763505e-030	
1.396461e-030	5.888829e+000	8.223522e-030	
1.479207e-030	5.888829e+000	8.710796e-030	
1.566855e-030	5.888829e+000	9.226943e-030	
1.659697e-030	5.888829e+000	9.773674e-030	
1.758041e-030	5.888829e+000	1.035280e-029	
1.862211e-030	5.888829e+000	1.096624e-029	
1.972554e-030	5.888829e+000	1.161603e-029	
2.089435e-030	5.888829e+000	1.230433e-029	
2.213242e-030	5.888829e+000	1.303340e-029	
2.344385e-030	5.888829e+000	1.380568e-029	
2.483299e-030	5.888829e+000	1.462372e-029	
2.630443e-030	5.888829e+000	1.549023e-029	
2.786307e-030	5.888829e+000	1.640808e-029	
2.951406e-030	5.888829e+000	1.738032e-029	
3.126288e-030	5.888829e+000	1.841017e-029	
3.311532e-030	5.888829e+000	1.950104e-029	
3.507752e-030	5.888829e+000	2.065655e-029	
3.715600e-030	5.888829e+000	2.188053e-029	
3.935763e-030	5.888829e+000	2.317703e-029	
4.168972e-030	5.888829e+000	2.455036e-029	
4.415999e-030	5.888829e+000	2.600506e-029	
4.677663e-030	5.888829e+000	2.754596e-029	
4.954832e-030	5.888829e+000	2.917816e-029	
5.248424e-030	5.888829e+000	3.090707e-029	
5.559413e-030	5.888829e+000	3.273843e-029	
5.888829e-030	5.888829e+000	3.467830e-029	
6.237764e-030	5.888829e+000	3.673312e-029	
6.607374e-030	5.888829e+000	3.890970e-029	
6.998887e-030	5.888829e+000	4.121524e-029	
7.413596e-030	5.888829e+000	4.365740e-029	
7.852879e-030	5.888829e+000	4.624426e-029	
8.318192e-030	5.888829e+000	4.898441e-029	
8.811076e-030	5.888829e+000	5.188692e-029	
9.333165e-030	5.888829e+000	5.496141e-029	
9.886190e-030	5.888829e+000	5.821808e-029	
1.047198e-029	5.888829e+000	6.166771e-029	
1.109249e-029	5.888829e+000	6.532176e-029	
1.174976e-029	5.888829e+000	6.919232e-029	
1.244598e-029	5.888829e+000	7.329222e-029	
1.318345e-029	5.888829e+000	7.763506e-029	
1.396461e-029	5.888829e+000	8.223522e-029	
1.479207e-029	5.888829e+000	8.710796e-029	
1.566856e-029	5.888829e+000	9.226944e-029	
1.659698e-029	5.888829e+000	9.773674e-029	
1.758041e-029	5.888829e+000	1.035280e-028	
1.862211e-029	5.888829e+000	1.096624e-028	
1.972554e-029	5.888829e+000	1.161603e-028	
2.089435e-029	5.888829e+000	1.230433e-028	
2.213242e-029	5.888829e+000	1.303340e-028	
2.344385e-029	5.888829e+000	1.380568e-028	
2.483299e-029	5.888829e+000	1.462372e-028	
2.630443e-029	5.888829e+000	1.549023e-028	
2.786307e-029	5.888829e+000	1.640808e-028	
2.951406e-029	5.888829e+000	1.738032e-028	
3.126288e-029	5.888829e+000	1.841017e-028	
3.311532e-029	5.888829e+000	1.950104e-028	
3.507752e-029	5.888829e+000	2.065655e-028	
3.715600e-029	5.888829e+000	2.188053e-028	
3.935763e-029	5.888829e+000	2.317703e-028	
4.168971e-029	5.888829e+000	2.455036e-028	
4.415999e-029	5.888829e+000	2.600506e-028	
4.677663e-029	5.888829e+000	2.754596e-028	
4.954832e-029	5.888829e+000	2.917816e-028	
5.248425e-029	5.888829e+000	3.090707e-028	
5.559413e-029	5.888829e+000	3.273843e-028	
5.888829e-029	5.888829e+000	3.467830e-028	
6.237764e-029	5.888829e+000	3.673312e-028	
6.607375e-029	5.888829e+000	3.890970e-028	
6.998886e-029	5.888829e+000	4.121524e-028	
7.413596e-029	5.888829e+000	4.365740e-028	
7.852879e-029	5.888829e+000	4.624426e-028	
8.318192e-029	5.888829e+000	4.898441e-028	
8.811076e-029	5.888829e+000	5.188692e-028	
9.333165e-029	5.888829e+000	5.496141e-028	
9.886190e-029	5.888829e+000	5.821808e-028	
1.047198e-028	5.888829e+000	6.166771e-028	
1.109249e-028	5.888829e+000	6.532176e-028	
1.174976e-028	5.888829e+000	6.919231e-028	
1.244598e-028	5.888829e+000	7.329222e-028	
1.318345e-028	5.888829e+000	7.763505e-028	
1.396461e-028	5.888829e+000	8.223522e-028	
1.479207e-028	5.888829e+000	8.710796e-028	
1.566855e-028	5.888829e+000	9.226944e-028	
1.659697e-028	5.888829e+000	9.773674e-028	
1.758041e-028	5.888829e+000	1.035280e-027	
1.862211e-028	5.888829e+000	1.096624e-027	
1.972554e-028	5.888829e+000	1.161603e-027	
2.089435e-028	5.888829e+000	1.230433e-027	
2.213242e-028	5.888829e+000	1.303340e-027	
2.344385e-028	5.888829e+000	1.380568e-027	
2.483299e-028	5.888829e+000	1.462372e-027	
2.630443e-028	5.888829e+000	1.549023e-027	
2.786307e-028	5.888829e+000	1.640808e-027	
2.951406e-028	5.888829e+000	1.738032e-027	
3.126288e-028	5.888829e+000	1.841017e-027	
3.311532e-028	5.888829e+000	1.950104e-027	
3.507753e-028	5.888829e+000	2.065655e-027	
3.715600e-028	5.888829e+000	2.188053e-027	
3.935763e-028	5.888829e+000	2.317703e-027	
4.168971e-028	5.888829e+000	2.455036e-027	
4.415998e-028	5.888829e+000	2.600506e-027	
4.677663e-028	5.888829e+000	2.754596e-027	
4.954832e-028	5.888829e+000	2.917816e-027	
5.248424e-028	5.888829e+000	3.090707e-027	
5.559413e-028	5.888829e+000	3.273843e-027	
5.888829e-028	5.888829e+000	3.467830e-027	
6.237764e-028	5.888829e+000	3.673312e-027	
6.607375e-028	5.888829e+000	3.890970e-027	
6.998886e-028	5.888829e+000	4.121524e-027	
7.413596e-028	5.888829e+000	4.365740e-027	
7.852880e-028	5.888829e+000	4.624426e-027	
8.318192e-028	5.888829e+000	4.898441e-027	
8.811076e-028	5.888829e+000	5.188692e-027	
9.333164e-028	5.888829e+000	5.496141e-027	
9.886189e-028	5.888829e+000	5.821808e-027	
1.047198e-027	5.888829e+000	6.166772e-027	
1.109249e-027	5.888829e+000	6.532176e-027	
1.174976e-027	5.888829e+000	6.919232e-027	
1.244598e-027	5.888829e+000	7.329222e-027	
1.318345e-027	5.888829e+000	7.763506e-027	
1.396461e-027	5.888829e+000	8.223522e-027	
1.479207e-027	5.888829e+000	8.710796e-027	
1.566855e-027	5.888829e+000	9.226943e-027	
1.659697e-027	5.888829e+000	9.773674e-027	
1.758041e-027	5.888829e+000	1.035280e-026	
1.862211e-027	5.888829e+000	1.096624e-026	
1.972554e-027	5.888829e+000	1.161603e-026	
2.089435e-027	5.888829e+000	1.230433e-026	
2.213242e-027	5.888829e+000	1.303340e-026	
2.344385e-027	5.888829e+000	1.380568e-026	
2.483298e-027	5.888829e+000	1.462372e-026	
2.630443e-027	5.888829e+000	1.549023e-026	
2.786307e-027	5.888829e+000	1.640808e-026	
2.951406e-027	5.888829e+000	1.738032e-026	
3.126288e-027	5.888829e+000	1.841017e-026	
3.311532e-027	5.888829e+000	1.950104e-026	
3.507752e-027	5.888829e+000	2.065655e-026	
3.715600e-027	5.888829e+000	2.188053e-026	
3.935763e-027	5.888829e+000	2.317703e-026	
4.168972e-027	5.888829e+000	2.455036e-026	
4.415999e-027	5.888829e+000	2.600506e-026	
4.677663e-027	5.888829e+000	2.754596e-026	
4.954832e-027	5.888829e+000	2.917816e-026	
5.248424e-027	5.888829e+000	3.090707e-026	
5.559413e-027	5.888829e+000	3.273843e-026	
5.888829e-027	5.888829e+000	3.467831e-026	
6.237764e-027	5.888829e+000	3.673312e-026	
6.607375e-027	5.888829e+000	3.890970e-026	
6.998886e-027	5.888829e+000	4.121524e-026	
7.413596e-027	5.888829e+000	4.365740e-026	
7.852879e-027	5.888829e+000	4.624426e-026	
8.318192e-027	5.888829e+000	4.898441e-026	
8.811076e-027	5.888829e+000	5.188692e-026	
9.333165e-027	5.888829e+000	5.496141e-026	
9.886190e-027	5.888829e+000	5.821808e-026	
1.047198e-026	5.888829e+000	6.166771e-026	
1.109249e-026	5.888829e+000	6.532176e-026	
1.174976e-026	5.888829e+000	6.919231e-026	
1.244598e-026	5.888829e+000	7.329222e-026	
1.318344e-026	5.888829e+000	7.763505e-026	
1.396461e-026	5.888829e+000	8.223522e-026	
1.479207e-026	5.888829e+000	8.710796e-026	
1.566855e-026	5.888829e+000	9.226943e-026	
1.659698e-026	5.888829e+000	9.773675e-026	
1.758041e-026	5.888829e+000	1.035280e-025	
1.862211e-026	5.888829e+000	1.096624e-025	
1.972554e-026	5.888829e+000	1.161603e-025	
2.089435e-026	5.888829e+000	1.230433e-025	
2.213242e-026	5.888829e+000	1.303340e-025	
2.344385e-026	5.888829e+000	1.380568e-025	
2.483299e-026	5.888829e+000	1.462372e-025	
2.630443e-026	5.888829e+000	1.549023e-025	
2.786307e-026	5.888829e+000	1.640808e-025	
2.951406e-026	5.888829e+000	1.738032e-025	
3.126288e-026	5.888829e+000	1.841017e-025	
3.311532e-026	5.888829e+000	1.950104e-025	
3.507752e-026	5.888829e+000	2.065655e-025	
3.715600e-026	5.888829e+000	2.188053e-025	
3.935763e-026	5.888829e+000	2.317703e-025	
4.168971e-026	5.888829e+000	2.455036e-025	
4.415999e-026	5.888829e+000	2.600506e-025	
4.677663e-026	5.888829e+000	2.754596e-025	
4.954832e-026	5.888829e+000	2.917816e-025	
5.248424e-026	5.888829e+000	3.090707e-025	
5.559413e-026	5.888829e+000	3.273843e-025	
5.888829e-026	5.888829e+000	3.467830e-025	
6.237764e-026	5.888829e+000	3.673312e-025	
6.607374e-026	5.888829e+000	3.890970e-025	
6.998886e-026	5.888829e+000	4.121524e-025	
7.413596e-026	5.888829e+000	4.365740e-025	
7.852880e-026	5.888829e+000	4.624426e-025	
8.318192e-026	5.888829e+000	4.898441e-025	
8.811076e-026	5.888829e+000	5.188692e-025	
9.333165e-026	5.888829e+000	5.496141e-025	
9.886190e-026	5.888829e+000	5.821808e-025	
1.047198e-025	5.888829e+000	6.166772e-025	
1.109249e-025	5.888829e+000	6.532176e-025	
1.174976e-025	5.888829e+000	6.919231e-025	
1.244598e-025	5.888829e+000	7.329222e-025	
1.318345e-025	5.888829e+000	7.763506e-025	
1.396461e-025	5.888829e+000	8.223522e-025	
1.479207e-025	5.888829e+000	8.710796e-025	
1.566855e-025	5.888829e+000	9.226944e-025	
1.659698e-025	5.888829e+000	9.773675e-025	
1.758041e-025	5.888829e+000	1.035280e-024	
1.862211e-025	5.888829e+000	1.096624e-024	
1.972554e-025	5.888829e+000	1.161603e-024	
2.089435e-025	5.888829e+000	1.230433e-024	
2.213242e-025	5.888829e+000	1.303340e-024	
2.344385e-025	5.888829e+000	1.380568e-024	
2.483299e-025	5.888829e+000	1.462372e-024	
2.630443e-025	5.888829e+000	1.549023e-024	
2.786307e-025	5.888829e+000	1.640808e-024	
2.951406e-025	5.888829e+000	1.738032e-024	
3.126288e-025	5.888829e+000	1.841017e-024	
3.311532e-025	5.888829e+000	1.950104e-024	
3.507752e-025	5.888829e+000	2.065655e-024	
3.715600e-025	5.888829e+000	2.188053e-024	
3.935763e-025	5.888829e+000	2.317703e-024	
4.168972e-025	5.888829e+000	2.455036e-024	
4.415998e-025	5.888829e+000	2.600506e-024	
4.677663e-025	5.888829e+000	2.754596e-024	
4.954832e-025	5.888829e+000	2.917816e-024	
5.248424e-025	5.888829e+000	3.090707e-024	
5.559413e-025	5.888829e+000	3.273843e-024	
5.888829e-025	5.888829e+000	3.467831e-024	
6.237764e-025	5.888829e+000	3.673312e-024	
6.607375e-025	5.888829e+000	3.890970e-024	
6.998886e-025	5.888829e+000	4.121524e-024	
7.413596e-025	5.888829e+000	4.365740e-024	
7.852880e-025	5.888829e+000	4.624426e-024	
8.318192e-025	5.888829e+000	4.898441e-024	
8.811075e-025	5.888829e+000	5.188691e-024	
9.333165e-025	5.888829e+000	5.496141e-024	
9.886189e-025	5.888829e+000	5.821808e-024	
1.047198e-024	5.888829e+000	6.166772e-024	
1.109249e-024	5.888829e+000	6.532175e-024	
1.174976e-024	5.888829e+000	6.919232e-024	
1.244597e-024	5.888829e+000	7.329221e-024	
1.318345e-024	5.888829e+000	7.763505e-024	
1.396461e-024	5.888829e+000	8.223522e-024	
1.479207e-024	5.888829e+000	8.710797e-024	
1.566855e-024	5.888829e+000	9.226943e-024	
1.659697e-024	5.888829e+000	9.773674e-024	
1.758041e-024	5.888829e+000	1.035280e-023	
1.862211e-024	5.888829e+000	1.096624e-023	
1.972554e-024	5.888829e+000	1.161603e-023	
2.089435e-024	5.888829e+000	1.230433e-023	
2.213242e-024	5.888829e+000	1.303340e-023	
2.344385e-024	5.888829e+000	1.380568e-023	
2.483299e-024	5.888829e+000	1.462372e-023	
2.630443e-024	5.888829e+000	1.549023e-023	
2.786307e-024	5.888829e+000	1.640808e-023	
2.951406e-024	5.888829e+000	1.738032e-023	
3.126288e-024	5.888829e+000	1.841017e-023	
3.311532e-024	5.888829e+000	1.950104e-023	
3.507752e-024	5.888829e+000	2.065655e-023	
3.715600e-024	5.888829e+000	2.188053e-023	
3.935763e-024	5.888829e+000	2.317704e-023	
4.168972e-024	5.888829e+000	2.455036e-023	
4.415999e-024	5.888829e+000	2.600506e-023	
4.677663e-024	5.888829e+000	2.754596e-023	
4.954832e-024	5.888829e+000	2.917816e-023	
5.248424e-024	5.888829e+000	3.090707e-023	
5.559413e-024	5.888829e+000	3.273843e-023	
5.888829e-024	5.888829e+000	3.467831e-023	
6.237764e-024	5.888829e+000	3.673312e-023	
6.607375e-024	5.888829e+000	3.890970e-023	
6.998886e-024	5.888829e+000	4.121524e-023	
7.413596e-024	5.888829e+000	4.365740e-023	
7.852879e-024	5.888829e+000	4.624426e-023	
8.318192e-024	5.888829e+000	4.898441e-023	
8.811075e-024	5.888829e+000	5.188691e-023	
9.333165e-024	5.888829e+000	5.496141e-023	
9.886189e-024	5.888829e+000	5.821808e-023	
1.047198e-023	5.888829e+000	6.166772e-023	
1.109249e-023	5.888829e+000	6.532176e-023	
1.174976e-023	5.888829e+000	6.919231e-023	
1.244598e-023	5.888829e+000	7.329222e-023	
1.318345e-023	5.888829e+000	7.763505e-023	
1.396461e-023	5.888829e+000	8.223522e-023	
1.479207e-023	5.888829e+000	8.710797e-023	
1.566855e-023	5.888829e+000	9.226943e-023	
1.659698e-023	5.888829e+000	9.773675e-023	
1.758041e-023	5.888829e+000	1.035280e-022	
1.862211e-023	5.888829e+000	1.096624e-022	
1.972554e-023	5.888829e+000	1.161603e-022	
2.089435e-023	5.888829e+000	1.230433e-022	
2.213242e-023	5.888829e+000	1.303340e-022	
2.344385e-023	5.888829e+000	1.380568e-022	
2.483299e-023	5.888829e+000	1.462372e-022	
2.630443e-023	5.888829e+000	1.549023e-022	
2.786307e-023	5.888829e+000	1.640808e-022	
2.951406e-023	5.888829e+000	1.738032e-022	
3.126288e-023	5.888829e+000	1.841017e-022	
3.311532e-023	5.888829e+000	1.950104e-022	
3.507752e-023	5.888829e+000	2.065655e-022	
3.715600e-023	5.888829e+000	2.188053e-022	
3.935763e-023	5.888829e+000	2.317703e-022	
4.168971e-023	5.888829e+000	2.455036e-022	
4.415999e-023	5.888829e+000	2.600506e-022	
4.677663e-023	5.888829e+000	2.754596e-022	
4.954832e-023	5.888829e+000	2.917816e-022	
5.248424e-023	5.888829e+000	3.090707e-022	
5.559413e-023	5.888829e+000	3.273843e-022	
5.888829e-023	5.888829e+000	3.467831e-022	
6.237764e-023	5.888829e+000	3.673313e-022	
6.607375e-023	5.888829e+000	3.890970e-022	
6.998886e-023	5.888829e+000	4.121524e-022	
7.413596e-023	5.888829e+000	4.365740e-022	
7.852879e-023	5.888829e+000	4.624426e-022	
8.318192e-023	5.888829e+000	4.898441e-022	
8.811076e-023	5.888829e+000	5.188692e-022	
9.333165e-023	5.888829e+000	5.496141e-022	
9.886190e-023	5.888829e+000	5.821808e-022	
1.047198e-022	5.888829e+000	6.166772e-022	
1.109249e-022	5.888829e+000	6.532176e-022	
1.174976e-022	5.888829e+000	6.919232e-022	
1.244598e-022	5.888829e+000	7.329222e-022	
1.318345e-022	5.888829e+000	7.763506e-022	
1.396461e-022	5.888829e+000	8.223522e-022	
1.479207e-022	5.888829e+000	8.710797e-022	
1.566855e-022	5.888829e+000	9.226944e-022	
1.659697e-022	5.888829e+000	9.773674e-022	
1.758041e-022	5.888829e+000	1.035280e-021	
1.862211e-022	5.888829e+000	1.096624e-021	
1.972554e-022	5.888829e+000	1.161603e-021	
2.089435e-022	5.888829e+000	1.230433e-021	
2.213242e-022	5.888829e+000	1.303340e-021	
2.344385e-022	5.888829e+000	1.380568e-021	
2.483299e-022	5.888829e+000	1.462372e-021	
2.630443e-022	5.888829e+000	1.549023e-021	
2.786307e-022	5.888829e+000	1.640808e-021	
2.951406e-022	5.888829e+000	1.738032e-021	
3.126288e-022	5.888829e+000	1.841017e-021	
3.311532e-022	5.888829e+000	1.950104e-021	
3.507752e-022	5.888829e+000	2.065655e-021	
3.715600e-022	5.888829e+000	2.188053e-021	
3.935763e-022	5.888829e+000	2.317703e-021	
4.168972e-022	5.888829e+000	2.455036e-021	
4.415999e-022	5.888829e+000	2.600506e-021	
4.677663e-022	5.888829e+000	2.754596e-021	
4.954832e-022	5.888829e+000	2.917816e-021	
5.248424e-022	5.888829e+000	3.090707e-021	
5.559413e-022	5.888829e+000	3.273843e-021	
5.888829e-022	5.888829e+000	3.467830e-021	
6.237764e-022	5.888829e+000	3.673312e-021	
6.607375e-022	5.888829e+000	3.890970e-021	
6.998886e-022	5.888829e+000	4.121524e-021	
7.413596e-022	5.888829e+000	4.365740e-021	
7.852879e-022	5.888829e+000	4.624426e-021	
8.318192e-022	5.888829e+000	4.898441e-021	
8.811076e-022	5.888829e+000	5.188692e-021	
9.333165e-022	5.888829e+000	5.496141e-021	
9.886190e-022	5.888829e+000	5.821808e-021	
1.047198e-021	5.888829e+000	6.166772e-021	
1.109249e-021	5.888829e+000	6.532176e-021	
1.174976e-021	5.888829e+000	6.919231e-021	
1.244598e-021	5.888829e+000	7.329222e-021	
1.318345e-021	5.888829e+000	7.763505e-021	
1.396461e-021	5.888829e+000	8.223522e-021	
1.479207e-021	5.888829e+000	8.710796e-021	
1.566855e-021	5.888829e+000	9.226944e-021	
1.659698e-021	5.888829e+000	9.773674e-021	
1.758041e-021	5.888829e+000	1.035280e-020	
1.862211e-021	5.888829e+000	1.096624e-020	
1.972554e-021	5.888829e+000	1.161603e-020	
2.089435e-021	5.888829e+000	1.230433e-020	
2.213242e-021	5.888829e+000	1.303340e-020	
2.344385e-021	5.888829e+000	1.380568e-020	
2.483299e-021	5.888829e+000	1.462372e-020	
2.630443e-021	5.888829e+000	1.549023e-020	
2.786307e-021	5.888829e+000	1.640808e-020	
2.951406e-021	5.888829e+000	1.738032e-020	
3.126288e-021	5.888829e+000	1.841017e-020	
3.311532e-021	5.888829e+000	1.950104e-020	
3.507752e-021	5.888829e+000	2.065655e-020	
3.715600e-021	5.888829e+000	2.188053e-020	
3.935763e-021	5.888829e+000	2.317703e-020	
4.168972e-021	5.888829e+000	2.455036e-020	
4.415999e-021	5.888829e+000	2.600506e-020	
4.677663e-021	5.888829e+000	2.754596e-020	
4.954832e-021	5.888829e+000	2.917816e-020	
5.248424e-021	5.888829e+000	3.090707e-020	
5.559413e-021	5.888829e+000	3.273843e-020	
5.888829e-021	5.888829e+000	3.467830e-020	
6.237764e-021	5.888829e+000	3.673312e-020	
6.607375e-021	5.888829e+000	3.890970e-020	
6.998887e-021	5.888829e+000	4.121524e-020	
7.413597e-021	5.888829e+000	4.365740e-020	
7.852880e-021	5.888829e+000	4.624426e-020	
8.318192e-021	5.888829e+000	4.898441e-020	
8.811075e-021	5.888829e+000	5.188691e-020	
9.333164e-021	5.888829e+000	5.496141e-020	
9.886190e-021	5.888829e+000	5.821808e-020	
1.047198e-020	5.888829e+000	6.166771e-020	
1.109249e-020	5.888829e+000	6.532176e-020	
1.174976e-020	5.888829e+000	6.919231e-020	
1.244598e-020	5.888829e+000	7.329222e-020	
1.318345e-020	5.888829e+000	7.763505e-020	
1.396461e-020	5.888829e+000	8.223522e-020	
1.479207e-020	5.888829e+000	8.710796e-020	
1.566856e-020	5.888829e+000	9.226944e-020	
1.659698e-020	5.888829e+000	9.773674e-020	
1.758041e-020	5.888829e+000	1.035280e-019	
1.862211e-020	5.888829e+000	1.096624e-019	
1.972554e-020	5.888829e+000	1.161603e-019	
2.089435e-020	5.888829e+000	1.230433e-019	
2.213242e-020	5.888829e+000	1.303340e-019	
2.344385e-020	5.888829e+000	1.380568e-019	
2.483299e-020	5.888829e+000	1.462372e-019	
2.630443e-020	5.888829e+000	1.549023e-019	
2.786307e-020	5.888829e+000	1.640808e-019	
2.951406e-020	5.888829e+000	1.738032e-019	
3.126288e-020	5.888829e+000	1.841017e-019	
3.311532e-020	5.888829e+000	1.950104e-019	
3.507752e-020	5.888829e+000	2.065655e-019	
3.715600e-020	5.888829e+000	2.188053e-019	
3.935763e-020	5.888829e+000	2.317703e-019	
4.168972e-020	5.888829e+000	2.455036e-019	
4.415999e-020	5.888829e+000	2.600506e-019	
4.677663e-020	5.888829e+000	2.754596e-019	
4.954832e-020	5.888829e+000	2.917816e-019	
5.248424e-020	5.888829e+000	3.090707e-019	
5.559413e-020	5.888829e+000	3.273843e-019	
5.888829e-020	5.888829e+000	3.467830e-019	
6.237764e-020	5.888829e+000	3.673312e-019	
6.607375e-020	5.888829e+000	3.890970e-019	
6.998886e-020	5.888829e+000	4.121524e-019	
7.413597e-020	5.888829e+000	4.365740e-019	
7.852880e-020	5.888829e+000	4.624426e-019	
8.318192e-020	5.888829e+000	4.898441e-019	
8.811076e-020	5.888829e+000	5.188691e-019	
9.333165e-020	5.888829e+000	5.496141e-019	
9.886189e-020	5.888829e+000	5.821808e-019	
1.047198e-019	5.888829e+000	6.166772e-019	
1.109249e-019	5.888829e+000	6.532176e-019	
1.174976e-019	5.888829e+000	6.919231e-019	
1.244598e-019	5.888829e+000	7.329222e-019	
1.318345e-019	5.888829e+000	7.763505e-019	
1.396461e-019	5.888829e+000	8.223522e-019	
1.479207e-019	5.888829e+000	8.710796e-019	
1.566855e-019	5.888829e+000	9.226944e-019	
1.659697e-019	5.888829e+000	9.773674e-019	
1.758041e-019	5.888829e+000	1.035280e-018	
1.862211e-019	5.888829e+000	1.096624e-018	
1.972554e-019	5.888829e+000	1.161603e-018	
2.089435e-019	5.888829e+000	1.230433e-018	
2.213242e-019	5.888829e+000	1.303340e-018	
2.344385e-019	5.888829e+000	1.380568e-018	
2.483299e-019	5.888829e+000	1.462372e-018	
2.630443e-019	5.888829e+000	1.549023e-018	
2.786307e-019	5.888829e+000	1.640808e-018	
2.951406e-019	5.888829e+000	1.738032e-018	
3.126288e-019	5.888829e+000	1.841017e-018	
3.311532e-019	5.888829e+000	1.950104e-018	
3.507752e-019	5.888829e+000	2.065655e-018	
3.715600e-019	5.888829e+000	2.188053e-018	
3.935763e-019	5.888829e+000	2.317703e-018	
4.168972e-019	5.888829e+000	2.455036e-018	
4.415999e-019	5.888829e+000	2.600506e-018	
4.677663e-019	5.888829e+000	2.754596e-018	
4.954832e-019	5.888829e+000	2.917816e-018	
5.248424e-019	5.888829e+000	3.090707e-018	
5.559413e-019	5.888829e+000	3.273843e-018	
5.888829e-019	5.888829e+000	3.467831e-018	
6.237764e-019	5.888829e+000	3.673312e-018	
6.607374e-019	5.888829e+000	3.890970e-018	
6.998886e-019	5.888829e+000	4.121524e-018	
7.413596e-019	5.888829e+000	4.365740e-018	
7.852879e-019	5.888829e+000	4.624426e-018	
8.318192e-019	5.888829e+000	4.898441e-018	
8.811076e-019	5.888829e+000	5.188692e-018	
9.333165e-019	5.888829e+000	5.496141e-018	
9.886190e-019	5.888829e+000	5.821808e-018	
1.047198e-018	5.888829e+000	6.166772e-018	
1.109249e-018	5.888829e+000	6.532176e-018	
1.174976e-018	5.888829e+000	6.919231e-018	
1.244598e-018	5.888829e+000	7.329222e-018	
1.318345e-018	5.888829e+000	7.763505e-018	
1.396461e-018	5.888829e+000	8.223522e-018	
1.479207e-018	5.888829e+000	8.710797e-018	
1.566855e-018	5.888829e+000	9.226943e-018	
1.659697e-018	5.888829e+000	9.773674e-018	
1.758041e-018	5.888829e+000	1.035280e-017	
1.862211e-018	5.888829e+000	1.096624e-017	
1.972554e-018	5.888829e+000	1.161603e-017	
2.089435e-018	5.888829e+000	1.230433e-017	
2.213242e-018	5.888829e+000	1.303340e-017	
2.344385e-018	5.888829e+000	1.380568e-017	
2.483299e-018	5.888829e+000	1.462372e-017	
2.630443e-018	5.888829e+000	1.549023e-017	
2.786307e-018	5.888829e+000	1.640808e-017	
2.951406e-018	5.888829e+000	1.738032e-017	
3.126288e-018	5.888829e+000	1.841017e-017	
3.311532e-018	5.888829e+000	1.950104e-017	
3.507752e-018	5.888829e+000	2.065655e-017	
3.715600e-018	5.888829e+000	2.188053e-017	
3.935763e-018	5.888829e+000	2.317703e-017	
4.168972e-018	5.888829e+000	2.455036e-017	
4.415999e-018	5.888829e+000	2.600506e-017	
4.677663e-018	5.888829e+000	2.754596e-017	
4.954832e-018	5.888829e+000	2.917816e-017	
5.248424e-018	5.888829e+000	3.090707e-017	
5.559413e-018	5.888829e+000	3.273843e-017	
5.888829e-018	5.888829e+000	3.467831e-017	
6.237764e-018	5.888829e+000	3.673312e-017	
6.607375e-018	5.888829e+000	3.890970e-017	
6.998886e-018	5.888829e+000	4.121524e-017	
7.413596e-018	5.888829e+000	4.365740e-017	
7.852880e-018	5.888829e+000	4.624426e-017	
8.318192e-018	5.888829e+000	4.898441e-017	
8.811076e-018	5.888829e+000	5.188692e-017	
9.333165e-018	5.888829e+000	5.496141e-017	
9.886190e-018	5.888829e+000	5.821808e-017	
1.047198e-017	5.888829e+000	6.166772e-017	
1.109249e-017	5.888829e+000	6.532176e-017	
1.174976e-017	5.888829e+000	6.919231e-017	
1.244598e-017	5.888829e+000	7.329222e-017	
1.318345e-017	5.888829e+000	7.763505e-017	
1.396461e-017	5.888829e+000	8.223522e-017	
1.479207e-017	5.888829e+000	8.710796e-017	
1.566855e-017	5.888829e+000	9.226943e-017	
1.659698e-017	5.888829e+000	9.773675e-017	
1.758041e-017	5.888829e+000	1.035280e-016	
1.862211e-017	5.888829e+000	1.096624e-016	
1.972554e-017	5.888829e+000	1.161603e-016	
2.089435e-017	5.888829e+000	1.230433e-016	
2.213242e-017	5.888829e+000	1.303340e-016	
2.344385e-017	5.888829e+000	1.380568e-016	
2.483299e-017	5.888829e+000	1.462372e-016	
2.630443e-017	5.888829e+000	1.549023e-016	
2.786307e-017	5.888829e+000	1.640808e-016	
2.951406e-017	5.888829e+000	1.738032e-016	
3.126288e-017	5.888829e+000	1.841017e-016	
3.311532e-017	5.888829e+000	1.950104e-016	
3.507752e-017	5.888829e+000	2.065655e-016	
3.715600e-017	5.888829e+000	2.188053e-016	
3.935763e-017	5.888829e+000	2.317703e-016	
4.168971e-017	5.888829e+000	2.455036e-016	
4.415999e-017	5.888829e+000	2.600506e-016	
4.677663e-017	5.888829e+000	2.754596e-016	
4.954832e-017	5.888829e+000	2.917816e-016	
5.248424e-017	5.888829e+000	3.090707e-016	
5.559413e-017	5.888829e+000	3.273843e-016	
5.888829e-017	5.888829e+000	3.467831e-016	
6.237764e-017	5.888829e+000	3.673312e-016	
6.607374e-017	5.888829e+000	3.890970e-016	
6.998886e-017	5.888829e+000	4.121524e-016	
7.413596e-017	5.888829e+000	4.365740e-016	
7.852880e-017	5.888829e+000	4.624426e-016	
8.318192e-017	5.888829e+000	4.898441e-016	
8.811076e-017	5.888829e+000	5.188692e-016	
9.333165e-017	5.888829e+000	5.496141e-016	
9.886189e-017	5.888829e+000	5.821808e-016	
1.047198e-016	5.888829e+000	6.166772e-016	
1.109249e-016	5.888829e+000	6.532176e-016	
1.174976e-016	5.888829e+000	6.919231e-016	
1.244598e-016	5.888829e+000	7.329222e-016	
1.318345e-016	5.888829e+000	7.763505e-016	
1.396461e-016	5.888829e+000	8.223522e-016	
1.479207e-016	5.888829e+000	8.710797e-016	
1.566855e-016	5.888829e+000	9.226943e-016	
1.659698e-016	5.888829e+000	9.773675e-016	
1.758041e-016	5.888829e+000	1.035280e-015	
1.862211e-016	5.888829e+000	1.096624e-015	
1.972554e-016	5.888829e+000	1.161603e-015	
2.089435e-016	5.888829e+000	1.230433e-015	
2.213242e-016	5.888829e+000	1.303340e-015	
2.344385e-016	5.888829e+000	1.380568e-015	
2.483299e-016	5.888829e+000	1.462372e-015	
2.630443e-016	5.888829e+000	1.549023e-015	
2.786307e-016	5.888829e+000	1.640808e-015	
2.951406e-016	5.888829e+000	1.738032e-015	
3.126288e-016	5.888829e+000	1.841017e-015	
3.311532e-016	5.888829e+000	1.950104e-015	
3.507752e-016	5.888829e+000	2.065655e-015	
3.715600e-016	5.888829e+000	2.188053e-015	
3.935763e-016	5.888829e+000	2.317703e-015	
4.168971e-016	5.888829e+000	2.455036e-015	
4.415999e-016	5.888829e+000	2.600506e-015	
4.677663e-016	5.888829e+000	2.754596e-015	
4.954832e-016	5.888829e+000	2.917816e-015	
5.248424e-016	5.888829e+000	3.090707e-015	
5.559413e-016	5.888829e+000	3.273843e-015	
5.888829e-016	5.888829e+000	3.467830e-015	
6.237764e-016	5.888829e+000	3.673312e-015	
6.607375e-016	5.888829e+000	3.890970e-015	
6.998886e-016	5.888829e+000	4.121524e-015	
7.413597e-016	5.888829e+000	4.365740e-015	
7.852880e-016	5.888829e+000	4.624426e-015	
8.318192e-016	5.888829e+000	4.898441e-015	
8.811076e-016	5.888829e+000	5.188692e-015	
9.333165e-016	5.888829e+000	5.496141e-015	
9.886190e-016	5.888829e+000	5.821808e-015	
1.047198e-015	5.888829e+000	6.166771e-015	
1.109249e-015	5.888829e+000	6.532176e-015	
1.174976e-015	5.888829e+000	6.919231e-015	
1.244597e-015	5.888829e+000	7.329222e-015	
1.318345e-015	5.888829e+000	7.763505e-015	
1.396461e-015	5.888829e+000	8.223522e-015	
1.479207e-015	5.888829e+000	8.710797e-015	
1.566855e-015	5.888829e+000	9.226943e-015	
1.659698e-015	5.888829e+000	9.773675e-015	
1.758041e-015	5.888829e+000	1.035280e-014	
1.862211e-015	5.888829e+000	1.096624e-014	
1.972554e-015	5.888829e+000	1.161603e-014	
2.089435e-015	5.888829e+000	1.230433e-014	
2.213242e-015	5.888829e+000	1.303340e-014	
2.344385e-015	5.888829e+000	1.380568e-014	
2.483299e-015	5.888829e+000	1.462372e-014	
2.630443e-015	5.888829e+000	1.549023e-014	
2.786307e-015	5.888829e+000	1.640808e-014	
2.951406e-015	5.888829e+000	1.738032e-014	
3.126288e-015	5.888829e+000	1.841017e-014	
3.311532e-015	5.888829e+000	1.950104e-014	
3.507753e-015	5.888829e+000	2.065655e-014	
3.715600e-015	5.888829e+000	2.188053e-014	
3.935763e-015	5.888829e+000	2.317704e-014	
4.168972e-015	5.888829e+000	2.455036e-014	
4.415999e-015	5.888829e+000	2.600506e-014	
4.677663e-015	5.888829e+000	2.754596e-014	
4.954832e-015	5.888829e+000	2.917816e-014	
5.248424e-015	5.888829e+000	3.090707e-014	
5.559413e-015	5.888829e+000	3.273843e-014	
5.888829e-015	5.888829e+000	3.467830e-014	
6.237764e-015	5.888829e+000	3.673312e-014	
6.607375e-015	5.888829e+000	3.890970e-014	
6.998886e-015	5.888829e+000	4.121524e-014	
7.413597e-015	5.888829e+000	4.365740e-014	
7.852880e-015	5.888829e+000	4.624426e-014	
8.318192e-015	5.888829e+000	4.898441e-014	
8.811076e-015	5.888829e+000	5.188692e-014	
9.333165e-015	5.888829e+000	5.496141e-014	
9.886190e-015	5.888829e+000	5.821808e-014	
1.047198e-014	5.888829e+000	6.166772e-014	
1.109249e-014	5.888829e+000	6.532176e-014	
1.174976e-014	5.888829e+000	6.919231e-014	
1.244598e-014	5.888829e+000	7.329222e-014	
1.318345e-014	5.888829e+000	7.763506e-014	
1.396461e-014	5.888829e+000	8.223522e-014	
1.479207e-014	5.888829e+000	8.710797e-014	
1.566855e-014	5.888829e+000	9.226943e-014	
1.659698e-014	5.888829e+000	9.773675e-014	
1.758041e-014	5.888829e+000	1.035280e-013	
1.862211e-014	5.888829e+000	1.096624e-013	
1.972554e-014	5.888829e+000	1.161603e-013	
2.089435e-014	5.888829e+000	1.230433e-013	
2.213242e-014	5.888829e+000	1.303340e-013	
2.344385e-014	5.888829e+000	1.380568e-013	
2.483298e-014	5.888829e+000	1.462372e-013	
2.630443e-014	5.888829e+000	1.549023e-013	
2.786307e-014	5.888829e+000	1.640808e-013	
2.951406e-014	5.888829e+000	1.738032e-013	
3.126288e-014	5.888829e+000	1.841017e-013	
3.311532e-014	5.888829e+000	1.950104e-013	
3.507752e-014	5.888829e+000	2.065655e-013	
3.715600e-014	5.888829e+000	2.188053e-013	
3.935763e-014	5.888829e+000	2.317703e-013	
4.168971e-014	5.888829e+000	2.455036e-013	
4.415999e-014	5.888829e+000	2.600506e-013	
4.677663e-014	5.888829e+000	2.754596e-013	
4.954832e-014	5.888829e+000	2.917816e-013	
5.248424e-014	5.888829e+000	3.090707e-013	
5.559413e-014	5.888829e+000	3.273843e-013	
5.888829e-014	5.888829e+000	3.467831e-013	
6.237764e-014	5.888829e+000	3.673312e-013	
6.607375e-014	5.888829e+000	3.890970e-013	
6.998886e-014	5.888829e+000	4.121524e-013	
7.413596e-014	5.888829e+000	4.365740e-013	
7.852880e-014	5.888829e+000	4.624426e-013	
8.318192e-014	5.888829e+000	4.898441e-013	
8.811076e-014	5.888829e+000	5.188692e-013	
9.333165e-014	5.888829e+000	5.496141e-013	
9.886190e-014	5.888829e+000	5.821808e-013	
1.047198e-013	5.888829e+000	6.166771e-013	
1.109249e-013	5.888829e+000	6.532176e-013	
1.174976e-013	5.888829e+000	6.919231e-013	
1.244598e-013	5.888829e+000	7.329222e-013	
1.318345e-013	5.888829e+000	7.763505e-013	
1.396461e-013	5.888829e+000	8.223522e-013	
1.479207e-013	5.888829e+000	8.710797e-013	
1.566856e-013	5.888829e+000	9.226944e-013	
1.659697e-013	5.888829e+000	9.773674e-013	
1.758041e-013	5.888829e+000	1.035280e-012	
1.862211e-013	5.888829e+000	1.096624e-012	
1.972554e-013	5.888829e+000	1.161603e-012	
2.089435e-013	5.888829e+000	1.230433e-012	
2.213242e-013	5.888829e+000	1.303340e-012	
2.344385e-013	5.888829e+000	1.380568e-012	
2.483299e-013	5.888829e+000	1.462372e-012	
2.630443e-013	5.888829e+000	1.549023e-012	
2.786307e-013	5.888829e+000	1.640808e-012	
2.951406e-013	5.888829e+000	1.738032e-012	
3.126288e-013	5.888829e+000	1.841017e-012	
3.311532e-013	5.888829e+000	1.950104e-012	
3.507752e-013	5.888829e+000	2.065655e-012	
3.715600e-013	5.888829e+000	2.188053e-012	
3.935763e-013	5.888829e+000	2.317703e-012	
4.168971e-013	5.888829e+000	2.455036e-012	
4.415999e-013	5.888829e+000	2.600506e-012	
4.677663e-013	5.888829e+000	2.754596e-012	
4.954832e-013	5.888829e+000	2.917816e-012	
5.248424e-013	5.888829e+000	3.090707e-012	
5.559413e-013	5.888829e+000	3.273843e-012	
5.888829e-013	5.888829e+000	3.467831e-012	
6.237764e-013	5.888829e+000	3.673313e-012	
6.607375e-013	5.888829e+000	3.890970e-012	
6.998886e-013	5.888829e+000	4.121524e-012	
7.413596e-013	5.888829e+000	4.365740e-012	
7.852880e-013	5.888829e+000	4.624426e-012	
8.318192e-013	5.888829e+000	4.898441e-012	
8.811076e-013	5.888829e+000	5.188692e-012	
9.333165e-013	5.888829e+000	5.496141e-012	
9.886189e-013	5.888829e+000	5.821807e-012	
1.047198e-012	5.888829e+000	6.166772e-012	
1.109249e-012	5.888829e+000	6.532176e-012	
1.174976e-012	5.888829e+000	6.919231e-012	
1.244598e-012	5.888829e+000	7.329222e-012	
1.318345e-012	5.888829e+000	7.763505e-012	
1.396461e-012	5.888829e+000	8.223522e-012	
1.479207e-012	5.888829e+000	8.710796e-012	
1.566855e-012	5.888829e+000	9.226944e-012	
1.659697e-012	5.888829e+000	9.773674e-012	
1.758041e-012	5.888829e+000	1.035280e-011	
1.862211e-012	5.888829e+000	1.096624e-011	
1.972554e-012	5.888829e+000	1.161603e-011	
2.089435e-012	5.888829e+000	1.230433e-011	
2.213242e-012	5.888829e+000	1.303340e-011	
2.344385e-012	5.888829e+000	1.380568e-011	
2.483299e-012	5.888829e+000	1.462372e-011	
2.630443e-012	5.888829e+000	1.549023e-011	
2.786307e-012	5.888829e+000	1.640808e-011	
2.951406e-012	5.888829e+000	1.738032e-011	
3.126288e-012	5.888829e+000	1.841017e-011	
3.311532e-012	5.888829e+000	1.950104e-011	
3.507752e-012	5.888829e+000	2.065655e-011	
3.715600e-012	5.888829e+000	2.188053e-011	
3.935763e-012	5.888829e+000	2.317704e-011	
4.168972e-012	5.888829e+000	2.455036e-011	
4.415999e-012	5.888829e+000	2.600506e-011	
4.677663e-012	5.888829e+000	2.754596e-011	
4.954832e-012	5.888829e+000	2.917816e-011	
5.248424e-012	5.888829e+000	3.090707e-011	
5.559413e-012	5.888829e+000	3.273843e-011	
5.888829e-012	5.888829e+000	3.467831e-011	
6.237764e-012	5.888829e+000	3.673312e-011	
6.607375e-012	5.888829e+000	3.890970e-011	
6.998886e-012	5.888829e+000	4.121524e-011	
7.413597e-012	5.888829e+000	4.365740e-011	
7.852880e-012	5.888829e+000	4.624426e-011	
8.318192e-012	5.888829e+000	4.898441e-011	
8.811076e-012	5.888829e+000	5.188692e-011	
9.333164e-012	5.888829e+000	5.496141e-011	
9.886190e-012	5.888829e+000	5.821808e-011	
1.047198e-011	5.888829e+000	6.166772e-011	
1.109249e-011	5.888829e+000	6.532176e-011	
1.174976e-011	5.888829e+000	6.919231e-011	
1.244598e-011	5.888829e+000	7.329222e-011	
1.318345e-011	5.888829e+000	7.763505e-011	
1.396461e-011	5.888829e+000	8.223522e-011	
1.479207e-011	5.888829e+000	8.710796e-011	
1.566855e-011	5.888829e+000	9.226944e-011	
1.659698e-011	5.888829e+000	9.773675e-011	
1.758041e-011	5.888829e+000	1.035280e-010	
1.862211e-011	5.888829e+000	1.096624e-010	
1.972554e-011	5.888829e+000	1.161603e-010	
2.089435e-011	5.888829e+000	1.230433e-010	
2.213242e-011	5.888829e+000	1.303340e-010	
2.344385e-011	5.888829e+000	1.380568e-010	
2.483299e-011	5.888829e+000	1.462372e-010	
2.630443e-011	5.888829e+000	1.549023e-010	
2.786307e-011	5.888829e+000	1.640808e-010	
2.951406e-011	5.888829e+000	1.738032e-010	
3.126288e-011	5.888829e+000	1.841017e-010	
3.311532e-011	5.888829e+000	1.950104e-010	
3.507752e-011	5.888829e+000	2.065655e-010	
3.715600e-011	5.888829e+000	2.188053e-010	
3.935763e-011	5.888829e+000	2.317703e-010	
4.168972e-011	5.888829e+000	2.455036e-010	
4.415999e-011	5.888829e+000	2.600506e-010	
4.677663e-011	5.888829e+000	2.754596e-010	
4.954832e-011	5.888829e+000	2.917816e-010	
5.248424e-011	5.888829e+000	3.090707e-010	
5.559413e-011	5.888829e+000	3.273843e-010	
5.888829e-011	5.888829e+000	3.467831e-010	
6.237764e-011	5.888829e+000	3.673312e-010	
6.607374e-011	5.888829e+000	3.890970e-010	
6.998886e-011	5.888829e+000	4.121524e-010	
7.413596e-011	5.888829e+000	4.365740e-010	
7.852879e-011	5.888829e+000	4.624426e-010	
8.318192e-011	5.888829e+000	4.898441e-010	
8.811075e-011	5.888829e+000	5.188691e-010	
9.333165e-011	5.888829e+000	5.496141e-010	
9.886190e-011	5.888829e+000	5.821808e-010	
1.047198e-010	5.888829e+000	6.166771e-010	
1.109249e-010	5.888829e+000	6.532176e-010	
1.174976e-010	5.888829e+000	6.919231e-010	
1.244597e-010	5.888829e+000	7.329221e-010	
1.318345e-010	5.888829e+000	7.763506e-010	
1.396461e-010	5.888829e+000	8.223522e-010	
1.479207e-010	5.888829e+000	8.710796e-010	
1.566855e-010	5.888829e+000	9.226943e-010	
1.659698e-010	5.888829e+000	9.773674e-010	
1.758041e-010	5.888829e+000	1.035280e-009	
1.862211e-010	5.888829e+000	1.096624e-009	
1.972554e-010	5.888829e+000	1.161603e-009	
2.089435e-010	5.888829e+000	1.230433e-009	
2.213242e-010	5.888829e+000	1.303340e-009	
2.344385e-010	5.888829e+000	1.380568e-009	
2.483299e-010	5.888829e+000	1.462372e-009	
2.630443e-010	5.888829e+000	1.549023e-009	
2.786307e-010	5.888829e+000	1.640808e-009	
2.951406e-010	5.888829e+000	1.738032e-009	
3.126288e-010	5.888829e+000	1.841017e-009	
3.311532e-010	5.888829e+000	1.950104e-009	
3.507752e-010	5.888829e+000	2.065655e-009	
3.715600e-010	5.888829e+000	2.188053e-009	
3.935763e-010	5.888829e+000	2.317703e-009	
4.168972e-010	5.888829e+000	2.455036e-009	
4.415999e-010	5.888829e+000	2.600506e-009	
4.677663e-010	5.888829e+000	2.754596e-009	
4.954832e-010	5.888829e+000	2.917816e-009	
5.248424e-010	5.888829e+000	3.090707e-009	
5.559413e-010	5.888829e+000	3.273843e-009	
5.888829e-010	5.888829e+000	3.467830e-009	
6.237764e-010	5.888829e+000	3.673313e-009	
6.607375e-010	5.888829e+000	3.890970e-009	
6.998886e-010	5.888829e+000	4.121524e-009	
7.413596e-010	5.888829e+000	4.365740e-009	
7.852879e-010	5.888829e+000	4.624426e-009	
8.318192e-010	5.888829e+000	4.898441e-009	
8.811076e-010	5.888829e+000	5.188692e-009	
9.333165e-010	5.888829e+000	5.496141e-009	
9.886190e-010	5.888829e+000	5.821808e-009	
1.047198e-009	5.888829e+000	6.166772e-009	
1.109249e-009	5.888829e+000	6.532176e-009	
1.174976e-009	5.888829e+000	6.919231e-009	
1.244598e-009	5.888829e+000	7.329222e-009	
1.318345e-009	5.888829e+000	7.763505e-009	
1.396461e-009	5.888829e+000	8.223522e-009	
1.479207e-009	5.888829e+000	8.710797e-009	
1.566855e-009	5.888829e+000	9.226943e-009	
1.659697e-009	5.888829e+000	9.773674e-009	
1.758041e-009	5.888829e+000	1.035280e-008	
1.862211e-009	5.888829e+000	1.096624e-008	
1.972554e-009	5.888829e+000	1.161603e-008	
2.089435e-009	5.888829e+000	1.230433e-008	
2.213242e-009	5.888829e+000	1.303340e-008	
2.344385e-009	5.888829e+000	1.380568e-008	
2.483298e-009	5.888829e+000	1.462372e-008	
2.630443e-009	5.888829e+000	1.549023e-008	
2.786307e-009	5.888829e+000	1.640808e-008	
2.951406e-009	5.888829e+000	1.738032e-008	
3.126288e-009	5.888829e+000	1.841017e-008	
3.311532e-009	5.888829e+000	1.950104e-008	
3.507753e-009	5.888829e+000	2.065655e-008	
3.715600e-009	5.888829e+000	2.188053e-008	
3.935763e-009	5.888829e+000	2.317703e-008	
4.168971e-009	5.888829e+000	2.455036e-008	
4.415999e-009	5.888829e+000	2.600506e-008	
4.677663e-009	5.888829e+000	2.754596e-008	
4.954832e-009	5.888829e+000	2.917816e-008	
5.248424e-009	5.888829e+000	3.090707e-008	
5.559413e-009	5.888829e+000	3.273843e-008	
5.888829e-009	5.888829e+000	3.467831e-008	
6.237764e-009	5.888829e+000	3.673312e-008	
6.607375e-009	5.888829e+000	3.890970e-008	
6.998886e-009	5.888829e+000	4.121524e-008	
7.413596e-009	5.888829e+000	4.365740e-008	
7.852879e-009	5.888829e+000	4.624426e-008	
8.318191e-009	5.888829e+000	4.898441e-008	
8.811075e-009	5.888829e+000	5.188691e-008	
9.333164e-009	5.888829e+000	5.496141e-008	
9.886190e-009	5.888829e+000	5.821808e-008	
1.047198e-008	5.888829e+000	6.166772e-008	
1.109249e-008	5.888829e+000	6.532176e-008	
1.174976e-008	5.888829e+000	6.919232e-008	
1.244597e-008	5.888829e+000	7.329221e-008	
1.318345e-008	5.888829e+000	7.763505e-008	
1.396461e-008	5.888829e+000	8.223522e-008	
1.479207e-008	5.888829e+000	8.710797e-008	
1.566855e-008	5.888829e+000	9.226943e-008	
1.659697e-008	5.888829e+000	9.773674e-008	
1.758041e-008	5.888829e+000	1.035280e-007	
1.862211e-008	5.888829e+000	1.096624e-007	
1.972554e-008	5.888829e+000	1.161603e-007	
2.089435e-008	5.888829e+000	1.230433e-007	
2.213242e-008	5.888829e+000	1.303340e-007	
2.344385e-008	5.888829e+000	1.380568e-007	
2.483299e-008	5.888829e+000	1.462372e-007	
2.630443e-008	5.888829e+000	1.549023e-007	
2.786307e-008	5.888829e+000	1.640808e-007	
2.951406e-008	5.888829e+000	1.738032e-007	
3.126287e-008	5.888829e+000	1.841017e-007	
3.311532e-008	5.888829e+000	1.950104e-007	
3.507752e-008	5.888829e+000	2.065655e-007	
3.715600e-008	5.888829e+000	2.188053e-007	
3.935763e-008	5.888829e+000	2.317703e-007	
4.168972e-008	5.888829e+000	2.455036e-007	
4.415999e-008	5.888829e+000	2.600506e-007	
4.677663e-008	5.888829e+000	2.754596e-007	
4.954832e-008	5.888829e+000	2.917816e-007	
5.248424e-008	5.888829e+000	3.090707e-007	
5.559413e-008	5.888829e+000	3.273843e-007	
5.888829e-008	5.888829e+000	3.467831e-007	
6.237764e-008	5.888829e+000	3.673312e-007	
6.607375e-008	5.888829e+000	3.890970e-007	
6.998886e-008	5.888829e+000	4.121524e-007	
7.413596e-008	5.888829e+000	4.365740e-007	
7.852879e-008	5.888829e+000	4.624426e-007	
8.318192e-008	5.888829e+000	4.898441e-007	
8.811076e-008	5.888829e+000	5.188692e-007	
9.333165e-008	5.888829e+000	5.496141e-007	
9.886190e-008	5.888829e+000	5.821808e-007	
1.047198e-007	5.888829e+000	6.166772e-007	
1.109249e-007	5.888829e+000	6.532176e-007	
1.174976e-007	5.888829e+000	6.919232e-007	
1.244598e-007	5.888829e+000	7.329222e-007	
1.318345e-007	5.888829e+000	7.763505e-007	
1.396461e-007	5.888829e+000	8.223522e-007	
1.479207e-007	5.888829e+000	8.710796e-007	
1.566855e-007	5.888829e+000	9.226943e-007	
1.659698e-007	5.888829e+000	9.773674e-007	
1.758041e-007	5.888829e+000	1.035280e-006	
1.862211e-007	5.888829e+000	1.096624e-006	
1.972554e-007	5.888829e+000	1.161603e-006	
2.089435e-007	5.888829e+000	1.230433e-006	
2.213242e-007	5.888829e+000	1.303340e-006	
2.344385e-007	5.888829e+000	1.380568e-006	
2.483299e-007	5.888829e+000	1.462372e-006	
2.630443e-007	5.888829e+000	1.549023e-006	
2.786307e-007	5.888829e+000	1.640808e-006	
2.951406e-007	5.888829e+000	1.738032e-006	
3.126288e-007	5.888829e+000	1.841017e-006	
3.311532e-007	5.888829e+000	1.950104e-006	
3.507753e-007	5.888829e+000	2.065655e-006	
3.715600e-007	5.888829e+000	2.188053e-006	
3.935763e-007	5.888829e+000	2.317703e-006	
4.168972e-007	5.888829e+000	2.455036e-006	
4.415999e-007	5.888829e+000	2.600506e-006	
4.677663e-007	5.888829e+000	2.754596e-006	
4.954832e-007	5.888829e+000	2.917816e-006	
5.248424e-007	5.888829e+000	3.090707e-006	
5.559413e-007	5.888829e+000	3.273843e-006	
5.888829e-007	5.888829e+000	3.467830e-006	
6.237764e-007	5.888829e+000	3.673312e-006	
6.607374e-007	5.888829e+000	3.890970e-006	
6.998886e-007	5.888829e+000	4.121524e-006	
7.413597e-007	5.888829e+000	4.365740e-006	
7.852880e-007	5.888829e+000	4.624426e-006	
8.318192e-007	5.888829e+000	4.898441e-006	
8.811076e-007	5.888829e+000	5.188691e-006	
9.333165e-007	5.888829e+000	5.496141e-006	
9.886189e-007	5.888829e+000	5.821808e-006	
1.047198e-006	5.888829e+000	6.166772e-006	
1.109249e-006	5.888829e+000	6.532176e-006	
1.174976e-006	5.888829e+000	6.919232e-006	
1.244598e-006	5.888829e+000	7.329222e-006	
1.318345e-006	5.888829e+000	7.763505e-006	
1.396461e-006	5.888829e+000	8.223522e-006	
1.479207e-006	5.888829e+000	8.710796e-006	
1.566855e-006	5.888829e+000	9.226943e-006	
1.659697e-006	5.888829e+000	9.773674e-006	
1.758041e-006	5.888829e+000	1.035280e-005	
1.862211e-006	5.888829e+000	1.096624e-005	
1.972554e-006	5.888829e+000	1.161603e-005	
2.089435e-006	5.888829e+000	1.230433e-005	
2.213242e-006	5.888829e+000	1.303340e-005	
2.344385e-006	5.888829e+000	1.380568e-005	
2.483299e-006	5.888829e+000	1.462372e-005	
2.630443e-006	5.888829e+000	1.549023e-005	
2.786307e-006	5.888829e+000	1.640808e-005	
2.951406e-006	5.888829e+000	1.738032e-005	
3.126288e-006	5.888829e+000	1.841017e-005	
3.311532e-006	5.888829e+000	1.950104e-005	
3.507752e-006	5.888829e+000	2.065655e-005	
3.715600e-006	5.888829e+000	2.188053e-005	
3.935763e-006	5.888829e+000	2.317703e-005	
4.168971e-006	5.888829e+000	2.455036e-005	
4.415999e-006	5.888829e+000	2.600506e-005	
4.677663e-006	5.888829e+000	2.754596e-005	
4.954832e-006	5.888829e+000	2.917816e-005	
5.248424e-006	5.888829e+000	3.090707e-005	
5.559413e-006	5.888829e+000	3.273843e-005	
5.888829e-006	5.888829e+000	3.467831e-005	
6.237764e-006	5.888829e+000	3.673312e-005	
6.607375e-006	5.888829e+000	3.890970e-005	
6.998886e-006	5.888829e+000	4.121524e-005	
7.413596e-006	5.888829e+000	4.365740e-005	
7.852879e-006	5.888829e+000	4.624426e-005	
8.318192e-006	5.888829e+000	4.898441e-005	
8.811076e-006	5.888829e+000	5.188691e-005	
9.333165e-006	5.888829e+000	5.496141e-005	
9.886189e-006	5.888829e+000	5.821808e-005	
1.047198e-005	5.888829e+000	6.166771e-005	
1.109249e-005	5.888829e+000	6.532176e-005	
1.174976e-005	5.888829e+000	6.919232e-005	
1.244598e-005	5.888829e+000	7.329222e-005	
1.318345e-005	5.888829e+000	7.763505e-005	
1.396461e-005	5.888829e+000	8.223522e-005	
1.479207e-005	5.888829e+000	8.710796e-005	
1.566855e-005	5.888829e+000	9.226944e-005	
1.659697e-005	5.888829e+000	9.773674e-005	
1.758041e-005	5.888829e+000	1.035280e-004	
1.862211e-005	5.888829e+000	1.096624e-004	
1.972554e-005	5.888829e+000	1.161603e-004	
2.089435e-005	5.888829e+000	1.230433e-004	
2.213242e-005	5.888829e+000	1.303340e-004	
2.344385e-005	5.888829e+000	1.380568e-004	
2.483299e-005	5.888829e+000	1.462372e-004	
2.630443e-005	5.888829e+000	1.549023e-004	
2.786307e-005	5.888829e+000	1.640808e-004	
2.951406e-005	5.888829e+000	1.738032e-004	
3.126288e-005	5.888829e+000	1.841017e-004	
3.311532e-005	5.888829e+000	1.950104e-004	
3.507752e-005	5.888829e+000	2.065655e-004	
3.715600e-005	5.888829e+000	2.188053e-004	
3.935763e-005	5.888829e+000	2.317703e-004	
4.168972e-005	5.888829e+000	2.455036e-004	
4.415999e-005	5.888829e+000	2.600506e-004	
4.677663e-005	5.888829e+000	2.754596e-004	
4.954832e-005	5.888829e+000	2.917816e-004	
5.248424e-005	5.888829e+000	3.090707e-004	
5.559413e-005	5.888829e+000	3.273843e-004	
5.888829e-005	5.888829e+000	3.467831e-004	
6.237764e-005	5.888829e+000	3.673312e-004	
6.607375e-005	5.888829e+000	3.890970e-004	
6.998886e-005	5.888829e+000	4.121524e-004	
7.413596e-005	5.888829e+000	4.365740e-004	
7.852879e-005	5.888829e+000	4.624426e-004	
8.318192e-005	5.888829e+000	4.898441e-004	
8.811076e-005	5.888829e+000	5.188691e-004	
9.333165e-005	5.888829e+000	5.496141e-004	
9.886189e-005	5.888829e+000	5.821808e-004	
1.047198e-004	5.888829e+000	6.166772e-004	
1.109249e-004	5.888829e+000	6.532176e-004	
1.174976e-004	5.888829e+000	6.919232e-004	
1.244598e-004	5.888829e+000	7.329222e-004	
1.318345e-004	5.888829e+000	7.763505e-004	
1.396461e-004	5.888829e+000	8.223522e-004	
1.479207e-004	5.888829e+000	8.710797e-004	
1.566855e-004	5.888829e+000	9.226944e-004	
1.659697e-004	5.888829e+000	9.773674e-004	
1.758041e-004	5.888829e+000	1.035280e-003	
1.862211e-004	5.888829e+000	1.096624e-003	
1.972554e-004	5.888829e+000	1.161603e-003	
2.089435e-004	5.888829e+000	1.230433e-003	
2.213242e-004	5.888829e+000	1.303340e-003	
2.344385e-004	5.888829e+000	1.380568e-003	
2.483299e-004	5.888829e+000	1.462372e-003	
2.630443e-004	5.888829e+000	1.549023e-003	
2.786307e-004	5.888829e+000	1.640808e-003	
2.951406e-004	5.888829e+000	1.738032e-003	
3.126287e-004	5.888829e+000	1.841017e-003	
3.311532e-004	5.888829e+000	1.950104e-003	
3.507752e-004	5.888829e+000	2.065655e-003	
3.715600e-004	5.888829e+000	2.188053e-003	
3.935763e-004	5.888829e+000	2.317703e-003	
4.168971e-004	5.888829e+000	2.455036e-003	
4.415999e-004	5.888829e+000	2.600506e-003	
4.677663e-004	5.888829e+000	2.754596e-003	
4.954832e-004	5.888829e+000	2.917816e-003	
5.248424e-004	5.888829e+000	3.090707e-003	
5.559413e-004	5.888829e+000	3.273843e-003	
5.888829e-004	5.888829e+000	3.467830e-003	
6.237764e-004	5.888829e+000	3.673312e-003	
6.607375e-004	5.888829e+000	3.890970e-003	
6.998886e-004	5.888829e+000	4.121524e-003	
7.413596e-004	5.888829e+000	4.365740e-003	
7.852879e-004	5.888829e+000	4.624426e-003	
8.318191e-004	5.888829e+000	4.898440e-003	
8.811075e-004	5.888829e+000	5.188691e-003	
9.333164e-004	5.888829e+000	5.496141e-003	
9.886189e-004	5.888829e+000	5.821808e-003	
1.047198e-003	5.888829e+000	6.166772e-003	
1.109249e-003	5.888829e+000	6.532176e-003	
1.174976e-003	5.888829e+000	6.919231e-003	
1.244597e-003	5.888829e+000	7.329221e-003	
1.318344e-003	5.888829e+000	7.763505e-003	
1.396461e-003	5.888829e+000	8.223521e-003	
1.479207e-003	5.888829e+000	8.710796e-003	
1.566855e-003	5.888829e+000	9.226943e-003	
1.659697e-003	5.888828e+000	9.773673e-003	
1.758041e-003	5.888828e+000	1.035280e-002	
1.862211e-003	5.888828e+000	1.096624e-002	
1.972554e-003	5.888828e+000	1.161603e-002	
2.089435e-003	5.888828e+000	1.230433e-002	
2.213242e-003	5.888828e+000	1.303340e-002	
2.344385e-003	5.888828e+000	1.380568e-002	
2.483298e-003	5.888828e+000	1.462372e-002	
2.630443e-003	5.888828e+000	1.549023e-002	
2.786306e-003	5.888828e+000	1.640808e-002	
2.951405e-003	5.888828e+000	1.738032e-002	
3.126287e-003	5.888828e+000	1.841017e-002	
3.311531e-003	5.888828e+000	1.950104e-002	
3.507752e-003	5.888828e+000	2.065655e-002	
3.715599e-003	5.888828e+000	2.188052e-002	
3.935762e-003	5.888828e+000	2.317703e-002	
4.168971e-003	5.888828e+000	2.455035e-002	
4.415998e-003	5.888828e+000	2.600505e-002	
4.677662e-003	5.888828e+000	2.754595e-002	
4.954831e-003	5.888828e+000	2.917815e-002	
5.248423e-003	5.888828e+000	3.090706e-002	
5.559412e-003	5.888828e+000	3.273842e-002	
5.888828e-003	5.888827e+000	3.467829e-002	
6.237763e-003	5.888827e+000	3.673311e-002	
6.607373e-003	5.888827e+000	3.890968e-002	
6.998884e-003	5.888827e+000	4.121522e-002	
7.413594e-003	5.888827e+000	4.365738e-002	
7.852877e-003	5.888827e+000	4.624424e-002	
8.318190e-003	5.888827e+000	4.898438e-002	
8.811072e-003	5.888827e+000	5.188688e-002	
9.333162e-003	5.888827e+000	5.496137e-002	
9.886186e-003	5.888826e+000	5.821803e-002	
1.047198e-002	5.888826e+000	6.166767e-002	
1.109248e-002	5.888826e+000	6.532170e-002	
1.174975e-002	5.888826e+000	6.919225e-002	
1.244597e-002	5.888826e+000	7.329215e-002	
1.318344e-002	5.888826e+000	7.763498e-002	
1.396461e-002	5.888825e+000	8.223513e-002	
1.479206e-002	5.888825e+000	8.710786e-002	
1.566854e-002	5.888825e+000	9.226933e-002	
1.659696e-002	5.888825e+000	9.773661e-002	
1.758040e-002	5.888825e+000	1.035279e-001	
1.862210e-002	5.888824e+000	1.096623e-001	
1.972553e-002	5.888824e+000	1.161602e-001	
2.089434e-002	5.888824e+000	1.230431e-001	
2.213240e-002	5.888824e+000	1.303338e-001	
2.344383e-002	5.888824e+000	1.380566e-001	
2.483296e-002	5.888823e+000	1.462369e-001	
2.630441e-002	5.888823e+000	1.549020e-001	
2.786304e-002	5.888822e+000	1.640805e-001	
2.951402e-002	5.888822e+000	1.738028e-001	
3.126284e-002	5.888822e+000	1.841013e-001	
3.311528e-002	5.888821e+000	1.950099e-001	
3.507748e-002	5.888821e+000	2.065650e-001	
3.715594e-002	5.888820e+000	2.188047e-001	
3.935757e-002	5.888820e+000	2.317696e-001	
4.168965e-002	5.888819e+000	2.455028e-001	
4.415991e-002	5.888818e+000	2.600497e-001	
4.677654e-002	5.888818e+000	2.754585e-001	
4.954822e-002	5.888817e+000	2.917804e-001	
5.248413e-002	5.888816e+000	3.090694e-001	
5.559400e-002	5.888816e+000	3.273829e-001	
5.888815e-002	5.888815e+000	3.467814e-001	
6.237748e-002	5.888814e+000	3.673294e-001	
6.607357e-002	5.888813e+000	3.890950e-001	
6.998867e-002	5.888813e+000	4.121501e-001	
7.413574e-002	5.888812e+000	4.365714e-001	
7.852855e-002	5.888810e+000	4.624397e-001	
8.318164e-002	5.888809e+000	4.898408e-001	
8.811045e-002	5.888808e+000	5.188655e-001	
9.333130e-002	5.888807e+000	5.496100e-001	
9.886150e-002	5.888805e+000	5.821761e-001	
1.047194e-001	5.888804e+000	6.166720e-001	
1.109244e-001	5.888803e+000	6.532118e-001	
1.174970e-001	5.888801e+000	6.919166e-001	
1.244591e-001	5.888800e+000	7.329149e-001	
1.318338e-001	5.888798e+000	7.763424e-001	
1.396454e-001	5.888796e+000	8.223430e-001	
1.479198e-001	5.888794e+000	8.710693e-001	
1.566846e-001	5.888792e+000	9.226828e-001	
1.659686e-001	5.888790e+000	9.773544e-001	
1.758028e-001	5.888787e+000	1.035266e+000	
1.862197e-001	5.888785e+000	1.096608e+000	
1.972539e-001	5.888783e+000	1.161585e+000	
2.089418e-001	5.888780e+000	1.230412e+000	
2.213223e-001	5.888777e+000	1.303317e+000	
2.344363e-001	5.888773e+000	1.380542e+000	
2.483274e-001	5.888770e+000	1.462343e+000	
2.630416e-001	5.888767e+000	1.548990e+000	
2.786276e-001	5.888763e+000	1.640772e+000	
2.951371e-001	5.888759e+000	1.737991e+000	
3.126248e-001	5.888755e+000	1.840971e+000	
3.311488e-001	5.888751e+000	1.950053e+000	
3.507703e-001	5.888746e+000	2.065597e+000	
3.715544e-001	5.888741e+000	2.187988e+000	
3.935701e-001	5.888736e+000	2.317630e+000	
4.168902e-001	5.888731e+000	2.454954e+000	
4.415920e-001	5.888725e+000	2.600414e+000	
4.677575e-001	5.888719e+000	2.754492e+000	
4.954734e-001	5.888712e+000	2.917700e+000	
5.248314e-001	5.888705e+000	3.090577e+000	
5.559289e-001	5.888698e+000	3.273697e+000	
5.888690e-001	5.888690e+000	3.467667e+000	
6.237608e-001	5.888681e+000	3.673128e+000	
6.607199e-001	5.888673e+000	3.890764e+000	
6.998690e-001	5.888663e+000	4.121293e+000	
7.413376e-001	5.888654e+000	4.365480e+000	
7.852632e-001	5.888643e+000	4.624135e+000	
8.317914e-001	5.888632e+000	4.898114e+000	
8.810764e-001	5.888621e+000	5.188325e+000	
9.332815e-001	5.888608e+000	5.495730e+000	
9.885798e-001	5.888595e+000	5.821346e+000	
1.047154e+000	5.888581e+000	6.166253e+000	
1.109199e+000	5.888566e+000	6.531594e+000	
1.174920e+000	5.888551e+000	6.918579e+000	
1.244535e+000	5.888535e+000	7.328489e+000	
1.318275e+000	5.888517e+000	7.762684e+000	
1.396383e+000	5.888499e+000	8.222600e+000	
1.479119e+000	5.888479e+000	8.709762e+000	
1.566757e+000	5.888458e+000	9.225782e+000	
1.659587e+000	5.888436e+000	9.772371e+000	
1.757917e+000	5.888413e+000	1.035134e+001	
1.862072e+000	5.888388e+000	1.096460e+001	
1.972398e+000	5.888362e+000	1.161419e+001	
2.089260e+000	5.888334e+000	1.230226e+001	
2.213045e+000	5.888305e+000	1.303109e+001	
2.344164e+000	5.888274e+000	1.380308e+001	
2.483051e+000	5.888241e+000	1.462080e+001	
2.630165e+000	5.888206e+000	1.548695e+001	
2.785995e+000	5.888169e+000	1.640441e+001	
2.951055e+000	5.888129e+000	1.737619e+001	
3.125894e+000	5.888088e+000	1.840554e+001	
3.311090e+000	5.888044e+000	1.949584e+001	
3.507257e+000	5.887997e+000	2.065072e+001	
3.715044e+000	5.887947e+000	2.187398e+001	
3.935138e+000	5.887895e+000	2.316968e+001	
4.168271e+000	5.887839e+000	2.454211e+001	
4.415212e+000	5.887780e+000	2.599579e+001	
4.676780e+000	5.887717e+000	2.753555e+001	
4.953840e+000	5.887650e+000	2.916648e+001	
5.247311e+000	5.887579e+000	3.089396e+001	
5.558163e+000	5.887504e+000	3.272371e+001	
5.887424e+000	5.887424e+000	3.466177e+001	
6.236187e+000	5.887340e+000	3.671455e+001	
6.605603e+000	5.887250e+000	3.888883e+001	
6.996896e+000	5.887154e+000	4.119180e+001	
7.411359e+000	5.887052e+000	4.363106e+001	
7.850365e+000	5.886943e+000	4.621465e+001	
8.315365e+000	5.886828e+000	4.895112e+001	
8.807897e+000	5.886704e+000	5.184948e+001	
9.329588e+000	5.886572e+000	5.491929e+001	
9.882163e+000	5.886430e+000	5.817066e+001	
1.046745e+001	5.886278e+000	6.161431e+001	
1.108737e+001	5.886114e+000	6.526155e+001	
1.174399e+001	5.885937e+000	6.912437e+001	
1.243946e+001	5.885744e+000	7.321545e+001	
1.317607e+001	5.885533e+000	7.754819e+001	
1.395625e+001	5.885301e+000	8.213672e+001	
1.478256e+001	5.885042e+000	8.699597e+001	
1.565770e+001	5.884750e+000	9.214167e+001	
1.658454e+001	5.884416e+000	9.759032e+001	
1.756607e+001	5.884026e+000	1.033592e+002	
1.860545e+001	5.883559e+000	1.094662e+002	
1.970597e+001	5.882986e+000	1.159299e+002	
2.087104e+001	5.882259e+000	1.227689e+002	
2.210415e+001	5.881305e+000	1.300012e+002	
2.340872e+001	5.880005e+000	1.376434e+002	
2.478801e+001	5.878163e+000	1.457079e+002	
2.624465e+001	5.875446e+000	1.541990e+002	
2.778002e+001	5.871277e+000	1.631042e+002	
2.939275e+001	5.864624e+000	1.723774e+002	
3.107582e+001	5.853595e+000	1.819053e+002	
3.281083e+001	5.834682e+000	1.914408e+002	
3.455771e+001	5.801563e+000	2.004887e+002	
3.624324e+001	5.744166e+000	2.081872e+002	
3.776726e+001	5.650872e+000	2.134180e+002	
3.904902e+001	5.515821e+000	2.153874e+002	
4.007371e+001	5.343915e+000	2.141505e+002	
4.087988e+001	5.146472e+000	2.103872e+002	
4.151958e+001	4.934611e+000	2.048830e+002	
4.203666e+001	4.716591e+000	1.982697e+002	
4.246317e+001	4.497928e+000	1.909963e+002	
4.282155e+001	4.282155e+000	1.833685e+002	
4.312746e+001	4.071495e+000	1.755932e+002	
4.339213e+001	3.867327e+000	1.678116e+002	
4.362368e+001	3.670475e+000	1.601196e+002	
4.382816e+001	3.481394e+000	1.525831e+002	
4.401016e+001	3.300297e+000	1.452466e+002	
4.417324e+001	3.127226e+000	1.381397e+002	
4.432021e+001	2.962115e+000	1.312815e+002	
4.445332e+001	2.804815e+000	1.246833e+002	
4.457426e+001	2.655120e+000	1.183500e+002	
4.468470e+001	2.512805e+000	1.122839e+002	
4.478582e+001	2.377609e+000	1.064832e+002	
4.487867e+001	2.249262e+000	1.009439e+002	
4.496413e+001	2.127484e+000	9.566045e+001	
4.504297e+001	2.011996e+000	9.062626e+001	
4.511584e+001	1.902519e+000	8.583377e+001	
4.518332e+001	1.798780e+000	8.127487e+001	
4.524590e+001	1.700510e+000	7.694110e+001	
4.530401e+001	1.607447e+000	7.282380e+001	
4.535806e+001	1.519338e+000	6.891422e+001	
4.540837e+001	1.435939e+000	6.520364e+001	
4.545527e+001	1.357014e+000	6.168342e+001	
4.549902e+001	1.282337e+000	5.834506e+001	
4.553979e+001	1.211689e+000	5.518005e+001	
4.557794e+001	1.144866e+000	5.218064e+001	
4.561361e+001	1.081669e+000	4.933884e+001	
4.564699e+001	1.021909e+000	4.664707e+001	
4.567825e+001	9.654047e-001	4.409799e+001	
4.570752e+001	9.119849e-001	4.168457e+001	
4.573496e+001	8.614861e-001	3.940003e+001	
4.576069e+001	8.137529e-001	3.723789e+001	
4.578482e+001	7.686375e-001	3.519193e+001	
4.580748e+001	7.259997e-001	3.325621e+001	
4.582875e+001	6.857061e-001	3.142505e+001	
4.584873e+001	6.476305e-001	2.969303e+001	
4.586750e+001	6.116529e-001	2.805499e+001	
4.588514e+001	5.776596e-001	2.650599e+001	
4.590172e+001	5.455430e-001	2.504136e+001	
4.591731e+001	5.152007e-001	2.365663e+001	
4.593198e+001	4.865362e-001	2.234757e+001	
4.594577e+001	4.594578e-001	2.111014e+001	
4.595876e+001	4.338787e-001	1.994052e+001	
4.597098e+001	4.097168e-001	1.883508e+001	
4.598248e+001	3.868944e-001	1.779036e+001	
4.599332e+001	3.653379e-001	1.680310e+001	
4.600351e+001	3.449777e-001	1.587019e+001	
4.601312e+001	3.257480e-001	1.498868e+001	
4.602217e+001	3.075864e-001	1.415579e+001	
4.603070e+001	2.904341e-001	1.336888e+001	
4.603873e+001	2.742353e-001	1.262545e+001	
4.604630e+001	2.589374e-001	1.192311e+001	
4.605344e+001	2.444905e-001	1.125963e+001	
4.606017e+001	2.308477e-001	1.063288e+001	
4.606651e+001	2.179642e-001	1.004085e+001	
4.607248e+001	2.057982e-001	9.481635e+000	
4.607812e+001	1.943098e-001	8.953431e+000	
4.608344e+001	1.834615e-001	8.454534e+000	
4.608845e+001	1.732176e-001	7.983331e+000	
4.609308e+001	1.635444e-001	7.538266e+000	
4.609753e+001	1.544108e-001	7.117956e+000	
4.610173e+001	1.457865e-001	6.721008e+000	
4.610569e+001	1.376431e-001	6.346130e+000	
4.610942e+001	1.299540e-001	5.992103e+000	
4.611294e+001	1.226939e-001	5.657775e+000	
4.611626e+001	1.158388e-001	5.342053e+000	
4.611940e+001	1.093663e-001	5.043909e+000	
4.612235e+001	1.032551e-001	4.762367e+000	
4.612514e+001	9.748498e-002	4.496508e+000	
4.612777e+001	9.203701e-002	4.245462e+000	
4.613025e+001	8.689321e-002	4.008406e+000	
4.613260e+001	8.203664e-002	3.784563e+000	
4.613481e+001	7.745130e-002	3.573201e+000	
4.613689e+001	7.312205e-002	3.373624e+000	
4.613886e+001	6.903461e-002	3.185178e+000	
4.614072e+001	6.517550e-002	3.007244e+000	
4.614247e+001	6.153197e-002	2.839237e+000	
4.614412e+001	5.809201e-002	2.680605e+000	
4.614568e+001	5.484425e-002	2.530825e+000	
4.614716e+001	5.177796e-002	2.389406e+000	
4.614854e+001	4.888302e-002	2.255880e+000	
4.614986e+001	4.614986e-002	2.129809e+000	
