V(out)	I(R1)	power

% Ifail is 86% of Iphoto
%Step Information: Ifailure=5.05889  (Run: 5/6)
5.888183e-020	5.888184e+000	3.467070e-019	
6.165685e-020	5.888184e+000	3.630468e-019	
6.456265e-020	5.888184e+000	3.801567e-019	
6.760539e-020	5.888184e+000	3.980730e-019	
7.079153e-020	5.888184e+000	4.168335e-019	
7.412784e-020	5.888184e+000	4.364783e-019	
7.762137e-020	5.888184e+000	4.570489e-019	
8.127956e-020	5.888184e+000	4.785889e-019	
8.511014e-020	5.888184e+000	5.011442e-019	
8.912126e-020	5.888184e+000	5.247623e-019	
9.332142e-020	5.888184e+000	5.494936e-019	
9.771952e-020	5.888184e+000	5.753905e-019	
1.023249e-019	5.888184e+000	6.025078e-019	
1.071473e-019	5.888184e+000	6.309031e-019	
1.121970e-019	5.888184e+000	6.606367e-019	
1.174847e-019	5.888184e+000	6.917715e-019	
1.230216e-019	5.888184e+000	7.243737e-019	
1.288194e-019	5.888184e+000	7.585124e-019	
1.348905e-019	5.888184e+000	7.942600e-019	
1.412477e-019	5.888184e+000	8.316923e-019	
1.479045e-019	5.888184e+000	8.708887e-019	
1.548750e-019	5.888184e+000	9.119325e-019	
1.621740e-019	5.888184e+000	9.549105e-019	
1.698171e-019	5.888184e+000	9.999141e-019	
1.778203e-019	5.888184e+000	1.047039e-018	
1.862007e-019	5.888184e+000	1.096384e-018	
1.949761e-019	5.888184e+000	1.148055e-018	
2.041650e-019	5.888184e+000	1.202161e-018	
2.137870e-019	5.888184e+000	1.258817e-018	
2.238625e-019	5.888184e+000	1.318143e-018	
2.344128e-019	5.888184e+000	1.380266e-018	
2.454603e-019	5.888184e+000	1.445316e-018	
2.570285e-019	5.888184e+000	1.513431e-018	
2.691419e-019	5.888184e+000	1.584757e-018	
2.818262e-019	5.888184e+000	1.659444e-018	
2.951082e-019	5.888184e+000	1.737651e-018	
3.090162e-019	5.888184e+000	1.819544e-018	
3.235797e-019	5.888184e+000	1.905297e-018	
3.388296e-019	5.888184e+000	1.995091e-018	
3.547981e-019	5.888184e+000	2.089117e-018	
3.715193e-019	5.888184e+000	2.187574e-018	
3.890284e-019	5.888184e+000	2.290671e-018	
4.073628e-019	5.888184e+000	2.398627e-018	
4.265612e-019	5.888184e+000	2.511670e-018	
4.466644e-019	5.888184e+000	2.630042e-018	
4.677150e-019	5.888184e+000	2.753992e-018	
4.897578e-019	5.888184e+000	2.883784e-018	
5.128393e-019	5.888184e+000	3.019692e-018	
5.370087e-019	5.888184e+000	3.162006e-018	
5.623172e-019	5.888184e+000	3.311027e-018	
5.888183e-019	5.888184e+000	3.467070e-018	
6.165685e-019	5.888184e+000	3.630468e-018	
6.456265e-019	5.888184e+000	3.801567e-018	
6.760539e-019	5.888184e+000	3.980729e-018	
7.079153e-019	5.888184e+000	4.168335e-018	
7.412784e-019	5.888184e+000	4.364783e-018	
7.762137e-019	5.888184e+000	4.570489e-018	
8.127956e-019	5.888184e+000	4.785890e-018	
8.511014e-019	5.888184e+000	5.011442e-018	
8.912127e-019	5.888184e+000	5.247624e-018	
9.332142e-019	5.888184e+000	5.494937e-018	
9.771952e-019	5.888184e+000	5.753905e-018	
1.023249e-018	5.888184e+000	6.025078e-018	
1.071473e-018	5.888184e+000	6.309031e-018	
1.121970e-018	5.888184e+000	6.606367e-018	
1.174847e-018	5.888184e+000	6.917715e-018	
1.230216e-018	5.888184e+000	7.243737e-018	
1.288194e-018	5.888184e+000	7.585123e-018	
1.348905e-018	5.888184e+000	7.942600e-018	
1.412477e-018	5.888184e+000	8.316923e-018	
1.479045e-018	5.888184e+000	8.708888e-018	
1.548750e-018	5.888184e+000	9.119324e-018	
1.621740e-018	5.888184e+000	9.549105e-018	
1.698171e-018	5.888184e+000	9.999141e-018	
1.778203e-018	5.888184e+000	1.047039e-017	
1.862007e-018	5.888184e+000	1.096384e-017	
1.949761e-018	5.888184e+000	1.148055e-017	
2.041650e-018	5.888184e+000	1.202161e-017	
2.137870e-018	5.888184e+000	1.258817e-017	
2.238625e-018	5.888184e+000	1.318143e-017	
2.344128e-018	5.888184e+000	1.380266e-017	
2.454603e-018	5.888184e+000	1.445316e-017	
2.570285e-018	5.888184e+000	1.513431e-017	
2.691419e-018	5.888184e+000	1.584757e-017	
2.818262e-018	5.888184e+000	1.659444e-017	
2.951082e-018	5.888184e+000	1.737652e-017	
3.090163e-018	5.888184e+000	1.819544e-017	
3.235797e-018	5.888184e+000	1.905297e-017	
3.388296e-018	5.888184e+000	1.995091e-017	
3.547982e-018	5.888184e+000	2.089117e-017	
3.715192e-018	5.888184e+000	2.187573e-017	
3.890284e-018	5.888184e+000	2.290671e-017	
4.073628e-018	5.888184e+000	2.398627e-017	
4.265612e-018	5.888184e+000	2.511670e-017	
4.466644e-018	5.888184e+000	2.630042e-017	
4.677150e-018	5.888184e+000	2.753992e-017	
4.897578e-018	5.888184e+000	2.883784e-017	
5.128393e-018	5.888184e+000	3.019692e-017	
5.370087e-018	5.888184e+000	3.162006e-017	
5.623171e-018	5.888184e+000	3.311027e-017	
5.888183e-018	5.888184e+000	3.467071e-017	
6.165685e-018	5.888184e+000	3.630468e-017	
6.456265e-018	5.888184e+000	3.801567e-017	
6.760539e-018	5.888184e+000	3.980729e-017	
7.079153e-018	5.888184e+000	4.168335e-017	
7.412784e-018	5.888184e+000	4.364783e-017	
7.762137e-018	5.888184e+000	4.570489e-017	
8.127955e-018	5.888184e+000	4.785889e-017	
8.511014e-018	5.888184e+000	5.011442e-017	
8.912126e-018	5.888184e+000	5.247623e-017	
9.332142e-018	5.888184e+000	5.494936e-017	
9.771952e-018	5.888184e+000	5.753905e-017	
1.023249e-017	5.888184e+000	6.025078e-017	
1.071473e-017	5.888184e+000	6.309031e-017	
1.121970e-017	5.888184e+000	6.606367e-017	
1.174847e-017	5.888184e+000	6.917715e-017	
1.230216e-017	5.888184e+000	7.243737e-017	
1.288194e-017	5.888184e+000	7.585124e-017	
1.348905e-017	5.888184e+000	7.942599e-017	
1.412477e-017	5.888184e+000	8.316922e-017	
1.479045e-017	5.888184e+000	8.708887e-017	
1.548750e-017	5.888184e+000	9.119324e-017	
1.621740e-017	5.888184e+000	9.549105e-017	
1.698171e-017	5.888184e+000	9.999141e-017	
1.778203e-017	5.888184e+000	1.047039e-016	
1.862007e-017	5.888184e+000	1.096384e-016	
1.949761e-017	5.888184e+000	1.148055e-016	
2.041650e-017	5.888184e+000	1.202161e-016	
2.137870e-017	5.888184e+000	1.258817e-016	
2.238625e-017	5.888184e+000	1.318143e-016	
2.344128e-017	5.888184e+000	1.380266e-016	
2.454603e-017	5.888184e+000	1.445316e-016	
2.570285e-017	5.888184e+000	1.513431e-016	
2.691419e-017	5.888184e+000	1.584757e-016	
2.818262e-017	5.888184e+000	1.659444e-016	
2.951082e-017	5.888184e+000	1.737651e-016	
3.090162e-017	5.888184e+000	1.819544e-016	
3.235798e-017	5.888184e+000	1.905297e-016	
3.388296e-017	5.888184e+000	1.995091e-016	
3.547981e-017	5.888184e+000	2.089117e-016	
3.715193e-017	5.888184e+000	2.187574e-016	
3.890284e-017	5.888184e+000	2.290671e-016	
4.073628e-017	5.888184e+000	2.398627e-016	
4.265612e-017	5.888184e+000	2.511671e-016	
4.466644e-017	5.888184e+000	2.630042e-016	
4.677150e-017	5.888184e+000	2.753992e-016	
4.897578e-017	5.888184e+000	2.883784e-016	
5.128393e-017	5.888184e+000	3.019692e-016	
5.370087e-017	5.888184e+000	3.162006e-016	
5.623171e-017	5.888184e+000	3.311026e-016	
5.888183e-017	5.888184e+000	3.467070e-016	
6.165685e-017	5.888184e+000	3.630469e-016	
6.456264e-017	5.888184e+000	3.801567e-016	
6.760539e-017	5.888184e+000	3.980730e-016	
7.079153e-017	5.888184e+000	4.168335e-016	
7.412784e-017	5.888184e+000	4.364783e-016	
7.762137e-017	5.888184e+000	4.570489e-016	
8.127955e-017	5.888184e+000	4.785889e-016	
8.511014e-017	5.888184e+000	5.011441e-016	
8.912126e-017	5.888184e+000	5.247623e-016	
9.332142e-017	5.888184e+000	5.494936e-016	
9.771952e-017	5.888184e+000	5.753905e-016	
1.023249e-016	5.888184e+000	6.025078e-016	
1.071473e-016	5.888184e+000	6.309031e-016	
1.121970e-016	5.888184e+000	6.606366e-016	
1.174847e-016	5.888184e+000	6.917715e-016	
1.230216e-016	5.888184e+000	7.243737e-016	
1.288194e-016	5.888184e+000	7.585124e-016	
1.348905e-016	5.888184e+000	7.942599e-016	
1.412477e-016	5.888184e+000	8.316923e-016	
1.479045e-016	5.888184e+000	8.708888e-016	
1.548750e-016	5.888184e+000	9.119324e-016	
1.621740e-016	5.888184e+000	9.549105e-016	
1.698171e-016	5.888184e+000	9.999141e-016	
1.778203e-016	5.888184e+000	1.047039e-015	
1.862007e-016	5.888184e+000	1.096384e-015	
1.949761e-016	5.888184e+000	1.148055e-015	
2.041650e-016	5.888184e+000	1.202161e-015	
2.137870e-016	5.888184e+000	1.258817e-015	
2.238625e-016	5.888184e+000	1.318143e-015	
2.344128e-016	5.888184e+000	1.380266e-015	
2.454603e-016	5.888184e+000	1.445315e-015	
2.570285e-016	5.888184e+000	1.513431e-015	
2.691419e-016	5.888184e+000	1.584757e-015	
2.818262e-016	5.888184e+000	1.659444e-015	
2.951082e-016	5.888184e+000	1.737651e-015	
3.090163e-016	5.888184e+000	1.819544e-015	
3.235797e-016	5.888184e+000	1.905297e-015	
3.388296e-016	5.888184e+000	1.995091e-015	
3.547981e-016	5.888184e+000	2.089117e-015	
3.715193e-016	5.888184e+000	2.187574e-015	
3.890284e-016	5.888184e+000	2.290671e-015	
4.073628e-016	5.888184e+000	2.398627e-015	
4.265612e-016	5.888184e+000	2.511671e-015	
4.466644e-016	5.888184e+000	2.630042e-015	
4.677150e-016	5.888184e+000	2.753992e-015	
4.897578e-016	5.888184e+000	2.883784e-015	
5.128393e-016	5.888184e+000	3.019692e-015	
5.370087e-016	5.888184e+000	3.162006e-015	
5.623172e-016	5.888184e+000	3.311027e-015	
5.888183e-016	5.888184e+000	3.467070e-015	
6.165685e-016	5.888184e+000	3.630469e-015	
6.456265e-016	5.888184e+000	3.801567e-015	
6.760539e-016	5.888184e+000	3.980729e-015	
7.079154e-016	5.888184e+000	4.168336e-015	
7.412784e-016	5.888184e+000	4.364783e-015	
7.762137e-016	5.888184e+000	4.570489e-015	
8.127956e-016	5.888184e+000	4.785889e-015	
8.511015e-016	5.888184e+000	5.011442e-015	
8.912126e-016	5.888184e+000	5.247623e-015	
9.332142e-016	5.888184e+000	5.494937e-015	
9.771952e-016	5.888184e+000	5.753905e-015	
1.023249e-015	5.888184e+000	6.025078e-015	
1.071473e-015	5.888184e+000	6.309031e-015	
1.121970e-015	5.888184e+000	6.606367e-015	
1.174847e-015	5.888184e+000	6.917715e-015	
1.230216e-015	5.888184e+000	7.243737e-015	
1.288194e-015	5.888184e+000	7.585124e-015	
1.348905e-015	5.888184e+000	7.942599e-015	
1.412477e-015	5.888184e+000	8.316923e-015	
1.479045e-015	5.888184e+000	8.708887e-015	
1.548750e-015	5.888184e+000	9.119324e-015	
1.621740e-015	5.888184e+000	9.549105e-015	
1.698171e-015	5.888184e+000	9.999140e-015	
1.778203e-015	5.888184e+000	1.047039e-014	
1.862007e-015	5.888184e+000	1.096384e-014	
1.949761e-015	5.888184e+000	1.148055e-014	
2.041650e-015	5.888184e+000	1.202161e-014	
2.137870e-015	5.888184e+000	1.258817e-014	
2.238625e-015	5.888184e+000	1.318143e-014	
2.344128e-015	5.888184e+000	1.380266e-014	
2.454603e-015	5.888184e+000	1.445316e-014	
2.570285e-015	5.888184e+000	1.513431e-014	
2.691419e-015	5.888184e+000	1.584757e-014	
2.818262e-015	5.888184e+000	1.659444e-014	
2.951082e-015	5.888184e+000	1.737651e-014	
3.090163e-015	5.888184e+000	1.819544e-014	
3.235797e-015	5.888184e+000	1.905297e-014	
3.388296e-015	5.888184e+000	1.995091e-014	
3.547981e-015	5.888184e+000	2.089117e-014	
3.715192e-015	5.888184e+000	2.187573e-014	
3.890284e-015	5.888184e+000	2.290671e-014	
4.073628e-015	5.888184e+000	2.398627e-014	
4.265612e-015	5.888184e+000	2.511671e-014	
4.466644e-015	5.888184e+000	2.630042e-014	
4.677150e-015	5.888184e+000	2.753992e-014	
4.897578e-015	5.888184e+000	2.883784e-014	
5.128393e-015	5.888184e+000	3.019692e-014	
5.370087e-015	5.888184e+000	3.162006e-014	
5.623171e-015	5.888184e+000	3.311027e-014	
5.888183e-015	5.888184e+000	3.467070e-014	
6.165685e-015	5.888184e+000	3.630469e-014	
6.456265e-015	5.888184e+000	3.801567e-014	
6.760539e-015	5.888184e+000	3.980730e-014	
7.079154e-015	5.888184e+000	4.168336e-014	
7.412783e-015	5.888184e+000	4.364783e-014	
7.762137e-015	5.888184e+000	4.570489e-014	
8.127955e-015	5.888184e+000	4.785889e-014	
8.511014e-015	5.888184e+000	5.011441e-014	
8.912127e-015	5.888184e+000	5.247624e-014	
9.332141e-015	5.888184e+000	5.494936e-014	
9.771952e-015	5.888184e+000	5.753905e-014	
1.023249e-014	5.888184e+000	6.025078e-014	
1.071473e-014	5.888184e+000	6.309031e-014	
1.121970e-014	5.888184e+000	6.606366e-014	
1.174847e-014	5.888184e+000	6.917715e-014	
1.230216e-014	5.888184e+000	7.243737e-014	
1.288194e-014	5.888184e+000	7.585124e-014	
1.348905e-014	5.888184e+000	7.942600e-014	
1.412477e-014	5.888184e+000	8.316923e-014	
1.479045e-014	5.888184e+000	8.708887e-014	
1.548750e-014	5.888184e+000	9.119325e-014	
1.621740e-014	5.888184e+000	9.549105e-014	
1.698171e-014	5.888184e+000	9.999140e-014	
1.778203e-014	5.888184e+000	1.047039e-013	
1.862007e-014	5.888184e+000	1.096384e-013	
1.949761e-014	5.888184e+000	1.148055e-013	
2.041650e-014	5.888184e+000	1.202161e-013	
2.137870e-014	5.888184e+000	1.258817e-013	
2.238625e-014	5.888184e+000	1.318143e-013	
2.344128e-014	5.888184e+000	1.380266e-013	
2.454603e-014	5.888184e+000	1.445316e-013	
2.570285e-014	5.888184e+000	1.513431e-013	
2.691419e-014	5.888184e+000	1.584757e-013	
2.818262e-014	5.888184e+000	1.659444e-013	
2.951082e-014	5.888184e+000	1.737652e-013	
3.090163e-014	5.888184e+000	1.819544e-013	
3.235797e-014	5.888184e+000	1.905297e-013	
3.388296e-014	5.888184e+000	1.995091e-013	
3.547981e-014	5.888184e+000	2.089117e-013	
3.715193e-014	5.888184e+000	2.187574e-013	
3.890284e-014	5.888184e+000	2.290671e-013	
4.073628e-014	5.888184e+000	2.398627e-013	
4.265612e-014	5.888184e+000	2.511671e-013	
4.466644e-014	5.888184e+000	2.630042e-013	
4.677150e-014	5.888184e+000	2.753992e-013	
4.897578e-014	5.888184e+000	2.883784e-013	
5.128394e-014	5.888184e+000	3.019692e-013	
5.370087e-014	5.888184e+000	3.162006e-013	
5.623172e-014	5.888184e+000	3.311027e-013	
5.888183e-014	5.888184e+000	3.467070e-013	
6.165685e-014	5.888184e+000	3.630469e-013	
6.456265e-014	5.888184e+000	3.801567e-013	
6.760539e-014	5.888184e+000	3.980730e-013	
7.079154e-014	5.888184e+000	4.168336e-013	
7.412784e-014	5.888184e+000	4.364783e-013	
7.762137e-014	5.888184e+000	4.570489e-013	
8.127955e-014	5.888184e+000	4.785889e-013	
8.511014e-014	5.888184e+000	5.011441e-013	
8.912126e-014	5.888184e+000	5.247624e-013	
9.332141e-014	5.888184e+000	5.494936e-013	
9.771952e-014	5.888184e+000	5.753905e-013	
1.023249e-013	5.888184e+000	6.025078e-013	
1.071473e-013	5.888184e+000	6.309031e-013	
1.121970e-013	5.888184e+000	6.606367e-013	
1.174847e-013	5.888184e+000	6.917715e-013	
1.230216e-013	5.888184e+000	7.243737e-013	
1.288194e-013	5.888184e+000	7.585124e-013	
1.348905e-013	5.888184e+000	7.942599e-013	
1.412477e-013	5.888184e+000	8.316923e-013	
1.479045e-013	5.888184e+000	8.708887e-013	
1.548750e-013	5.888184e+000	9.119324e-013	
1.621740e-013	5.888184e+000	9.549105e-013	
1.698171e-013	5.888184e+000	9.999141e-013	
1.778203e-013	5.888184e+000	1.047039e-012	
1.862007e-013	5.888184e+000	1.096384e-012	
1.949761e-013	5.888184e+000	1.148055e-012	
2.041650e-013	5.888184e+000	1.202161e-012	
2.137870e-013	5.888184e+000	1.258817e-012	
2.238625e-013	5.888184e+000	1.318143e-012	
2.344128e-013	5.888184e+000	1.380266e-012	
2.454603e-013	5.888184e+000	1.445316e-012	
2.570285e-013	5.888184e+000	1.513431e-012	
2.691419e-013	5.888184e+000	1.584757e-012	
2.818262e-013	5.888184e+000	1.659444e-012	
2.951082e-013	5.888184e+000	1.737651e-012	
3.090163e-013	5.888184e+000	1.819545e-012	
3.235797e-013	5.888184e+000	1.905297e-012	
3.388296e-013	5.888184e+000	1.995091e-012	
3.547981e-013	5.888184e+000	2.089117e-012	
3.715192e-013	5.888184e+000	2.187574e-012	
3.890284e-013	5.888184e+000	2.290671e-012	
4.073628e-013	5.888184e+000	2.398627e-012	
4.265612e-013	5.888184e+000	2.511671e-012	
4.466644e-013	5.888184e+000	2.630042e-012	
4.677150e-013	5.888184e+000	2.753992e-012	
4.897578e-013	5.888184e+000	2.883784e-012	
5.128393e-013	5.888184e+000	3.019692e-012	
5.370087e-013	5.888184e+000	3.162006e-012	
5.623172e-013	5.888184e+000	3.311027e-012	
5.888183e-013	5.888184e+000	3.467070e-012	
6.165685e-013	5.888184e+000	3.630468e-012	
6.456265e-013	5.888184e+000	3.801567e-012	
6.760539e-013	5.888184e+000	3.980729e-012	
7.079153e-013	5.888184e+000	4.168335e-012	
7.412783e-013	5.888184e+000	4.364783e-012	
7.762137e-013	5.888184e+000	4.570489e-012	
8.127956e-013	5.888184e+000	4.785890e-012	
8.511015e-013	5.888184e+000	5.011442e-012	
8.912126e-013	5.888184e+000	5.247623e-012	
9.332142e-013	5.888184e+000	5.494937e-012	
9.771952e-013	5.888184e+000	5.753905e-012	
1.023249e-012	5.888184e+000	6.025078e-012	
1.071473e-012	5.888184e+000	6.309031e-012	
1.121970e-012	5.888184e+000	6.606367e-012	
1.174847e-012	5.888184e+000	6.917715e-012	
1.230216e-012	5.888184e+000	7.243737e-012	
1.288194e-012	5.888184e+000	7.585124e-012	
1.348905e-012	5.888184e+000	7.942600e-012	
1.412477e-012	5.888184e+000	8.316923e-012	
1.479045e-012	5.888184e+000	8.708887e-012	
1.548750e-012	5.888184e+000	9.119325e-012	
1.621740e-012	5.888184e+000	9.549105e-012	
1.698171e-012	5.888184e+000	9.999141e-012	
1.778203e-012	5.888184e+000	1.047039e-011	
1.862007e-012	5.888184e+000	1.096384e-011	
1.949761e-012	5.888184e+000	1.148055e-011	
2.041650e-012	5.888184e+000	1.202161e-011	
2.137870e-012	5.888184e+000	1.258817e-011	
2.238625e-012	5.888184e+000	1.318143e-011	
2.344128e-012	5.888184e+000	1.380266e-011	
2.454603e-012	5.888184e+000	1.445316e-011	
2.570285e-012	5.888184e+000	1.513431e-011	
2.691419e-012	5.888184e+000	1.584757e-011	
2.818262e-012	5.888184e+000	1.659444e-011	
2.951082e-012	5.888184e+000	1.737651e-011	
3.090163e-012	5.888184e+000	1.819545e-011	
3.235797e-012	5.888184e+000	1.905297e-011	
3.388296e-012	5.888184e+000	1.995091e-011	
3.547981e-012	5.888184e+000	2.089117e-011	
3.715193e-012	5.888184e+000	2.187574e-011	
3.890284e-012	5.888184e+000	2.290671e-011	
4.073628e-012	5.888184e+000	2.398627e-011	
4.265612e-012	5.888184e+000	2.511671e-011	
4.466644e-012	5.888184e+000	2.630042e-011	
4.677150e-012	5.888184e+000	2.753992e-011	
4.897578e-012	5.888184e+000	2.883784e-011	
5.128393e-012	5.888184e+000	3.019692e-011	
5.370087e-012	5.888184e+000	3.162006e-011	
5.623172e-012	5.888184e+000	3.311027e-011	
5.888183e-012	5.888184e+000	3.467070e-011	
6.165685e-012	5.888184e+000	3.630468e-011	
6.456265e-012	5.888184e+000	3.801567e-011	
6.760539e-012	5.888184e+000	3.980730e-011	
7.079154e-012	5.888184e+000	4.168336e-011	
7.412784e-012	5.888184e+000	4.364783e-011	
7.762137e-012	5.888184e+000	4.570489e-011	
8.127956e-012	5.888184e+000	4.785890e-011	
8.511015e-012	5.888184e+000	5.011442e-011	
8.912126e-012	5.888184e+000	5.247624e-011	
9.332142e-012	5.888184e+000	5.494936e-011	
9.771952e-012	5.888184e+000	5.753905e-011	
1.023249e-011	5.888184e+000	6.025078e-011	
1.071473e-011	5.888184e+000	6.309031e-011	
1.121970e-011	5.888184e+000	6.606367e-011	
1.174847e-011	5.888184e+000	6.917715e-011	
1.230216e-011	5.888184e+000	7.243737e-011	
1.288194e-011	5.888184e+000	7.585124e-011	
1.348905e-011	5.888184e+000	7.942599e-011	
1.412477e-011	5.888184e+000	8.316923e-011	
1.479045e-011	5.888184e+000	8.708888e-011	
1.548750e-011	5.888184e+000	9.119324e-011	
1.621740e-011	5.888184e+000	9.549105e-011	
1.698171e-011	5.888184e+000	9.999140e-011	
1.778203e-011	5.888184e+000	1.047039e-010	
1.862007e-011	5.888184e+000	1.096384e-010	
1.949761e-011	5.888184e+000	1.148055e-010	
2.041650e-011	5.888184e+000	1.202161e-010	
2.137870e-011	5.888184e+000	1.258817e-010	
2.238625e-011	5.888184e+000	1.318143e-010	
2.344128e-011	5.888184e+000	1.380266e-010	
2.454603e-011	5.888184e+000	1.445316e-010	
2.570285e-011	5.888184e+000	1.513431e-010	
2.691419e-011	5.888184e+000	1.584757e-010	
2.818262e-011	5.888184e+000	1.659444e-010	
2.951082e-011	5.888184e+000	1.737652e-010	
3.090163e-011	5.888184e+000	1.819544e-010	
3.235797e-011	5.888184e+000	1.905297e-010	
3.388296e-011	5.888184e+000	1.995091e-010	
3.547981e-011	5.888184e+000	2.089117e-010	
3.715192e-011	5.888184e+000	2.187573e-010	
3.890284e-011	5.888184e+000	2.290671e-010	
4.073628e-011	5.888184e+000	2.398627e-010	
4.265612e-011	5.888184e+000	2.511671e-010	
4.466644e-011	5.888184e+000	2.630042e-010	
4.677150e-011	5.888184e+000	2.753992e-010	
4.897577e-011	5.888184e+000	2.883784e-010	
5.128393e-011	5.888184e+000	3.019692e-010	
5.370087e-011	5.888184e+000	3.162006e-010	
5.623171e-011	5.888184e+000	3.311027e-010	
5.888184e-011	5.888184e+000	3.467071e-010	
6.165685e-011	5.888184e+000	3.630468e-010	
6.456265e-011	5.888184e+000	3.801567e-010	
6.760539e-011	5.888184e+000	3.980730e-010	
7.079153e-011	5.888184e+000	4.168335e-010	
7.412784e-011	5.888184e+000	4.364783e-010	
7.762137e-011	5.888184e+000	4.570489e-010	
8.127956e-011	5.888184e+000	4.785890e-010	
8.511014e-011	5.888184e+000	5.011441e-010	
8.912126e-011	5.888184e+000	5.247623e-010	
9.332142e-011	5.888184e+000	5.494937e-010	
9.771952e-011	5.888184e+000	5.753905e-010	
1.023249e-010	5.888184e+000	6.025078e-010	
1.071473e-010	5.888184e+000	6.309031e-010	
1.121970e-010	5.888184e+000	6.606367e-010	
1.174847e-010	5.888184e+000	6.917715e-010	
1.230216e-010	5.888184e+000	7.243737e-010	
1.288194e-010	5.888184e+000	7.585124e-010	
1.348905e-010	5.888184e+000	7.942600e-010	
1.412477e-010	5.888184e+000	8.316923e-010	
1.479045e-010	5.888184e+000	8.708887e-010	
1.548750e-010	5.888184e+000	9.119324e-010	
1.621740e-010	5.888184e+000	9.549105e-010	
1.698171e-010	5.888184e+000	9.999140e-010	
1.778203e-010	5.888184e+000	1.047039e-009	
1.862007e-010	5.888184e+000	1.096384e-009	
1.949761e-010	5.888184e+000	1.148055e-009	
2.041650e-010	5.888184e+000	1.202161e-009	
2.137870e-010	5.888184e+000	1.258817e-009	
2.238625e-010	5.888184e+000	1.318143e-009	
2.344128e-010	5.888184e+000	1.380266e-009	
2.454603e-010	5.888184e+000	1.445316e-009	
2.570285e-010	5.888184e+000	1.513431e-009	
2.691419e-010	5.888184e+000	1.584757e-009	
2.818262e-010	5.888184e+000	1.659444e-009	
2.951082e-010	5.888184e+000	1.737652e-009	
3.090163e-010	5.888184e+000	1.819544e-009	
3.235797e-010	5.888184e+000	1.905297e-009	
3.388296e-010	5.888184e+000	1.995091e-009	
3.547981e-010	5.888184e+000	2.089117e-009	
3.715193e-010	5.888184e+000	2.187574e-009	
3.890284e-010	5.888184e+000	2.290671e-009	
4.073628e-010	5.888184e+000	2.398627e-009	
4.265612e-010	5.888184e+000	2.511671e-009	
4.466644e-010	5.888184e+000	2.630042e-009	
4.677150e-010	5.888184e+000	2.753992e-009	
4.897577e-010	5.888184e+000	2.883783e-009	
5.128393e-010	5.888184e+000	3.019692e-009	
5.370087e-010	5.888184e+000	3.162006e-009	
5.623171e-010	5.888184e+000	3.311027e-009	
5.888183e-010	5.888184e+000	3.467070e-009	
6.165685e-010	5.888184e+000	3.630469e-009	
6.456265e-010	5.888184e+000	3.801567e-009	
6.760539e-010	5.888184e+000	3.980730e-009	
7.079153e-010	5.888184e+000	4.168335e-009	
7.412784e-010	5.888184e+000	4.364783e-009	
7.762138e-010	5.888184e+000	4.570489e-009	
8.127956e-010	5.888184e+000	4.785889e-009	
8.511015e-010	5.888184e+000	5.011442e-009	
8.912126e-010	5.888184e+000	5.247623e-009	
9.332142e-010	5.888184e+000	5.494936e-009	
9.771952e-010	5.888184e+000	5.753905e-009	
1.023249e-009	5.888184e+000	6.025078e-009	
1.071473e-009	5.888184e+000	6.309031e-009	
1.121970e-009	5.888184e+000	6.606366e-009	
1.174847e-009	5.888184e+000	6.917715e-009	
1.230216e-009	5.888184e+000	7.243737e-009	
1.288194e-009	5.888184e+000	7.585124e-009	
1.348905e-009	5.888184e+000	7.942600e-009	
1.412477e-009	5.888184e+000	8.316923e-009	
1.479045e-009	5.888184e+000	8.708887e-009	
1.548750e-009	5.888184e+000	9.119324e-009	
1.621740e-009	5.888184e+000	9.549105e-009	
1.698171e-009	5.888184e+000	9.999140e-009	
1.778203e-009	5.888184e+000	1.047039e-008	
1.862007e-009	5.888184e+000	1.096384e-008	
1.949761e-009	5.888184e+000	1.148055e-008	
2.041650e-009	5.888184e+000	1.202161e-008	
2.137870e-009	5.888184e+000	1.258817e-008	
2.238625e-009	5.888184e+000	1.318143e-008	
2.344128e-009	5.888184e+000	1.380266e-008	
2.454603e-009	5.888184e+000	1.445316e-008	
2.570285e-009	5.888184e+000	1.513431e-008	
2.691419e-009	5.888184e+000	1.584757e-008	
2.818262e-009	5.888184e+000	1.659444e-008	
2.951082e-009	5.888184e+000	1.737651e-008	
3.090163e-009	5.888184e+000	1.819544e-008	
3.235797e-009	5.888184e+000	1.905297e-008	
3.388296e-009	5.888184e+000	1.995091e-008	
3.547981e-009	5.888184e+000	2.089116e-008	
3.715193e-009	5.888184e+000	2.187574e-008	
3.890284e-009	5.888184e+000	2.290671e-008	
4.073628e-009	5.888184e+000	2.398627e-008	
4.265612e-009	5.888184e+000	2.511671e-008	
4.466644e-009	5.888184e+000	2.630042e-008	
4.677150e-009	5.888184e+000	2.753992e-008	
4.897577e-009	5.888184e+000	2.883784e-008	
5.128393e-009	5.888184e+000	3.019692e-008	
5.370087e-009	5.888184e+000	3.162006e-008	
5.623171e-009	5.888184e+000	3.311026e-008	
5.888183e-009	5.888184e+000	3.467070e-008	
6.165685e-009	5.888184e+000	3.630468e-008	
6.456265e-009	5.888184e+000	3.801567e-008	
6.760539e-009	5.888184e+000	3.980730e-008	
7.079153e-009	5.888184e+000	4.168335e-008	
7.412784e-009	5.888184e+000	4.364783e-008	
7.762138e-009	5.888184e+000	4.570489e-008	
8.127956e-009	5.888184e+000	4.785890e-008	
8.511014e-009	5.888184e+000	5.011441e-008	
8.912126e-009	5.888184e+000	5.247623e-008	
9.332142e-009	5.888184e+000	5.494937e-008	
9.771952e-009	5.888184e+000	5.753905e-008	
1.023249e-008	5.888184e+000	6.025078e-008	
1.071473e-008	5.888184e+000	6.309031e-008	
1.121970e-008	5.888184e+000	6.606367e-008	
1.174847e-008	5.888184e+000	6.917715e-008	
1.230216e-008	5.888184e+000	7.243737e-008	
1.288194e-008	5.888184e+000	7.585124e-008	
1.348905e-008	5.888184e+000	7.942600e-008	
1.412477e-008	5.888184e+000	8.316923e-008	
1.479045e-008	5.888184e+000	8.708887e-008	
1.548750e-008	5.888184e+000	9.119325e-008	
1.621740e-008	5.888184e+000	9.549105e-008	
1.698171e-008	5.888184e+000	9.999141e-008	
1.778203e-008	5.888184e+000	1.047039e-007	
1.862007e-008	5.888184e+000	1.096384e-007	
1.949761e-008	5.888184e+000	1.148055e-007	
2.041650e-008	5.888184e+000	1.202161e-007	
2.137870e-008	5.888184e+000	1.258817e-007	
2.238625e-008	5.888184e+000	1.318143e-007	
2.344128e-008	5.888184e+000	1.380266e-007	
2.454603e-008	5.888184e+000	1.445316e-007	
2.570285e-008	5.888184e+000	1.513431e-007	
2.691419e-008	5.888184e+000	1.584757e-007	
2.818262e-008	5.888184e+000	1.659444e-007	
2.951082e-008	5.888184e+000	1.737651e-007	
3.090162e-008	5.888184e+000	1.819544e-007	
3.235797e-008	5.888184e+000	1.905297e-007	
3.388296e-008	5.888184e+000	1.995091e-007	
3.547981e-008	5.888184e+000	2.089117e-007	
3.715192e-008	5.888184e+000	2.187574e-007	
3.890284e-008	5.888184e+000	2.290671e-007	
4.073627e-008	5.888184e+000	2.398627e-007	
4.265612e-008	5.888184e+000	2.511671e-007	
4.466644e-008	5.888184e+000	2.630042e-007	
4.677150e-008	5.888184e+000	2.753992e-007	
4.897577e-008	5.888184e+000	2.883784e-007	
5.128393e-008	5.888184e+000	3.019692e-007	
5.370087e-008	5.888184e+000	3.162006e-007	
5.623172e-008	5.888184e+000	3.311027e-007	
5.888183e-008	5.888184e+000	3.467071e-007	
6.165685e-008	5.888184e+000	3.630468e-007	
6.456265e-008	5.888184e+000	3.801567e-007	
6.760539e-008	5.888184e+000	3.980730e-007	
7.079154e-008	5.888184e+000	4.168336e-007	
7.412784e-008	5.888184e+000	4.364783e-007	
7.762137e-008	5.888184e+000	4.570489e-007	
8.127956e-008	5.888184e+000	4.785890e-007	
8.511014e-008	5.888184e+000	5.011442e-007	
8.912127e-008	5.888184e+000	5.247624e-007	
9.332142e-008	5.888184e+000	5.494936e-007	
9.771952e-008	5.888184e+000	5.753905e-007	
1.023249e-007	5.888184e+000	6.025078e-007	
1.071473e-007	5.888184e+000	6.309031e-007	
1.121970e-007	5.888184e+000	6.606367e-007	
1.174847e-007	5.888184e+000	6.917715e-007	
1.230216e-007	5.888184e+000	7.243737e-007	
1.288194e-007	5.888184e+000	7.585124e-007	
1.348905e-007	5.888184e+000	7.942599e-007	
1.412477e-007	5.888184e+000	8.316923e-007	
1.479045e-007	5.888184e+000	8.708887e-007	
1.548750e-007	5.888184e+000	9.119324e-007	
1.621740e-007	5.888184e+000	9.549105e-007	
1.698171e-007	5.888184e+000	9.999141e-007	
1.778203e-007	5.888184e+000	1.047039e-006	
1.862007e-007	5.888184e+000	1.096384e-006	
1.949761e-007	5.888184e+000	1.148055e-006	
2.041650e-007	5.888184e+000	1.202161e-006	
2.137870e-007	5.888184e+000	1.258817e-006	
2.238625e-007	5.888184e+000	1.318143e-006	
2.344128e-007	5.888184e+000	1.380266e-006	
2.454603e-007	5.888184e+000	1.445316e-006	
2.570285e-007	5.888184e+000	1.513431e-006	
2.691419e-007	5.888184e+000	1.584757e-006	
2.818262e-007	5.888184e+000	1.659444e-006	
2.951082e-007	5.888184e+000	1.737651e-006	
3.090163e-007	5.888184e+000	1.819544e-006	
3.235797e-007	5.888184e+000	1.905297e-006	
3.388296e-007	5.888184e+000	1.995091e-006	
3.547981e-007	5.888184e+000	2.089117e-006	
3.715193e-007	5.888184e+000	2.187574e-006	
3.890284e-007	5.888184e+000	2.290671e-006	
4.073628e-007	5.888184e+000	2.398627e-006	
4.265612e-007	5.888184e+000	2.511670e-006	
4.466644e-007	5.888184e+000	2.630042e-006	
4.677150e-007	5.888184e+000	2.753992e-006	
4.897578e-007	5.888184e+000	2.883784e-006	
5.128393e-007	5.888184e+000	3.019692e-006	
5.370087e-007	5.888184e+000	3.162006e-006	
5.623172e-007	5.888184e+000	3.311027e-006	
5.888184e-007	5.888184e+000	3.467071e-006	
6.165685e-007	5.888184e+000	3.630469e-006	
6.456265e-007	5.888184e+000	3.801567e-006	
6.760539e-007	5.888184e+000	3.980729e-006	
7.079153e-007	5.888184e+000	4.168335e-006	
7.412784e-007	5.888184e+000	4.364783e-006	
7.762138e-007	5.888184e+000	4.570489e-006	
8.127956e-007	5.888184e+000	4.785890e-006	
8.511014e-007	5.888184e+000	5.011442e-006	
8.912126e-007	5.888184e+000	5.247623e-006	
9.332142e-007	5.888184e+000	5.494936e-006	
9.771952e-007	5.888184e+000	5.753905e-006	
1.023249e-006	5.888184e+000	6.025078e-006	
1.071473e-006	5.888184e+000	6.309031e-006	
1.121970e-006	5.888184e+000	6.606366e-006	
1.174847e-006	5.888184e+000	6.917715e-006	
1.230216e-006	5.888184e+000	7.243737e-006	
1.288194e-006	5.888184e+000	7.585124e-006	
1.348905e-006	5.888184e+000	7.942600e-006	
1.412477e-006	5.888184e+000	8.316923e-006	
1.479045e-006	5.888184e+000	8.708888e-006	
1.548750e-006	5.888184e+000	9.119324e-006	
1.621740e-006	5.888184e+000	9.549105e-006	
1.698171e-006	5.888184e+000	9.999141e-006	
1.778203e-006	5.888184e+000	1.047039e-005	
1.862007e-006	5.888184e+000	1.096384e-005	
1.949761e-006	5.888184e+000	1.148055e-005	
2.041650e-006	5.888184e+000	1.202161e-005	
2.137870e-006	5.888184e+000	1.258817e-005	
2.238625e-006	5.888184e+000	1.318143e-005	
2.344128e-006	5.888184e+000	1.380266e-005	
2.454603e-006	5.888184e+000	1.445316e-005	
2.570285e-006	5.888184e+000	1.513431e-005	
2.691419e-006	5.888184e+000	1.584757e-005	
2.818262e-006	5.888184e+000	1.659444e-005	
2.951082e-006	5.888184e+000	1.737651e-005	
3.090163e-006	5.888184e+000	1.819544e-005	
3.235798e-006	5.888184e+000	1.905297e-005	
3.388296e-006	5.888184e+000	1.995091e-005	
3.547981e-006	5.888184e+000	2.089117e-005	
3.715193e-006	5.888184e+000	2.187574e-005	
3.890284e-006	5.888184e+000	2.290671e-005	
4.073628e-006	5.888184e+000	2.398627e-005	
4.265612e-006	5.888184e+000	2.511671e-005	
4.466644e-006	5.888184e+000	2.630042e-005	
4.677150e-006	5.888184e+000	2.753992e-005	
4.897578e-006	5.888184e+000	2.883784e-005	
5.128393e-006	5.888184e+000	3.019692e-005	
5.370087e-006	5.888184e+000	3.162006e-005	
5.623172e-006	5.888184e+000	3.311027e-005	
5.888183e-006	5.888184e+000	3.467070e-005	
6.165685e-006	5.888184e+000	3.630469e-005	
6.456265e-006	5.888184e+000	3.801567e-005	
6.760539e-006	5.888184e+000	3.980730e-005	
7.079153e-006	5.888184e+000	4.168336e-005	
7.412784e-006	5.888184e+000	4.364783e-005	
7.762137e-006	5.888184e+000	4.570489e-005	
8.127956e-006	5.888184e+000	4.785890e-005	
8.511014e-006	5.888184e+000	5.011441e-005	
8.912126e-006	5.888184e+000	5.247623e-005	
9.332141e-006	5.888184e+000	5.494936e-005	
9.771952e-006	5.888184e+000	5.753905e-005	
1.023249e-005	5.888184e+000	6.025078e-005	
1.071473e-005	5.888184e+000	6.309031e-005	
1.121970e-005	5.888184e+000	6.606367e-005	
1.174847e-005	5.888184e+000	6.917715e-005	
1.230216e-005	5.888184e+000	7.243737e-005	
1.288194e-005	5.888184e+000	7.585124e-005	
1.348905e-005	5.888184e+000	7.942600e-005	
1.412477e-005	5.888184e+000	8.316923e-005	
1.479045e-005	5.888184e+000	8.708888e-005	
1.548750e-005	5.888184e+000	9.119324e-005	
1.621740e-005	5.888184e+000	9.549105e-005	
1.698171e-005	5.888184e+000	9.999141e-005	
1.778203e-005	5.888184e+000	1.047039e-004	
1.862007e-005	5.888184e+000	1.096384e-004	
1.949761e-005	5.888184e+000	1.148055e-004	
2.041650e-005	5.888184e+000	1.202161e-004	
2.137870e-005	5.888184e+000	1.258817e-004	
2.238625e-005	5.888184e+000	1.318143e-004	
2.344128e-005	5.888184e+000	1.380266e-004	
2.454603e-005	5.888184e+000	1.445316e-004	
2.570285e-005	5.888184e+000	1.513431e-004	
2.691419e-005	5.888184e+000	1.584757e-004	
2.818262e-005	5.888184e+000	1.659444e-004	
2.951082e-005	5.888184e+000	1.737651e-004	
3.090162e-005	5.888184e+000	1.819544e-004	
3.235797e-005	5.888184e+000	1.905297e-004	
3.388296e-005	5.888184e+000	1.995091e-004	
3.547981e-005	5.888184e+000	2.089117e-004	
3.715193e-005	5.888184e+000	2.187574e-004	
3.890284e-005	5.888184e+000	2.290671e-004	
4.073627e-005	5.888184e+000	2.398627e-004	
4.265612e-005	5.888184e+000	2.511670e-004	
4.466644e-005	5.888184e+000	2.630042e-004	
4.677150e-005	5.888184e+000	2.753992e-004	
4.897578e-005	5.888184e+000	2.883784e-004	
5.128393e-005	5.888184e+000	3.019692e-004	
5.370087e-005	5.888184e+000	3.162006e-004	
5.623171e-005	5.888184e+000	3.311027e-004	
5.888183e-005	5.888184e+000	3.467070e-004	
6.165685e-005	5.888184e+000	3.630469e-004	
6.456265e-005	5.888184e+000	3.801567e-004	
6.760539e-005	5.888184e+000	3.980729e-004	
7.079153e-005	5.888184e+000	4.168335e-004	
7.412783e-005	5.888184e+000	4.364783e-004	
7.762137e-005	5.888184e+000	4.570489e-004	
8.127956e-005	5.888184e+000	4.785889e-004	
8.511014e-005	5.888184e+000	5.011441e-004	
8.912126e-005	5.888184e+000	5.247624e-004	
9.332142e-005	5.888184e+000	5.494936e-004	
9.771952e-005	5.888184e+000	5.753905e-004	
1.023249e-004	5.888184e+000	6.025078e-004	
1.071473e-004	5.888184e+000	6.309031e-004	
1.121970e-004	5.888184e+000	6.606367e-004	
1.174847e-004	5.888184e+000	6.917715e-004	
1.230216e-004	5.888184e+000	7.243737e-004	
1.288194e-004	5.888184e+000	7.585124e-004	
1.348905e-004	5.888184e+000	7.942600e-004	
1.412477e-004	5.888184e+000	8.316923e-004	
1.479045e-004	5.888184e+000	8.708887e-004	
1.548750e-004	5.888184e+000	9.119324e-004	
1.621740e-004	5.888184e+000	9.549105e-004	
1.698171e-004	5.888184e+000	9.999141e-004	
1.778203e-004	5.888184e+000	1.047039e-003	
1.862007e-004	5.888184e+000	1.096384e-003	
1.949761e-004	5.888184e+000	1.148055e-003	
2.041650e-004	5.888184e+000	1.202161e-003	
2.137870e-004	5.888184e+000	1.258817e-003	
2.238625e-004	5.888184e+000	1.318143e-003	
2.344128e-004	5.888184e+000	1.380266e-003	
2.454603e-004	5.888184e+000	1.445316e-003	
2.570285e-004	5.888184e+000	1.513431e-003	
2.691419e-004	5.888184e+000	1.584757e-003	
2.818262e-004	5.888184e+000	1.659444e-003	
2.951082e-004	5.888184e+000	1.737652e-003	
3.090163e-004	5.888184e+000	1.819544e-003	
3.235797e-004	5.888184e+000	1.905297e-003	
3.388296e-004	5.888184e+000	1.995091e-003	
3.547981e-004	5.888184e+000	2.089117e-003	
3.715192e-004	5.888184e+000	2.187574e-003	
3.890284e-004	5.888184e+000	2.290671e-003	
4.073628e-004	5.888184e+000	2.398627e-003	
4.265612e-004	5.888184e+000	2.511670e-003	
4.466644e-004	5.888184e+000	2.630042e-003	
4.677150e-004	5.888184e+000	2.753992e-003	
4.897577e-004	5.888184e+000	2.883784e-003	
5.128394e-004	5.888184e+000	3.019692e-003	
5.370087e-004	5.888184e+000	3.162006e-003	
5.623171e-004	5.888184e+000	3.311027e-003	
5.888183e-004	5.888184e+000	3.467070e-003	
6.165685e-004	5.888184e+000	3.630468e-003	
6.456265e-004	5.888184e+000	3.801567e-003	
6.760539e-004	5.888184e+000	3.980730e-003	
7.079153e-004	5.888184e+000	4.168336e-003	
7.412783e-004	5.888184e+000	4.364783e-003	
7.762138e-004	5.888184e+000	4.570489e-003	
8.127956e-004	5.888184e+000	4.785890e-003	
8.511014e-004	5.888184e+000	5.011441e-003	
8.912126e-004	5.888184e+000	5.247623e-003	
9.332141e-004	5.888184e+000	5.494936e-003	
9.771952e-004	5.888184e+000	5.753905e-003	
1.023249e-003	5.888184e+000	6.025078e-003	
1.071473e-003	5.888184e+000	6.309031e-003	
1.121970e-003	5.888184e+000	6.606367e-003	
1.174847e-003	5.888184e+000	6.917715e-003	
1.230216e-003	5.888184e+000	7.243737e-003	
1.288194e-003	5.888184e+000	7.585124e-003	
1.348905e-003	5.888184e+000	7.942600e-003	
1.412477e-003	5.888184e+000	8.316922e-003	
1.479045e-003	5.888184e+000	8.708887e-003	
1.548750e-003	5.888184e+000	9.119324e-003	
1.621740e-003	5.888184e+000	9.549105e-003	
1.698171e-003	5.888184e+000	9.999141e-003	
1.778203e-003	5.888184e+000	1.047039e-002	
1.862007e-003	5.888184e+000	1.096384e-002	
1.949761e-003	5.888184e+000	1.148055e-002	
2.041650e-003	5.888184e+000	1.202161e-002	
2.137870e-003	5.888184e+000	1.258817e-002	
2.238625e-003	5.888184e+000	1.318143e-002	
2.344128e-003	5.888184e+000	1.380266e-002	
2.454603e-003	5.888184e+000	1.445316e-002	
2.570285e-003	5.888183e+000	1.513431e-002	
2.691419e-003	5.888183e+000	1.584757e-002	
2.818262e-003	5.888183e+000	1.659444e-002	
2.951082e-003	5.888183e+000	1.737651e-002	
3.090163e-003	5.888183e+000	1.819544e-002	
3.235797e-003	5.888183e+000	1.905297e-002	
3.388296e-003	5.888183e+000	1.995091e-002	
3.547981e-003	5.888183e+000	2.089116e-002	
3.715192e-003	5.888183e+000	2.187573e-002	
3.890284e-003	5.888183e+000	2.290671e-002	
4.073628e-003	5.888183e+000	2.398627e-002	
4.265612e-003	5.888183e+000	2.511670e-002	
4.466644e-003	5.888183e+000	2.630042e-002	
4.677150e-003	5.888183e+000	2.753992e-002	
4.897578e-003	5.888183e+000	2.883783e-002	
5.128393e-003	5.888183e+000	3.019692e-002	
5.370087e-003	5.888183e+000	3.162006e-002	
5.623172e-003	5.888183e+000	3.311026e-002	
5.888183e-003	5.888183e+000	3.467070e-002	
6.165685e-003	5.888183e+000	3.630468e-002	
6.456265e-003	5.888183e+000	3.801567e-002	
6.760539e-003	5.888183e+000	3.980729e-002	
7.079153e-003	5.888183e+000	4.168335e-002	
7.412784e-003	5.888183e+000	4.364783e-002	
7.762137e-003	5.888183e+000	4.570489e-002	
8.127956e-003	5.888183e+000	4.785889e-002	
8.511014e-003	5.888183e+000	5.011441e-002	
8.912126e-003	5.888183e+000	5.247623e-002	
9.332142e-003	5.888183e+000	5.494936e-002	
9.771951e-003	5.888183e+000	5.753904e-002	
1.023249e-002	5.888183e+000	6.025077e-002	
1.071473e-002	5.888183e+000	6.309030e-002	
1.121970e-002	5.888183e+000	6.606366e-002	
1.174847e-002	5.888183e+000	6.917714e-002	
1.230216e-002	5.888183e+000	7.243736e-002	
1.288194e-002	5.888183e+000	7.585123e-002	
1.348905e-002	5.888183e+000	7.942599e-002	
1.412477e-002	5.888183e+000	8.316922e-002	
1.479045e-002	5.888183e+000	8.708886e-002	
1.548750e-002	5.888183e+000	9.119323e-002	
1.621740e-002	5.888183e+000	9.549104e-002	
1.698171e-002	5.888183e+000	9.999139e-002	
1.778203e-002	5.888183e+000	1.047038e-001	
1.862007e-002	5.888183e+000	1.096384e-001	
1.949761e-002	5.888183e+000	1.148055e-001	
2.041650e-002	5.888183e+000	1.202161e-001	
2.137870e-002	5.888183e+000	1.258817e-001	
2.238625e-002	5.888183e+000	1.318143e-001	
2.344128e-002	5.888183e+000	1.380265e-001	
2.454603e-002	5.888183e+000	1.445315e-001	
2.570285e-002	5.888183e+000	1.513431e-001	
2.691419e-002	5.888183e+000	1.584757e-001	
2.818262e-002	5.888183e+000	1.659444e-001	
2.951082e-002	5.888183e+000	1.737651e-001	
3.090162e-002	5.888183e+000	1.819544e-001	
3.235797e-002	5.888183e+000	1.905297e-001	
3.388296e-002	5.888183e+000	1.995091e-001	
3.547981e-002	5.888183e+000	2.089116e-001	
3.715192e-002	5.888183e+000	2.187573e-001	
3.890284e-002	5.888183e+000	2.290670e-001	
4.073627e-002	5.888183e+000	2.398626e-001	
4.265611e-002	5.888183e+000	2.511670e-001	
4.466644e-002	5.888183e+000	2.630041e-001	
4.677150e-002	5.888183e+000	2.753991e-001	
4.897577e-002	5.888183e+000	2.883783e-001	
5.128393e-002	5.888183e+000	3.019691e-001	
5.370086e-002	5.888183e+000	3.162005e-001	
5.623171e-002	5.888183e+000	3.311026e-001	
5.888183e-002	5.888183e+000	3.467069e-001	
6.165684e-002	5.888183e+000	3.630467e-001	
6.456264e-002	5.888183e+000	3.801566e-001	
6.760538e-002	5.888183e+000	3.980728e-001	
7.079153e-002	5.888183e+000	4.168334e-001	
7.412782e-002	5.888183e+000	4.364782e-001	
7.762136e-002	5.888183e+000	4.570488e-001	
8.127955e-002	5.888183e+000	4.785888e-001	
8.511013e-002	5.888182e+000	5.011439e-001	
8.912124e-002	5.888182e+000	5.247621e-001	
9.332140e-002	5.888182e+000	5.494934e-001	
9.771950e-002	5.888182e+000	5.753902e-001	
1.023249e-001	5.888182e+000	6.025075e-001	
1.071473e-001	5.888182e+000	6.309028e-001	
1.121970e-001	5.888182e+000	6.606364e-001	
1.174847e-001	5.888182e+000	6.917712e-001	
1.230216e-001	5.888182e+000	7.243733e-001	
1.288194e-001	5.888182e+000	7.585119e-001	
1.348905e-001	5.888182e+000	7.942595e-001	
1.412476e-001	5.888182e+000	8.316918e-001	
1.479044e-001	5.888182e+000	8.708882e-001	
1.548750e-001	5.888182e+000	9.119318e-001	
1.621740e-001	5.888182e+000	9.549099e-001	
1.698170e-001	5.888181e+000	9.999133e-001	
1.778202e-001	5.888181e+000	1.047038e+000	
1.862006e-001	5.888181e+000	1.096383e+000	
1.949760e-001	5.888181e+000	1.148054e+000	
2.041649e-001	5.888181e+000	1.202160e+000	
2.137869e-001	5.888181e+000	1.258816e+000	
2.238624e-001	5.888181e+000	1.318142e+000	
2.344127e-001	5.888181e+000	1.380264e+000	
2.454602e-001	5.888180e+000	1.445314e+000	
2.570284e-001	5.888180e+000	1.513430e+000	
2.691418e-001	5.888180e+000	1.584755e+000	
2.818260e-001	5.888180e+000	1.659442e+000	
2.951081e-001	5.888180e+000	1.737649e+000	
3.090161e-001	5.888180e+000	1.819542e+000	
3.235795e-001	5.888179e+000	1.905294e+000	
3.388294e-001	5.888179e+000	1.995088e+000	
3.547979e-001	5.888179e+000	2.089113e+000	
3.715190e-001	5.888179e+000	2.187570e+000	
3.890281e-001	5.888179e+000	2.290667e+000	
4.073624e-001	5.888178e+000	2.398623e+000	
4.265608e-001	5.888178e+000	2.511666e+000	
4.466640e-001	5.888178e+000	2.630037e+000	
4.677146e-001	5.888178e+000	2.753987e+000	
4.897573e-001	5.888177e+000	2.883778e+000	
5.128388e-001	5.888177e+000	3.019686e+000	
5.370081e-001	5.888177e+000	3.161999e+000	
5.623165e-001	5.888177e+000	3.311019e+000	
5.888177e-001	5.888176e+000	3.467062e+000	
6.165677e-001	5.888176e+000	3.630459e+000	
6.456257e-001	5.888175e+000	3.801557e+000	
6.760530e-001	5.888175e+000	3.980719e+000	
7.079144e-001	5.888175e+000	4.168324e+000	
7.412773e-001	5.888175e+000	4.364770e+000	
7.762125e-001	5.888174e+000	4.570474e+000	
8.127942e-001	5.888174e+000	4.785873e+000	
8.511000e-001	5.888173e+000	5.011424e+000	
8.912110e-001	5.888173e+000	5.247604e+000	
9.332124e-001	5.888172e+000	5.494915e+000	
9.771933e-001	5.888172e+000	5.753882e+000	
1.023247e+000	5.888171e+000	6.025053e+000	
1.071471e+000	5.888171e+000	6.309004e+000	
1.121968e+000	5.888170e+000	6.606337e+000	
1.174844e+000	5.888169e+000	6.917682e+000	
1.230213e+000	5.888169e+000	7.243701e+000	
1.288191e+000	5.888168e+000	7.585084e+000	
1.348901e+000	5.888167e+000	7.942556e+000	
1.412473e+000	5.888166e+000	8.316874e+000	
1.479040e+000	5.888166e+000	8.708835e+000	
1.548745e+000	5.888165e+000	9.119267e+000	
1.621735e+000	5.888164e+000	9.549042e+000	
1.698165e+000	5.888163e+000	9.999071e+000	
1.778197e+000	5.888162e+000	1.047031e+001	
1.862000e+000	5.888161e+000	1.096376e+001	
1.949753e+000	5.888160e+000	1.148046e+001	
2.041642e+000	5.888159e+000	1.202151e+001	
2.137861e+000	5.888158e+000	1.258806e+001	
2.238615e+000	5.888157e+000	1.318132e+001	
2.344117e+000	5.888155e+000	1.380252e+001	
2.454591e+000	5.888154e+000	1.445301e+001	
2.570272e+000	5.888153e+000	1.513415e+001	
2.691404e+000	5.888151e+000	1.584740e+001	
2.818246e+000	5.888150e+000	1.659425e+001	
2.951065e+000	5.888148e+000	1.737631e+001	
3.090143e+000	5.888146e+000	1.819522e+001	
3.235776e+000	5.888145e+000	1.905272e+001	
3.388273e+000	5.888143e+000	1.995063e+001	
3.547956e+000	5.888141e+000	2.089087e+001	
3.715165e+000	5.888139e+000	2.187541e+001	
3.890254e+000	5.888137e+000	2.290635e+001	
4.073594e+000	5.888135e+000	2.398587e+001	
4.265575e+000	5.888133e+000	2.511627e+001	
4.466604e+000	5.888130e+000	2.629994e+001	
4.677106e+000	5.888128e+000	2.753940e+001	
4.897529e+000	5.888125e+000	2.883726e+001	
5.128340e+000	5.888123e+000	3.019630e+001	
5.370029e+000	5.888120e+000	3.161937e+001	
5.623107e+000	5.888116e+000	3.310951e+001	
5.888113e+000	5.888113e+000	3.466988e+001	
6.165608e+000	5.888110e+000	3.630378e+001	
6.456181e+000	5.888106e+000	3.801468e+001	
6.760447e+000	5.888103e+000	3.980621e+001	
7.079052e+000	5.888099e+000	4.168216e+001	
7.412673e+000	5.888095e+000	4.364652e+001	
7.762016e+000	5.888091e+000	4.570346e+001	
8.127822e+000	5.888087e+000	4.785732e+001	
8.510868e+000	5.888082e+000	5.011269e+001	
8.911965e+000	5.888077e+000	5.247434e+001	
9.331965e+000	5.888072e+000	5.494729e+001	
9.771759e+000	5.888067e+000	5.753677e+001	
1.023228e+001	5.888062e+000	6.024828e+001	
1.071450e+001	5.888056e+000	6.308758e+001	
1.121945e+001	5.888050e+000	6.606066e+001	
1.174819e+001	5.888043e+000	6.917386e+001	
1.230185e+001	5.888037e+000	7.243376e+001	
1.288161e+001	5.888030e+000	7.584728e+001	
1.348868e+001	5.888023e+000	7.942166e+001	
1.412436e+001	5.888015e+000	8.316448e+001	
1.479001e+001	5.888007e+000	8.708366e+001	
1.548701e+001	5.887999e+000	9.118753e+001	
1.621687e+001	5.887990e+000	9.548478e+001	
1.698112e+001	5.887981e+000	9.998453e+001	
1.778139e+001	5.887971e+000	1.046963e+002	
1.861937e+001	5.887961e+000	1.096301e+002	
1.949684e+001	5.887951e+000	1.147964e+002	
2.041566e+001	5.887940e+000	1.202062e+002	
2.137778e+001	5.887928e+000	1.258708e+002	
2.238523e+001	5.887917e+000	1.318024e+002	
2.344017e+001	5.887904e+000	1.380134e+002	
2.454481e+001	5.887891e+000	1.445172e+002	
2.570152e+001	5.887877e+000	1.513274e+002	
2.691272e+001	5.887862e+000	1.584584e+002	
2.818101e+001	5.887847e+000	1.659255e+002	
2.950906e+001	5.887831e+000	1.737444e+002	
3.089969e+001	5.887815e+000	1.819316e+002	
3.235585e+001	5.887797e+000	1.905047e+002	
3.388063e+001	5.887779e+000	1.994817e+002	
3.547726e+001	5.887760e+000	2.088816e+002	
3.714912e+001	5.887740e+000	2.187244e+002	
3.889977e+001	5.887719e+000	2.290309e+002	
4.073291e+001	5.887697e+000	2.398230e+002	
4.265242e+001	5.887673e+000	2.511235e+002	
4.466239e+001	5.887649e+000	2.629565e+002	
4.676706e+001	5.887624e+000	2.753469e+002	
4.897090e+001	5.887598e+000	2.883210e+002	
5.127859e+001	5.887569e+000	3.019062e+002	
5.369501e+001	5.887540e+000	3.161315e+002	
5.622528e+001	5.887510e+000	3.310269e+002	
5.887478e+001	5.887478e+000	3.466240e+002	
6.164911e+001	5.887444e+000	3.629557e+002	
6.455415e+001	5.887409e+000	3.800567e+002	
6.759608e+001	5.887372e+000	3.979633e+002	
7.078131e+001	5.887333e+000	4.167132e+002	
7.411662e+001	5.887292e+000	4.363462e+002	
7.760907e+001	5.887250e+000	4.569040e+002	
8.126605e+001	5.887205e+000	4.784299e+002	
8.509533e+001	5.887158e+000	5.009697e+002	
8.910500e+001	5.887109e+000	5.245709e+002	
9.330357e+001	5.887057e+000	5.492835e+002	
9.769994e+001	5.887003e+000	5.751599e+002	
1.023034e+002	5.886946e+000	6.022546e+002	
1.071237e+002	5.886886e+000	6.306251e+002	
1.121711e+002	5.886823e+000	6.603315e+002	
1.174562e+002	5.886757e+000	6.914364e+002	
1.229903e+002	5.886687e+000	7.240056e+002	
1.287851e+002	5.886614e+000	7.581081e+002	
1.348528e+002	5.886537e+000	7.938158e+002	
1.412062e+002	5.886456e+000	8.312042e+002	
1.478589e+002	5.886369e+000	8.703522e+002	
1.548249e+002	5.886279e+000	9.113425e+002	
1.621189e+002	5.886183e+000	9.542616e+002	
1.697564e+002	5.886081e+000	9.992000e+002	
1.777535e+002	5.885973e+000	1.046253e+003	
1.861272e+002	5.885858e+000	1.095518e+003	
1.948950e+002	5.885736e+000	1.147101e+003	
2.040756e+002	5.885605e+000	1.201109e+003	
2.136883e+002	5.885465e+000	1.257655e+003	
2.237534e+002	5.885314e+000	1.316859e+003	
2.342921e+002	5.885152e+000	1.378845e+003	
2.453266e+002	5.884975e+000	1.443741e+003	
2.568800e+002	5.884781e+000	1.511683e+003	
2.689767e+002	5.884568e+000	1.582812e+003	
2.816418e+002	5.884332e+000	1.657274e+003	
2.949019e+002	5.884067e+000	1.735223e+003	
3.087844e+002	5.883766e+000	1.816815e+003	
3.233180e+002	5.883421e+000	1.902216e+003	
3.385324e+002	5.883019e+000	1.991593e+003	
3.544583e+002	5.882543e+000	2.085116e+003	
3.711273e+002	5.881970e+000	2.182960e+003	
3.885716e+002	5.881269e+000	2.285294e+003	
4.068237e+002	5.880392e+000	2.392283e+003	
4.259158e+002	5.879274e+000	2.504076e+003	
4.458782e+002	5.877820e+000	2.620792e+003	
4.667383e+002	5.875887e+000	2.742501e+003	
4.885170e+002	5.873266e+000	2.869190e+003	
5.112240e+002	5.869637e+000	3.000699e+003	
5.348500e+002	5.864513e+000	3.136635e+003	
5.593527e+002	5.857142e+000	3.276209e+003	
5.846368e+002	5.846368e+000	3.418002e+003	
6.105224e+002	5.830443e+000	3.559616e+003	
6.367103e+002	5.806867e+000	3.697292e+003	
6.627620e+002	5.772416e+000	3.825738e+003	
6.881399e+002	5.723699e+000	3.938705e+003	
7.123331e+002	5.658263e+000	4.030568e+003	
7.350109e+002	5.575628e+000	4.098147e+003	
7.560840e+002	5.477344e+000	4.141332e+003	
7.756469e+002	5.366165e+000	4.162249e+003	
7.938781e+002	5.245101e+000	4.163971e+003	
8.109681e+002	5.116863e+000	4.149612e+003	
8.241263e+002	4.965852e+000	4.092489e+003	
8.329628e+002	4.793200e+000	3.992558e+003	
8.405151e+002	4.618974e+000	3.882317e+003	
8.470581e+002	4.445424e+000	3.765532e+003	
8.527913e+002	4.274081e+000	3.644899e+003	
8.578641e+002	4.105996e+000	3.522387e+003	
8.623909e+002	3.941887e+000	3.399448e+003	
8.664600e+002	3.782235e+000	3.277156e+003	
8.701407e+002	3.627350e+000	3.156305e+003	
8.734883e+002	3.477420e+000	3.037485e+003	
8.765475e+002	3.332541e+000	2.921130e+003	
8.793548e+002	3.192744e+000	2.807555e+003	
8.819402e+002	3.058012e+000	2.696984e+003	
8.843290e+002	2.928288e+000	2.589570e+003	
8.865424e+002	2.803493e+000	2.485415e+003	
8.885983e+002	2.683524e+000	2.384575e+003	
8.905124e+002	2.568266e+000	2.287073e+003	
8.922980e+002	2.457593e+000	2.192905e+003	
8.939667e+002	2.351372e+000	2.102048e+003	
8.955287e+002	2.249466e+000	2.014462e+003	
8.969930e+002	2.151736e+000	1.930092e+003	
8.983676e+002	2.058041e+000	1.848877e+003	
8.996594e+002	1.968240e+000	1.770746e+003	
9.008749e+002	1.882194e+000	1.695622e+003	
9.020196e+002	1.799766e+000	1.623424e+003	
9.030988e+002	1.720819e+000	1.554070e+003	
9.041170e+002	1.645222e+000	1.487474e+003	
9.050784e+002	1.572846e+000	1.423549e+003	
9.059869e+002	1.503564e+000	1.362209e+003	
9.068460e+002	1.437254e+000	1.303368e+003	
9.076589e+002	1.373797e+000	1.246939e+003	
9.084284e+002	1.313079e+000	1.192838e+003	
9.091574e+002	1.254987e+000	1.140980e+003	
9.098464e+002	1.199411e+000	1.091280e+003	
9.105010e+002	1.146253e+000	1.043664e+003	
9.111218e+002	1.095409e+000	9.980512e+002	
9.117108e+002	1.046784e+000	9.543643e+002	
9.122698e+002	1.000284e+000	9.125289e+002	
9.128007e+002	9.558196e-001	8.724728e+002	
9.133048e+002	9.133048e-001	8.341257e+002	
9.137838e+002	8.726568e-001	7.974196e+002	
9.142390e+002	8.337958e-001	7.622886e+002	
9.146717e+002	7.966457e-001	7.286693e+002	
9.150831e+002	7.611330e-001	6.964999e+002	
9.154744e+002	7.271872e-001	6.657212e+002	
9.158466e+002	6.947407e-001	6.362758e+002	
9.162007e+002	6.637287e-001	6.081087e+002	
9.165377e+002	6.340892e-001	5.811666e+002	
9.168585e+002	6.057624e-001	5.553983e+002	
9.171638e+002	5.786912e-001	5.307547e+002	
9.174545e+002	5.528210e-001	5.071882e+002	
9.177314e+002	5.280993e-001	4.846533e+002	
9.179951e+002	5.044758e-001	4.631063e+002	
9.182462e+002	4.819025e-001	4.425051e+002	
9.184855e+002	4.603332e-001	4.228094e+002	
9.187135e+002	4.397239e-001	4.039803e+002	
9.189307e+002	4.200324e-001	3.859807e+002	
9.191378e+002	4.012182e-001	3.687748e+002	
9.193351e+002	3.832427e-001	3.523285e+002	
9.195232e+002	3.660688e-001	3.366087e+002	
9.197025e+002	3.496611e-001	3.215842e+002	
9.198735e+002	3.339859e-001	3.072247e+002	
9.200365e+002	3.190106e-001	2.935014e+002	
9.201919e+002	3.047042e-001	2.803863e+002	
9.203401e+002	2.910371e-001	2.678531e+002	
9.204815e+002	2.779810e-001	2.558764e+002	
9.206163e+002	2.655087e-001	2.444316e+002	
9.207449e+002	2.535942e-001	2.334956e+002	
9.208676e+002	2.422129e-001	2.230460e+002	
9.209846e+002	2.313409e-001	2.130614e+002	
9.210963e+002	2.209556e-001	2.035214e+002	
9.212028e+002	2.110354e-001	1.944064e+002	
9.213044e+002	2.015595e-001	1.856976e+002	
9.214014e+002	1.925080e-001	1.773772e+002	
9.214940e+002	1.838622e-001	1.694279e+002	
9.215823e+002	1.756039e-001	1.618334e+002	
9.216647e+002	1.677154e-001	1.545774e+002	
9.217450e+002	1.601809e-001	1.476460e+002	
9.218217e+002	1.529843e-001	1.410242e+002	
9.218947e+002	1.461105e-001	1.346985e+002	
9.219645e+002	1.395450e-001	1.286555e+002	
9.220311e+002	1.332740e-001	1.228828e+002	
9.220947e+002	1.272845e-001	1.173684e+002	
9.221553e+002	1.215637e-001	1.121007e+002	
9.222132e+002	1.160998e-001	1.070687e+002	
9.222685e+002	1.108811e-001	1.022621e+002	
9.223212e+002	1.058966e-001	9.767072e+001	
9.223716e+002	1.011360e-001	9.328500e+001	
9.224196e+002	9.658919e-002	8.909577e+001	
9.224655e+002	9.224655e-002	8.509427e+001	
9.225093e+002	8.809896e-002	8.127211e+001	
9.225511e+002	8.413766e-002	7.762129e+001	
9.225910e+002	8.035432e-002	7.413417e+001	
9.226291e+002	7.674095e-002	7.080343e+001	
9.226655e+002	7.328992e-002	6.762208e+001	
9.227002e+002	6.999397e-002	6.458345e+001	
9.227333e+002	6.684612e-002	6.168115e+001	
9.227650e+002	6.383974e-002	5.890908e+001	
9.227952e+002	6.096847e-002	5.626142e+001	
9.228240e+002	5.822626e-002	5.373259e+001	
9.228516e+002	5.560731e-002	5.131729e+001	
9.228779e+002	5.310608e-002	4.901043e+001	
9.229030e+002	5.071729e-002	4.680714e+001	
9.229269e+002	4.843590e-002	4.470279e+001	
9.229498e+002	4.625707e-002	4.269295e+001	
9.229717e+002	4.417620e-002	4.077338e+001	
9.229926e+002	4.218890e-002	3.894004e+001	
9.230125e+002	4.029096e-002	3.718905e+001	
9.230315e+002	3.847836e-002	3.551673e+001	
9.230496e+002	3.674727e-002	3.391955e+001	
9.230670e+002	3.509403e-002	3.239414e+001	
9.230836e+002	3.351514e-002	3.093727e+001	
9.230994e+002	3.200725e-002	2.954588e+001	
9.231144e+002	3.056719e-002	2.821702e+001	
9.231288e+002	2.919190e-002	2.694788e+001	
9.231426e+002	2.787846e-002	2.573580e+001	
9.231558e+002	2.662410e-002	2.457819e+001	
9.231683e+002	2.542617e-002	2.347263e+001	
9.231803e+002	2.428212e-002	2.241677e+001	
9.231917e+002	2.318953e-002	2.140838e+001	
9.232026e+002	2.214609e-002	2.044533e+001	
9.232131e+002	2.114959e-002	1.952558e+001	
9.232231e+002	2.019792e-002	1.864719e+001	
9.232325e+002	1.928906e-002	1.780829e+001	
9.232416e+002	1.842109e-002	1.700712e+001	
9.232503e+002	1.759217e-002	1.624198e+001	
9.232586e+002	1.680055e-002	1.551125e+001	
9.232665e+002	1.604453e-002	1.481338e+001	
9.232741e+002	1.532254e-002	1.414690e+001	
9.232813e+002	1.463302e-002	1.351040e+001	
9.232882e+002	1.397453e-002	1.290252e+001	
9.232947e+002	1.334567e-002	1.232199e+001	
9.233010e+002	1.274510e-002	1.176757e+001	
9.233071e+002	1.217156e-002	1.123808e+001	
9.233127e+002	1.162382e-002	1.073242e+001	
9.233182e+002	1.110073e-002	1.024950e+001	
9.233235e+002	1.060117e-002	9.788310e+000	
9.233284e+002	1.012409e-002	9.347865e+000	
9.233332e+002	9.668485e-003	8.927233e+000	
9.233378e+002	9.233378e-003	8.525527e+000	
