time	V(receiver)
0.000000000000000e+000	5.888049e-005
9.765624073287960e-012	5.887989e-005
1.953124814657592e-011	5.888124e-005
3.906249629315184e-011	5.888118e-005
7.812499258630368e-011	5.888216e-005
1.562499851726074e-010	5.888359e-005
3.124999703452147e-010	5.888155e-005
6.249999406904294e-010	5.888060e-005
1.249999881380859e-009	5.888150e-005
2.499999762761718e-009	5.889685e-005
4.999999525523435e-009	5.914108e-005
9.999999051046871e-009	6.287965e-005
1.976562405104687e-008	9.083591e-005
2.953124905104687e-008	1.714990e-004
3.929687405104687e-008	3.575057e-004
4.906249905104687e-008	7.162756e-004
5.882812405104687e-008	1.327980e-003
6.859374905104687e-008	2.281287e-003
7.835937405104687e-008	3.668629e-003
8.812499905104686e-008	5.581222e-003
9.789062405104686e-008	8.104078e-003
1.076562490510469e-007	1.131124e-002
1.174218740510469e-007	1.526150e-002
1.271874990510469e-007	1.999473e-002
1.369531240510469e-007	2.552912e-002
1.467187490510469e-007	3.185930e-002
1.564843740510469e-007	3.895566e-002
1.662499990510469e-007	4.676462e-002
1.760156240510469e-007	5.521007e-002
1.857812490510469e-007	6.419584e-002
1.955468740510469e-007	7.360907e-002
2.053124990510469e-007	8.332424e-002
2.150781240510469e-007	9.320794e-002
2.248437490510469e-007	1.031238e-001
2.346093740510469e-007	1.129378e-001
2.443749990510469e-007	1.225228e-001
2.541406240510469e-007	1.317638e-001
2.639062490510469e-007	1.405616e-001
2.736718740510469e-007	1.488361e-001
2.834374990510470e-007	1.565288e-001
2.932031240510470e-007	1.636044e-001
3.029687490510470e-007	1.700505e-001
3.127343740510470e-007	1.758774e-001
3.224999990510471e-007	1.811160e-001
3.322656240510471e-007	1.858149e-001
3.420312490510471e-007	1.900373e-001
3.615624990510472e-007	1.973504e-001
3.713281240510472e-007	2.005989e-001
3.810937490510472e-007	2.036768e-001
3.908593740510472e-007	2.066503e-001
4.006249990510473e-007	2.095730e-001
4.103906240510473e-007	2.124822e-001
4.201562490510473e-007	2.153966e-001
4.299218740510473e-007	2.183145e-001
4.396874990510474e-007	2.212135e-001
4.494531240510474e-007	2.240510e-001
4.592187490510474e-007	2.267653e-001
4.689843740510474e-007	2.292791e-001
4.787499990510475e-007	2.315018e-001
4.982812490510475e-007	2.346730e-001
5.080468740510475e-007	2.354155e-001
5.178124990510476e-007	2.354646e-001
5.275781240510476e-007	2.347331e-001
5.373437490510476e-007	2.331487e-001
5.471093740510476e-007	2.306570e-001
5.568749990510477e-007	2.272247e-001
5.666406240510477e-007	2.228416e-001
5.764062490510477e-007	2.175214e-001
5.861718740510478e-007	2.113016e-001
5.959374990510478e-007	2.042426e-001
6.057031240510478e-007	1.964250e-001
6.154687490510478e-007	1.879472e-001
6.252343740510479e-007	1.789210e-001
6.447656240510479e-007	1.597124e-001
6.545312490510479e-007	1.497808e-001
6.642968740510480e-007	1.397925e-001
6.740624990510480e-007	1.298577e-001
6.838281240510480e-007	1.200727e-001
6.935937490510480e-007	1.105166e-001
7.033593740510481e-007	1.012492e-001
7.131249990510481e-007	9.230893e-002
7.228906240510481e-007	8.371306e-002
7.326562490510481e-007	7.545775e-002
7.424218740510482e-007	6.751989e-002
7.521874990510482e-007	5.985955e-002
7.619531240510482e-007	5.242329e-002
7.717187490510482e-007	4.514816e-002
7.814843740510483e-007	3.796601e-002
7.912499990510483e-007	3.080818e-002
8.010156240510483e-007	2.361007e-002
8.107812490510483e-007	1.631557e-002
8.205468740510484e-007	8.880999e-003
8.303124990510484e-007	1.278474e-003
8.400781240510484e-007	-6.501575e-003
8.498437490510484e-007	-1.444875e-002
8.596093740510485e-007	-2.253206e-002
8.693749990510485e-007	-3.070029e-002
8.791406240510485e-007	-3.888341e-002
8.889062490510485e-007	-4.699494e-002
8.986718740510486e-007	-5.493509e-002
9.084374990510486e-007	-6.259465e-002
9.182031240510486e-007	-6.985939e-002
9.279687490510486e-007	-7.661472e-002
9.377343740510487e-007	-8.275044e-002
9.474999990510487e-007	-8.816540e-002
9.572656240510487e-007	-9.277173e-002
9.670312490510488e-007	-9.649856e-002
9.767968740510488e-007	-9.929498e-002
9.865624990510488e-007	-1.011322e-001
9.963281240510488e-007	-1.020045e-001
1.006093749051049e-006	-1.019296e-001
1.015859374051049e-006	-1.009478e-001
1.025624999051049e-006	-9.911954e-002
1.035390624051049e-006	-9.652341e-002
1.045156249051049e-006	-9.325206e-002
1.054921874051049e-006	-8.940832e-002
1.064687499051049e-006	-8.510070e-002
1.074453124051049e-006	-8.043859e-002
1.084218749051049e-006	-7.552779e-002
1.093984374051049e-006	-7.046597e-002
1.103749999051049e-006	-6.533886e-002
1.113515624051049e-006	-6.021694e-002
1.123281249051049e-006	-5.515296e-002
1.133046874051049e-006	-5.018041e-002
1.142812499051049e-006	-4.531290e-002
1.152578124051049e-006	-4.054461e-002
1.162343749051049e-006	-3.585166e-002
1.172109374051049e-006	-3.119443e-002
1.181874999051049e-006	-2.652066e-002
1.191640624051049e-006	-2.176913e-002
1.201406249051049e-006	-1.687388e-002
1.211171874051049e-006	-1.176862e-002
1.220937499051049e-006	-6.391214e-003
1.230703124051049e-006	-6.879426e-004
1.240468749051050e-006	5.382591e-003
1.250234374051050e-006	1.184615e-002
1.259999999051050e-006	1.871030e-002
1.269765624051050e-006	2.596267e-002
1.279531249051050e-006	3.357025e-002
1.289296874051050e-006	4.147958e-002
1.299062499051050e-006	4.961797e-002
1.308828124051050e-006	5.789569e-002
1.318593749051050e-006	6.620891e-002
1.328359374051050e-006	7.444336e-002
1.338124999051050e-006	8.247854e-002
1.347890624051050e-006	9.019227e-002
1.357656249051050e-006	9.746528e-002
1.367421874051050e-006	1.041857e-001
1.377187499051050e-006	1.102535e-001
1.386953124051050e-006	1.155839e-001
1.396718749051050e-006	1.201105e-001
1.406484374051050e-006	1.237879e-001
1.416249999051050e-006	1.265924e-001
1.426015624051050e-006	1.285227e-001
1.435781249051050e-006	1.295991e-001
1.445546874051050e-006	1.298621e-001
1.455312499051050e-006	1.293695e-001
1.465078124051050e-006	1.281938e-001
1.484609374051050e-006	1.241306e-001
1.494374999051050e-006	1.214233e-001
1.504140624051050e-006	1.183842e-001
1.513906249051050e-006	1.150949e-001
1.523671874051050e-006	1.116265e-001
1.533437499051050e-006	1.080361e-001
1.543203124051050e-006	1.043647e-001
1.552968749051050e-006	1.006351e-001
1.562734374051050e-006	9.685202e-002
1.572499999051050e-006	9.300144e-002
1.582265624051050e-006	8.905257e-002
1.592031249051050e-006	8.495963e-002
1.601796874051050e-006	8.066483e-002
1.611562499051050e-006	7.610190e-002
1.621328124051051e-006	7.120010e-002
1.631093749051051e-006	6.588849e-002
1.640859374051051e-006	6.010023e-002
1.650624999051051e-006	5.377683e-002
1.660390624051051e-006	4.687198e-002
1.670156249051051e-006	3.935483e-002
1.679921874051051e-006	3.121266e-002
1.689687499051051e-006	2.245263e-002
1.699453124051051e-006	1.310270e-002
1.709218749051051e-006	3.211562e-003
1.718984374051051e-006	-7.152404e-003
1.728749999051051e-006	-1.790303e-002
1.738515624051051e-006	-2.893914e-002
1.748281249051051e-006	-4.014798e-002
1.758046874051051e-006	-5.140920e-002
1.767812499051051e-006	-6.259920e-002
1.777578124051051e-006	-7.359564e-002
1.787343749051051e-006	-8.428176e-002
1.797109374051051e-006	-9.455070e-002
1.806874999051051e-006	-1.043091e-001
1.816640624051051e-006	-1.134801e-001
1.826406249051051e-006	-1.220059e-001
1.836171874051051e-006	-1.298490e-001
1.845937499051051e-006	-1.369929e-001
1.855703124051051e-006	-1.434414e-001
1.865468749051051e-006	-1.492175e-001
1.875234374051051e-006	-1.543610e-001
1.884999999051051e-006	-1.589258e-001
1.894765624051051e-006	-1.629760e-001
1.914296874051051e-006	-1.698174e-001
1.924062499051051e-006	-1.727524e-001
1.933828124051051e-006	-1.754517e-001
1.943593749051051e-006	-1.779706e-001
1.953359374051051e-006	-1.803509e-001
1.963124999051051e-006	-1.826195e-001
1.972890624051051e-006	-1.847861e-001
1.982656249051051e-006	-1.868428e-001
1.992421874051051e-006	-1.887639e-001
2.002187499051051e-006	-1.905076e-001
2.011953124051051e-006	-1.920175e-001
2.021718749051051e-006	-1.932253e-001
2.041249999051051e-006	-1.944242e-001
2.051015624051051e-006	-1.942527e-001
2.060781249051051e-006	-1.934626e-001
2.070546874051051e-006	-1.919842e-001
2.080312499051052e-006	-1.897596e-001
2.090078124051052e-006	-1.867462e-001
2.099843749051052e-006	-1.829188e-001
2.109609374051052e-006	-1.782723e-001
2.119374999051052e-006	-1.728222e-001
2.129140624051052e-006	-1.666048e-001
2.138906249051052e-006	-1.596764e-001
2.148671874051052e-006	-1.521119e-001
2.158437499051052e-006	-1.440017e-001
2.168203124051052e-006	-1.354492e-001
2.187734374051052e-006	-1.174700e-001
2.197499999051052e-006	-1.082775e-001
2.207265624051052e-006	-9.910244e-002
2.217031249051052e-006	-9.005030e-002
2.226796874051052e-006	-8.121519e-002
2.236562499051052e-006	-7.267652e-002
2.246328124051052e-006	-6.449671e-002
2.256093749051052e-006	-5.671964e-002
2.265859374051052e-006	-4.936992e-002
2.275624999051052e-006	-4.245324e-002
2.285390624051052e-006	-3.595739e-002
2.295156249051052e-006	-2.985435e-002
2.304921874051052e-006	-2.410291e-002
2.314687499051052e-006	-1.865200e-002
2.324453124051052e-006	-1.344444e-002
2.334218749051052e-006	-8.420912e-003
2.343984374051052e-006	-3.524021e-003
2.353749999051052e-006	1.297813e-003
2.363515624051052e-006	6.086765e-003
2.373281249051052e-006	1.087253e-002
2.383046874051052e-006	1.566990e-002
2.392812499051052e-006	2.047712e-002
2.402578124051052e-006	2.527504e-002
2.412343749051052e-006	3.002725e-002
2.422109374051052e-006	3.468104e-002
2.431874999051052e-006	3.916920e-002
2.441640624051052e-006	4.341260e-002
2.451406249051052e-006	4.732343e-002
2.461171874051053e-006	5.080885e-002
2.470937499051053e-006	5.377504e-002
2.480703124051053e-006	5.613133e-002
2.490468749051053e-006	5.779424e-002
2.500234374051053e-006	5.869128e-002
2.509999999051053e-006	5.876429e-002
2.519765624051053e-006	5.797226e-002
2.529531249051053e-006	5.629322e-002
2.539296874051053e-006	5.372558e-002
2.549062499051053e-006	5.028831e-002
2.558828124051053e-006	4.602046e-002
2.568593749051053e-006	4.097962e-002
2.578359374051053e-006	3.523974e-002
2.588124999051053e-006	2.888814e-002
2.597890624051053e-006	2.202203e-002
2.607656249051053e-006	1.474462e-002
2.617421874051053e-006	7.161010e-003
2.627187499051053e-006	-6.259194e-004
2.636953124051053e-006	-8.519425e-003
2.646718749051053e-006	-1.643249e-002
2.656484374051053e-006	-2.429090e-002
2.666249999051053e-006	-3.203557e-002
2.676015624051053e-006	-3.962424e-002
2.685781249051053e-006	-4.703218e-002
2.695546874051053e-006	-5.425213e-002
2.705312499051053e-006	-6.129333e-002
2.715078124051053e-006	-6.817971e-002
2.724843749051053e-006	-7.494745e-002
2.734609374051053e-006	-8.164186e-002
2.744374999051053e-006	-8.831383e-002
2.754140624051053e-006	-9.501604e-002
2.763906249051053e-006	-1.017991e-001
2.773671874051053e-006	-1.087077e-001
2.783437499051053e-006	-1.157773e-001
2.793203124051053e-006	-1.230308e-001
2.802968749051053e-006	-1.304763e-001
2.812734374051053e-006	-1.381055e-001
2.822499999051053e-006	-1.458928e-001
2.832265624051053e-006	-1.537949e-001
2.842031249051054e-006	-1.617521e-001
2.851796874051054e-006	-1.696900e-001
2.861562499051054e-006	-1.775213e-001
2.871328124051054e-006	-1.851497e-001
2.890859374051054e-006	-1.993858e-001
2.900624999051054e-006	-2.057868e-001
2.910390624051054e-006	-2.115792e-001
2.920156249051054e-006	-2.166765e-001
2.929921874051054e-006	-2.210051e-001
2.939687499051054e-006	-2.245077e-001
2.949453124051054e-006	-2.271446e-001
2.959218749051054e-006	-2.288960e-001
2.968984374051054e-006	-2.297617e-001
2.978749999051054e-006	-2.297612e-001
2.988515624051054e-006	-2.289322e-001
2.998281249051054e-006	-2.273290e-001
3.008046874051054e-006	-2.250193e-001
3.017812499051054e-006	-2.220813e-001
3.037343749051054e-006	-2.146637e-001
3.047109374051054e-006	-2.103589e-001
3.056874999051054e-006	-2.057679e-001
3.066640624051054e-006	-2.009645e-001
3.076406249051054e-006	-1.960113e-001
3.086171874051054e-006	-1.909574e-001
3.095937499051054e-006	-1.858363e-001
3.105703124051054e-006	-1.806657e-001
3.115468749051054e-006	-1.754470e-001
3.125234374051054e-006	-1.701664e-001
3.134999999051054e-006	-1.647963e-001
3.144765624051054e-006	-1.592979e-001
3.154531249051054e-006	-1.536238e-001
3.164296874051054e-006	-1.477215e-001
3.174062499051054e-006	-1.415373e-001
3.183828124051054e-006	-1.350196e-001
3.193593749051054e-006	-1.281229e-001
3.203359374051054e-006	-1.208111e-001
3.213124999051054e-006	-1.130605e-001
3.222890624051055e-006	-1.048624e-001
3.232656249051055e-006	-9.622453e-002
3.242421874051055e-006	-8.717237e-002
3.252187499051055e-006	-7.774903e-002
3.261953124051055e-006	-6.801470e-002
3.271718749051055e-006	-5.804509e-002
3.281484374051055e-006	-4.792923e-002
3.291249999051055e-006	-3.776658e-002
3.301015624051055e-006	-2.766366e-002
3.310781249051055e-006	-1.773030e-002
3.320546874051055e-006	-8.075781e-003
3.330312499051055e-006	1.195123e-003
3.340078124051055e-006	9.985814e-003
3.349843749051055e-006	1.821125e-002
3.359609374051055e-006	2.580078e-002
3.369374999051055e-006	3.270039e-002
3.379140624051055e-006	3.887412e-002
3.388906249051055e-006	4.430480e-002
3.398671874051055e-006	4.899380e-002
3.408437499051055e-006	5.296013e-002
3.418203124051055e-006	5.623865e-002
3.427968749051055e-006	5.887765e-002
3.437734374051055e-006	6.093587e-002
3.447499999051055e-006	6.247910e-002
3.457265624051055e-006	6.357649e-002
3.467031249051055e-006	6.429690e-002
3.476796874051055e-006	6.470521e-002
3.486562499051055e-006	6.485899e-002
3.496328124051055e-006	6.480560e-002
3.506093749051055e-006	6.457987e-002
3.515859374051055e-006	6.420238e-002
3.525624999051055e-006	6.367869e-002
3.535390624051055e-006	6.299910e-002
3.545156249051055e-006	6.213950e-002
3.554921874051055e-006	6.106278e-002
3.564687499051055e-006	5.972105e-002
3.574453124051055e-006	5.805837e-002
3.584218749051055e-006	5.601400e-002
3.593984374051055e-006	5.352592e-002
3.603749999051055e-006	5.053450e-002
3.613515624051056e-006	4.698606e-002
3.623281249051056e-006	4.283629e-002
3.633046874051056e-006	3.805323e-002
3.642812499051056e-006	3.261977e-002
3.652578124051056e-006	2.653542e-002
3.662343749051056e-006	1.981746e-002
3.672109374051056e-006	1.250116e-002
3.681874999051056e-006	4.639280e-003
3.691640624051056e-006	-3.699202e-003
3.701406249051056e-006	-1.243117e-002
3.711171874051056e-006	-2.146204e-002
3.720937499051056e-006	-3.068892e-002
3.730703124051056e-006	-4.000418e-002
3.740468749051056e-006	-4.929920e-002
3.750234374051056e-006	-5.846819e-002
3.759999999051056e-006	-6.741174e-002
3.769765624051056e-006	-7.604025e-002
3.779531249051056e-006	-8.427668e-002
3.789296874051056e-006	-9.205890e-002
3.799062499051056e-006	-9.934121e-002
3.808828124051056e-006	-1.060952e-001
3.818593749051056e-006	-1.123096e-001
3.828359374051056e-006	-1.179898e-001
3.838124999051055e-006	-1.231559e-001
3.847890624051055e-006	-1.278410e-001
3.857656249051054e-006	-1.320881e-001
3.877187499051054e-006	-1.394706e-001
3.886953124051053e-006	-1.427123e-001
3.896718749051053e-006	-1.457213e-001
3.906484374051052e-006	-1.485401e-001
3.916249999051052e-006	-1.512017e-001
3.926015624051052e-006	-1.537269e-001
3.935781249051051e-006	-1.561229e-001
3.945546874051051e-006	-1.583825e-001
3.955312499051050e-006	-1.604836e-001
3.965078124051050e-006	-1.623901e-001
3.974843749051050e-006	-1.640532e-001
3.984609374051049e-006	-1.654134e-001
4.004140624051049e-006	-1.669503e-001
4.013906249051048e-006	-1.669806e-001
4.023671874051048e-006	-1.664223e-001
4.033437499051047e-006	-1.652092e-001
4.043203124051047e-006	-1.632839e-001
4.052968749051047e-006	-1.606010e-001
4.062734374051046e-006	-1.571298e-001
4.072499999051046e-006	-1.528557e-001
4.082265624051045e-006	-1.477819e-001
4.092031249051045e-006	-1.419296e-001
4.101796874051045e-006	-1.353377e-001
4.111562499051044e-006	-1.280618e-001
4.121328124051044e-006	-1.201721e-001
4.131093749051043e-006	-1.117512e-001
4.140859374051043e-006	-1.028912e-001
4.150624999051043e-006	-9.369013e-002
4.160390624051042e-006	-8.424838e-002
4.170156249051042e-006	-7.466522e-002
4.179921874051041e-006	-6.503517e-002
4.189687499051041e-006	-5.544481e-002
4.199453124051041e-006	-4.596986e-002
4.209218749051040e-006	-3.667300e-002
4.218984374051040e-006	-2.760217e-002
4.228749999051039e-006	-1.878970e-002
4.238515624051039e-006	-1.025218e-002
4.248281249051039e-006	-1.991048e-003
4.258046874051038e-006	6.006053e-003
4.267812499051038e-006	1.376327e-002
4.277578124051037e-006	2.131399e-002
4.297109374051037e-006	3.595757e-002
4.306874999051036e-006	4.313537e-002
4.316640624051036e-006	5.026988e-002
4.326406249051035e-006	5.739285e-002
4.336171874051035e-006	6.452648e-002
4.345937499051035e-006	7.168108e-002
4.355703124051034e-006	7.885353e-002
4.365468749051034e-006	8.602621e-002
4.375234374051033e-006	9.316681e-002
4.384999999051033e-006	1.002289e-001
4.394765624051033e-006	1.071530e-001
4.404531249051032e-006	1.138690e-001
4.414296874051032e-006	1.202979e-001
4.433828124051031e-006	1.319555e-001
4.443593749051031e-006	1.370125e-001
4.453359374051030e-006	1.414463e-001
4.463124999051030e-006	1.451847e-001
4.472890624051029e-006	1.481666e-001
4.482656249051029e-006	1.503445e-001
4.492421874051029e-006	1.516869e-001
4.502187499051028e-006	1.521792e-001
4.511953124051028e-006	1.518245e-001
4.521718749051027e-006	1.506433e-001
4.531484374051027e-006	1.486727e-001
4.541249999051027e-006	1.459652e-001
4.551015624051026e-006	1.425856e-001
4.560781249051026e-006	1.386091e-001
4.580312499051025e-006	1.291969e-001
4.590078124051025e-006	1.239325e-001
4.599843749051024e-006	1.184068e-001
4.609609374051024e-006	1.126957e-001
4.619374999051023e-006	1.068660e-001
4.629140624051023e-006	1.009728e-001
4.638906249051023e-006	9.505823e-002
4.648671874051022e-006	8.915034e-002
4.658437499051022e-006	8.326279e-002
4.668203124051021e-006	7.739542e-002
4.677968749051021e-006	7.153545e-002
4.687734374051021e-006	6.565928e-002
4.697499999051020e-006	5.973492e-002
4.717031249051019e-006	4.758879e-002
4.726796874051019e-006	4.128762e-002
4.736562499051019e-006	3.478590e-002
4.746328124051018e-006	2.805533e-002
4.756093749051018e-006	2.107727e-002
4.765859374051017e-006	1.384509e-002
4.775624999051017e-006	6.365812e-003
4.785390624051017e-006	-1.338893e-003
4.795156249051016e-006	-9.232366e-003
4.804921874051016e-006	-1.726339e-002
4.814687499051015e-006	-2.536733e-002
4.824453124051015e-006	-3.346791e-002
4.834218749051015e-006	-4.147960e-002
4.843984374051014e-006	-4.931047e-002
4.853749999051014e-006	-5.686534e-002
4.863515624051013e-006	-6.404921e-002
4.873281249051013e-006	-7.077064e-002
4.883046874051013e-006	-7.694506e-002
4.892812499051012e-006	-8.249780e-002
4.902578124051012e-006	-8.736667e-002
4.912343749051011e-006	-9.150410e-002
4.922109374051011e-006	-9.487849e-002
4.931874999051011e-006	-9.747509e-002
4.941640624051010e-006	-9.929593e-002
4.951406249051010e-006	-1.003592e-001
4.961171874051010e-006	-1.006978e-001
4.970937499051009e-006	-1.003576e-001
4.980703124051009e-006	-9.939442e-002
5.000234374051008e-006	-9.585693e-002
5.009999999051008e-006	-9.341858e-002
5.019765624051007e-006	-9.062275e-002
5.029531249051007e-006	-8.753020e-002
5.039296874051006e-006	-8.419362e-002
5.049062499051006e-006	-8.065552e-002
5.058828124051006e-006	-7.694641e-002
5.068593749051005e-006	-7.308398e-002
5.078359374051005e-006	-6.907270e-002
5.088124999051004e-006	-6.490424e-002
5.097890624051004e-006	-6.055857e-002
5.107656249051004e-006	-5.600566e-002
5.117421874051003e-006	-5.120775e-002
5.127187499051003e-006	-4.612202e-002
5.136953124051002e-006	-4.070357e-002
5.146718749051002e-006	-3.490858e-002
5.156484374051002e-006	-2.869742e-002
5.166249999051001e-006	-2.203765e-002
5.176015624051001e-006	-1.490672e-002
5.185781249051000e-006	-7.294210e-003
5.195546874051000e-006	7.964447e-004
5.205312499051000e-006	9.346855e-003
5.215078124050999e-006	1.832327e-002
5.224843749050999e-006	2.767687e-002
5.234609374050998e-006	3.734474e-002
5.244374999050998e-006	4.725154e-002
5.254140624050998e-006	5.731167e-002
5.263906249050997e-006	6.743201e-002
5.273671874050997e-006	7.751495e-002
5.283437499050996e-006	8.746163e-002
5.293203124050996e-006	9.717529e-002
5.302968749050996e-006	1.065645e-001
5.312734374050995e-006	1.155461e-001
5.322499999050995e-006	1.240480e-001
5.332265624050994e-006	1.320111e-001
5.342031249050994e-006	1.393909e-001
5.351796874050994e-006	1.461584e-001
5.361562499050993e-006	1.523003e-001
5.371328124050993e-006	1.578187e-001
5.381093749050992e-006	1.627295e-001
5.390859374050992e-006	1.670608e-001
5.400624999050992e-006	1.708509e-001
5.420156249050991e-006	1.769936e-001
5.429921874050990e-006	1.794469e-001
5.439687499050990e-006	1.815542e-001
5.449453124050990e-006	1.833599e-001
5.459218749050989e-006	1.849009e-001
5.468984374050989e-006	1.862046e-001
5.478749999050988e-006	1.872874e-001
5.488515624050988e-006	1.881532e-001
5.498281249050988e-006	1.887938e-001
5.508046874050987e-006	1.891885e-001
5.517812499050987e-006	1.893056e-001
5.527578124050986e-006	1.891039e-001
5.537343749050986e-006	1.885345e-001
5.556874999050985e-006	1.860767e-001
5.566640624050985e-006	1.840782e-001
5.576406249050984e-006	1.814984e-001
5.586171874050984e-006	1.782940e-001
5.595937499050984e-006	1.744317e-001
5.605703124050983e-006	1.698904e-001
5.615468749050983e-006	1.646627e-001
5.625234374050982e-006	1.587563e-001
5.634999999050982e-006	1.521947e-001
5.644765624050982e-006	1.450166e-001
5.654531249050981e-006	1.372755e-001
5.664296874050981e-006	1.290381e-001
5.674062499050980e-006	1.203821e-001
5.683828124050980e-006	1.113941e-001
5.703359374050979e-006	9.279345e-002
5.713124999050979e-006	8.336993e-002
5.722890624050978e-006	7.398630e-002
5.732656249050978e-006	6.472656e-002
5.742421874050978e-006	5.566543e-002
5.752187499050977e-006	4.686625e-002
5.761953124050977e-006	3.837934e-002
5.771718749050976e-006	3.024108e-002
5.781484374050976e-006	2.247354e-002
5.791249999050976e-006	1.508485e-002
5.801015624050975e-006	8.070190e-003
5.810781249050975e-006	1.413363e-003
5.820546874050974e-006	-4.911080e-003
5.830312499050974e-006	-1.093536e-002
5.840078124050974e-006	-1.669565e-002
5.849843749050973e-006	-2.222920e-002
5.859609374050973e-006	-2.757135e-002
5.869374999050973e-006	-3.275277e-002
5.879140624050972e-006	-3.779695e-002
5.888906249050972e-006	-4.271809e-002
5.898671874050971e-006	-4.751948e-002
5.908437499050971e-006	-5.219252e-002
5.918203124050971e-006	-5.671632e-002
5.927968749050970e-006	-6.105793e-002
5.937734374050970e-006	-6.517331e-002
5.947499999050969e-006	-6.900883e-002
5.957265624050969e-006	-7.250329e-002
5.967031249050969e-006	-7.559042e-002
5.976796874050968e-006	-7.820167e-002
5.986562499050968e-006	-8.026921e-002
5.996328124050967e-006	-8.172894e-002
6.006093749050967e-006	-8.252341e-002
6.015859374050967e-006	-8.260455e-002
6.025624999050966e-006	-8.193599e-002
6.035390624050966e-006	-8.049490e-002
6.045156249050965e-006	-7.827327e-002
6.054921874050965e-006	-7.527862e-002
6.064687499050965e-006	-7.153403e-002
6.074453124050964e-006	-6.707741e-002
6.084218749050964e-006	-6.196033e-002
6.093984374050963e-006	-5.624615e-002
6.103749999050963e-006	-5.000769e-002
6.113515624050963e-006	-4.332455e-002
6.123281249050962e-006	-3.628018e-002
6.133046874050962e-006	-2.895882e-002
6.142812499050961e-006	-2.144249e-002
6.152578124050961e-006	-1.380811e-002
6.162343749050961e-006	-6.124985e-003
6.172109374050960e-006	1.547355e-003
6.181874999050960e-006	9.160768e-003
6.191640624050959e-006	1.667954e-002
6.201406249050959e-006	2.408079e-002
6.211171874050959e-006	3.135424e-002
6.220937499050958e-006	3.850135e-002
6.230703124050958e-006	4.553390e-002
6.240468749050957e-006	5.247204e-002
6.250234374050957e-006	5.934193e-002
6.259999999050957e-006	6.617315e-002
6.269765624050956e-006	7.299584e-002
6.279531249050956e-006	7.983797e-002
6.289296874050955e-006	8.672257e-002
6.299062499050955e-006	9.366535e-002
6.308828124050955e-006	1.006726e-001
6.318593749050954e-006	1.077395e-001
6.328359374050954e-006	1.148494e-001
6.338124999050953e-006	1.219729e-001
6.347890624050953e-006	1.290685e-001
6.357656249050953e-006	1.360832e-001
6.367421874050952e-006	1.429539e-001
6.377187499050952e-006	1.496094e-001
6.396718749050951e-006	1.619640e-001
6.406484374050951e-006	1.675032e-001
6.416249999050950e-006	1.725130e-001
6.426015624050950e-006	1.769221e-001
6.435781249050949e-006	1.806674e-001
6.445546874050949e-006	1.836967e-001
6.455312499050949e-006	1.859707e-001
6.465078124050948e-006	1.874642e-001
6.474843749050948e-006	1.881667e-001
6.484609374050947e-006	1.880832e-001
6.494374999050947e-006	1.872332e-001
6.504140624050947e-006	1.856498e-001
6.513906249050946e-006	1.833780e-001
6.523671874050946e-006	1.804730e-001
6.543203124050945e-006	1.730170e-001
6.552968749050945e-006	1.686018e-001
6.562734374050944e-006	1.638190e-001
6.572499999050944e-006	1.587323e-001
6.582265624050943e-006	1.533993e-001
6.592031249050943e-006	1.478688e-001
6.601796874050943e-006	1.421798e-001
6.611562499050942e-006	1.363602e-001
6.621328124050942e-006	1.304263e-001
6.631093749050941e-006	1.243830e-001
6.640859374050941e-006	1.182246e-001
6.650624999050941e-006	1.119359e-001
6.660390624050940e-006	1.054944e-001
6.679921874050939e-006	9.203853e-002
6.689687499050939e-006	8.496273e-002
6.699453124050939e-006	7.761660e-002
6.709218749050938e-006	6.997726e-002
6.718984374050938e-006	6.202944e-002
6.728749999050937e-006	5.376760e-002
6.738515624050937e-006	4.519751e-002
6.748281249050937e-006	3.633733e-002
6.758046874050936e-006	2.721814e-002
6.767812499050936e-006	1.788380e-002
6.777578124050935e-006	8.390252e-003
6.787343749050935e-006	-1.195780e-003
6.797109374050935e-006	-1.079862e-002
6.806874999050934e-006	-2.033590e-002
6.816640624050934e-006	-2.972114e-002
6.826406249050934e-006	-3.886657e-002
6.836171874050933e-006	-4.768604e-002
6.845937499050933e-006	-5.609787e-002
6.855703124050932e-006	-6.402756e-002
6.865468749050932e-006	-7.141013e-002
6.875234374050932e-006	-7.819217e-002
6.884999999050931e-006	-8.433324e-002
6.894765624050931e-006	-8.980685e-002
6.904531249050930e-006	-9.460081e-002
6.914296874050930e-006	-9.871687e-002
6.924062499050930e-006	-1.021699e-001
6.933828124050929e-006	-1.049864e-001
6.943593749050929e-006	-1.072026e-001
6.963124999050928e-006	-1.100144e-001
6.972890624050928e-006	-1.107095e-001
6.982656249050927e-006	-1.109980e-001
6.992421874050927e-006	-1.109273e-001
7.002187499050926e-006	-1.105390e-001
7.011953124050926e-006	-1.098673e-001
7.021718749050926e-006	-1.089373e-001
7.031484374050925e-006	-1.077640e-001
7.041249999050925e-006	-1.063516e-001
7.051015624050924e-006	-1.046938e-001
7.060781249050924e-006	-1.027744e-001
7.070546874050924e-006	-1.005686e-001
7.080312499050923e-006	-9.804470e-002
7.090078124050923e-006	-9.516607e-002
7.099843749050922e-006	-9.189381e-002
7.109609374050922e-006	-8.818917e-002
7.119374999050922e-006	-8.401634e-002
7.129140624050921e-006	-7.934491e-002
7.138906249050921e-006	-7.415237e-002
7.148671874050920e-006	-6.842609e-002
7.158437499050920e-006	-6.216502e-002
7.168203124050920e-006	-5.538082e-002
7.177968749050919e-006	-4.809846e-002
7.187734374050919e-006	-4.035620e-002
7.197499999050918e-006	-3.220504e-002
7.207265624050918e-006	-2.370753e-002
7.217031249050918e-006	-1.493609e-002
7.226796874050917e-006	-5.970945e-003
7.246328124050916e-006	1.219584e-002
7.256093749050916e-006	2.122143e-002
7.265859374050916e-006	3.009425e-002
7.275624999050915e-006	3.873499e-002
7.285390624050915e-006	4.707234e-002
7.295156249050914e-006	5.504504e-002
7.304921874050914e-006	6.260334e-002
7.314687499050914e-006	6.971011e-002
7.324453124050913e-006	7.634123e-002
7.334218749050913e-006	8.248542e-002
7.343984374050912e-006	8.814360e-002
7.353749999050912e-006	9.332761e-002
7.363515624050912e-006	9.805846e-002
7.373281249050911e-006	1.023643e-001
7.392812499050910e-006	1.098341e-001
7.402578124050910e-006	1.130676e-001
7.412343749050910e-006	1.160101e-001
7.422109374050909e-006	1.186880e-001
7.431874999050909e-006	1.211206e-001
7.441640624050908e-006	1.233186e-001
7.451406249050908e-006	1.252829e-001
7.461171874050908e-006	1.270041e-001
7.470937499050907e-006	1.284628e-001
7.480703124050907e-006	1.296299e-001
7.490468749050906e-006	1.304679e-001
7.500234374050906e-006	1.309326e-001
7.519765624050905e-006	1.305440e-001
7.529531249050905e-006	1.295883e-001
7.539296874050904e-006	1.280596e-001
7.549062499050904e-006	1.259148e-001
7.558828124050904e-006	1.231188e-001
7.568593749050903e-006	1.196462e-001
7.578359374050903e-006	1.154830e-001
7.588124999050902e-006	1.106281e-001
7.597890624050902e-006	1.050938e-001
7.607656249050902e-006	9.890611e-002
7.617421874050901e-006	9.210412e-002
7.627187499050901e-006	8.473907e-002
7.636953124050900e-006	7.687289e-002
7.646718749050900e-006	6.857617e-002
7.666249999050899e-006	5.100305e-002
7.676015624050899e-006	4.188953e-002
7.685781249050898e-006	3.266588e-002
7.695546874050898e-006	2.340851e-002
7.705312499050898e-006	1.418740e-002
7.715078124050897e-006	5.064110e-003
7.724843749050897e-006	-3.909802e-003
7.734609374050897e-006	-1.269384e-002
7.744374999050896e-006	-2.125912e-002
7.754140624050896e-006	-2.958831e-002
7.763906249050895e-006	-3.767506e-002
7.773671874050895e-006	-4.552291e-002
7.783437499050895e-006	-5.314370e-002
7.793203124050894e-006	-6.055566e-002
7.802968749050894e-006	-6.778114e-002
7.812734374050893e-006	-7.484423e-002
7.822499999050893e-006	-8.176830e-002
7.832265624050893e-006	-8.857363e-002
7.842031249050892e-006	-9.527523e-002
7.851796874050892e-006	-1.018809e-001
7.861562499050891e-006	-1.083896e-001
7.871328124050891e-006	-1.147909e-001
7.881093749050891e-006	-1.210636e-001
7.890859374050890e-006	-1.271766e-001
7.900624999050890e-006	-1.330891e-001
7.910390624050889e-006	-1.387514e-001
7.920156249050889e-006	-1.441070e-001
7.939687499050888e-006	-1.536488e-001
7.949453124050888e-006	-1.577058e-001
7.959218749050887e-006	-1.612027e-001
7.968984374050887e-006	-1.640820e-001
7.978749999050887e-006	-1.662930e-001
7.988515624050886e-006	-1.677945e-001
7.998281249050886e-006	-1.685565e-001
8.008046874050885e-006	-1.685612e-001
8.017812499050885e-006	-1.678042e-001
8.027578124050885e-006	-1.662943e-001
8.037343749050884e-006	-1.640539e-001
8.047109374050884e-006	-1.611175e-001
8.056874999050883e-006	-1.575308e-001
8.066640624050883e-006	-1.533488e-001
8.076406249050883e-006	-1.486334e-001
8.095937499050882e-006	-1.378726e-001
8.105703124050881e-006	-1.319651e-001
8.115468749050881e-006	-1.257952e-001
8.125234374050881e-006	-1.194239e-001
8.134999999050880e-006	-1.129051e-001
8.144765624050880e-006	-1.062843e-001
8.154531249050879e-006	-9.959725e-002
8.164296874050879e-006	-9.286948e-002
8.174062499050879e-006	-8.611624e-002
8.183828124050878e-006	-7.934301e-002
8.193593749050878e-006	-7.254643e-002
8.203359374050877e-006	-6.571584e-002
8.213124999050877e-006	-5.883502e-002
8.222890624050877e-006	-5.188434e-002
8.232656249050876e-006	-4.484303e-002
8.242421874050876e-006	-3.769155e-002
8.252187499050875e-006	-3.041387e-002
8.261953124050875e-006	-2.299964e-002
8.271718749050875e-006	-1.544601e-002
8.281484374050874e-006	-7.759187e-003
8.291249999050874e-006	4.454936e-005
8.301015624050873e-006	7.938266e-003
8.310781249050873e-006	1.588433e-002
8.320546874050873e-006	2.383493e-002
8.330312499050872e-006	3.173304e-002
8.340078124050872e-006	3.951394e-002
8.349843749050871e-006	4.710706e-002
8.359609374050871e-006	5.443821e-002
8.369374999050871e-006	6.143196e-002
8.379140624050870e-006	6.801417e-002
8.388906249050870e-006	7.411455e-002
8.398671874050869e-006	7.966894e-002
8.408437499050869e-006	8.462159e-002
8.418203124050869e-006	8.892687e-002
8.427968749050868e-006	9.255077e-002
8.437734374050868e-006	9.547174e-002
8.447499999050867e-006	9.768114e-002
8.457265624050867e-006	9.918313e-002
8.467031249050867e-006	9.999399e-002
8.476796874050866e-006	1.001410e-001
8.486562499050866e-006	9.966069e-002
8.496328124050865e-006	9.859730e-002
8.515859374050865e-006	9.492135e-002
8.525624999050864e-006	9.241371e-002
8.535390624050864e-006	8.952799e-002
8.545156249050863e-006	8.631092e-002
8.554921874050863e-006	8.280331e-002
8.564687499050863e-006	7.903846e-002
8.574453124050862e-006	7.504115e-002
8.584218749050862e-006	7.082693e-002
8.593984374050861e-006	6.640220e-002
8.603749999050861e-006	6.176447e-002
8.613515624050861e-006	5.690337e-002
8.623281249050860e-006	5.180198e-002
8.633046874050860e-006	4.643855e-002
8.642812499050859e-006	4.078855e-002
8.652578124050859e-006	3.482685e-002
8.662343749050859e-006	2.853001e-002
8.672109374050858e-006	2.187853e-002
8.681874999050858e-006	1.485897e-002
8.691640624050858e-006	7.465778e-003
8.701406249050857e-006	-2.971646e-004
8.711171874050857e-006	-8.415463e-003
8.720937499050856e-006	-1.686358e-002
8.730703124050856e-006	-2.560472e-002
8.740468749050856e-006	-3.459123e-002
8.750234374050855e-006	-4.376550e-002
8.759999999050855e-006	-5.306134e-002
8.769765624050854e-006	-6.240574e-002
8.789296874050854e-006	-8.092686e-002
8.799062499050853e-006	-8.994337e-002
8.808828124050853e-006	-9.869292e-002
8.818593749050852e-006	-1.071028e-001
8.828359374050852e-006	-1.151073e-001
8.838124999050852e-006	-1.226497e-001
8.847890624050851e-006	-1.296835e-001
8.857656249050851e-006	-1.361736e-001
8.867421874050850e-006	-1.420968e-001
8.877187499050850e-006	-1.474418e-001
8.886953124050850e-006	-1.522086e-001
8.896718749050849e-006	-1.564077e-001
8.906484374050849e-006	-1.600586e-001
8.916249999050848e-006	-1.631881e-001
8.935781249050848e-006	-1.680136e-001
8.945546874050847e-006	-1.697801e-001
8.955312499050847e-006	-1.711619e-001
8.965078124050846e-006	-1.721897e-001
8.974843749050846e-006	-1.728885e-001
8.984609374050846e-006	-1.732768e-001
8.994374999050845e-006	-1.733650e-001
9.004140624050845e-006	-1.731550e-001
9.013906249050844e-006	-1.726402e-001
9.023671874050844e-006	-1.718055e-001
9.033437499050844e-006	-1.706287e-001
9.043203124050843e-006	-1.690813e-001
9.062734374050842e-006	-1.647407e-001
9.072499999050842e-006	-1.618764e-001
9.082265624050842e-006	-1.585039e-001
9.092031249050841e-006	-1.545934e-001
9.101796874050841e-006	-1.501215e-001
9.111562499050840e-006	-1.450730e-001
9.121328124050840e-006	-1.394421e-001
9.131093749050840e-006	-1.332341e-001
9.140859374050839e-006	-1.264654e-001
9.150624999050839e-006	-1.191645e-001
9.160390624050838e-006	-1.113713e-001
9.170156249050838e-006	-1.031362e-001
9.179921874050838e-006	-9.451909e-002
9.189687499050837e-006	-8.558778e-002
9.199453124050837e-006	-7.641578e-002
9.209218749050836e-006	-6.708029e-002
9.218984374050836e-006	-5.765975e-002
9.228749999050836e-006	-4.823151e-002
9.238515624050835e-006	-3.886953e-002
9.248281249050835e-006	-2.964222e-002
9.258046874050834e-006	-2.061061e-002
9.267812499050834e-006	-1.182684e-002
9.277578124050834e-006	-3.333091e-003
9.287343749050833e-006	4.839006e-003
9.297109374050833e-006	1.266852e-002
9.306874999050832e-006	2.014483e-002
9.316640624050832e-006	2.726679e-002
9.326406249050832e-006	3.404149e-002
9.336171874050831e-006	4.048260e-002
9.345937499050831e-006	4.660855e-002
9.355703124050830e-006	5.244042e-002
9.365468749050830e-006	5.799980e-002
9.375234374050830e-006	6.330671e-002
9.384999999050829e-006	6.837761e-002
9.394765624050829e-006	7.322366e-002
9.404531249050828e-006	7.784926e-002
9.414296874050828e-006	8.225106e-002
9.424062499050828e-006	8.641733e-002
9.433828124050827e-006	9.032786e-002
9.443593749050827e-006	9.395425e-002
9.453359374050826e-006	9.726080e-002
9.463124999050826e-006	1.002057e-001
9.472890624050826e-006	1.027426e-001
9.482656249050825e-006	1.048226e-001
9.492421874050825e-006	1.063964e-001
9.502187499050824e-006	1.074161e-001
9.511953124050824e-006	1.078381e-001
9.521718749050824e-006	1.076246e-001
9.531484374050823e-006	1.067458e-001
9.541249999050823e-006	1.051813e-001
9.551015624050822e-006	1.029215e-001
9.560781249050822e-006	9.996860e-002
9.570546874050822e-006	9.633630e-002
9.580312499050821e-006	9.205025e-002
9.590078124050821e-006	8.714718e-002
9.599843749050821e-006	8.167383e-002
9.609609374050820e-006	7.568548e-002
9.619374999050820e-006	6.924414e-002
9.629140624050819e-006	6.241648e-002
9.638906249050819e-006	5.527161e-002
9.648671874050819e-006	4.787884e-002
9.658437499050818e-006	4.030540e-002
9.668203124050818e-006	3.261442e-002
9.677968749050817e-006	2.486310e-002
9.687734374050817e-006	1.710120e-002
9.697499999050817e-006	9.369981e-003
9.707265624050816e-006	1.701494e-003
9.717031249050816e-006	-5.881567e-003
9.726796874050815e-006	-1.336561e-002
9.736562499050815e-006	-2.074542e-002
9.746328124050815e-006	-2.802301e-002
9.756093749050814e-006	-3.520614e-002
9.775624999050813e-006	-4.933800e-002
9.785390624050813e-006	-5.631430e-002
9.795156249050813e-006	-6.324723e-002
9.804921874050812e-006	-7.014464e-002
9.814687499050812e-006	-7.700879e-002
9.824453124050811e-006	-8.383495e-002
9.834218749050811e-006	-9.061034e-002
9.843984374050811e-006	-9.731358e-002
9.853749999050810e-006	-1.039145e-001
9.863515624050810e-006	-1.103743e-001
9.873281249050809e-006	-1.166468e-001
9.883046874050809e-006	-1.226788e-001
9.902578124050808e-006	-1.337868e-001
9.912343749050808e-006	-1.387395e-001
9.922109374050807e-006	-1.432093e-001
9.931874999050807e-006	-1.471384e-001
9.941640624050807e-006	-1.504742e-001
9.951406249050806e-006	-1.531714e-001
9.961171874050806e-006	-1.551939e-001
9.970937499050805e-006	-1.565153e-001
9.980703124050805e-006	-1.571209e-001
9.990468749050805e-006	-1.570114e-001
9.999999999999999e-006	-1.563841e-001
