time	V(receiver)
0.000000000000000e+000	5.863342e-004
9.765624940649698e-012	5.863342e-004
1.953124988129940e-011	5.863342e-004
1.019531249881300e-009	5.863342e-004
2.439139249157681e-009	5.863342e-004
5.278355247710445e-009	5.863342e-004
1.095678724481597e-008	5.863343e-004
2.231365123902703e-008	5.863353e-004
4.502737922744914e-008	5.863653e-004
9.045483520429337e-008	5.866989e-004
1.472867140901949e-007	5.878487e-004
1.795193294039254e-007	5.891729e-004
2.024464563765058e-007	5.906622e-004
2.194050246500408e-007	5.921224e-004
2.364922485125337e-007	5.939458e-004
2.599692336092760e-007	5.969233e-004
2.812289924970880e-007	6.000964e-004
3.157250787482619e-007	6.061193e-004
3.708575652510157e-007	6.171184e-004
4.547040661105530e-007	6.355577e-004
5.523603161105530e-007	6.578164e-004
6.261304201299705e-007	6.739653e-004
6.651848183981421e-007	6.815301e-004
6.921014140607998e-007	6.859210e-004
7.116971643974070e-007	6.886048e-004
7.270313667544760e-007	6.903536e-004
7.460596467106086e-007	6.921380e-004
7.635351907814476e-007	6.934232e-004
7.870293543124012e-007	6.946033e-004
8.250862442792768e-007	6.954916e-004
8.855335702298848e-007	6.949779e-004
9.757659614053588e-007	6.913524e-004
1.073422211405359e-006	6.854683e-004
1.136002676787455e-006	6.817247e-004
1.171797953064285e-006	6.802761e-004
1.196846430446443e-006	6.798879e-004
1.215222116509473e-006	6.799927e-004
1.231416031949761e-006	6.803646e-004
1.247347177176493e-006	6.809631e-004
1.264013917734808e-006	6.818251e-004
1.287807748316265e-006	6.834208e-004
1.326340262250555e-006	6.866799e-004
1.387488020561389e-006	6.931003e-004
1.478523728573358e-006	7.042672e-004
1.576179978573358e-006	7.165805e-004
1.637229330081134e-006	7.231316e-004
1.672629029073865e-006	7.256901e-004
1.697446158306118e-006	7.266297e-004
1.715668934493267e-006	7.268376e-004
1.731971330043840e-006	7.266849e-004
1.748333633437087e-006	7.262505e-004
1.764380623298299e-006	7.255549e-004
1.788403945617334e-006	7.240539e-004
1.827300375347036e-006	7.206670e-004
1.888982471155089e-006	7.131990e-004
1.980624697794341e-006	6.987833e-004
2.078280947794341e-006	6.813784e-004
2.138154536706118e-006	6.710613e-004
2.173257224733397e-006	6.659307e-004
2.197899975852524e-006	6.630127e-004
2.216007231563925e-006	6.612449e-004
2.232391688532561e-006	6.599028e-004
2.249080320676648e-006	6.587434e-004
2.264658169021970e-006	6.578447e-004
2.288855153269959e-006	6.567709e-004
2.328026775205092e-006	6.557364e-004
2.390112010856192e-006	6.557407e-004
2.482208176989883e-006	6.581715e-004
2.579864426989883e-006	6.615684e-004
2.638846676667133e-006	6.625006e-004
2.673727931932079e-006	6.618157e-004
2.698240298377917e-006	6.605595e-004
2.716261029148505e-006	6.592374e-004
2.732707010178750e-006	6.577678e-004
2.747932955761236e-006	6.562138e-004
2.764231681448401e-006	6.543497e-004
2.788161798661902e-006	6.512614e-004
2.826910463274552e-006	6.454181e-004
2.888375762749444e-006	6.341184e-004
2.979772570276603e-006	6.142661e-004
3.077428820276603e-006	5.918338e-004
3.137780238371767e-006	5.790450e-004
3.173002944140262e-006	5.728119e-004
3.197716228888059e-006	5.691894e-004
3.215870238534065e-006	5.668980e-004
3.232221472212474e-006	5.650743e-004
3.248777969683530e-006	5.634202e-004
3.264545786431923e-006	5.620286e-004
3.288672455597616e-006	5.602606e-004
3.327732673237243e-006	5.583287e-004
3.389654804879633e-006	5.575784e-004
3.481567695555042e-006	5.599033e-004
3.579223945555042e-006	5.638073e-004
3.638567251078785e-006	5.652372e-004
3.673537823482220e-006	5.649906e-004
3.698102821005686e-006	5.641912e-004
3.716158493763224e-006	5.633114e-004
3.732579622916651e-006	5.623245e-004
3.749414133985309e-006	5.611617e-004
3.764782243627509e-006	5.599568e-004
3.789056853043011e-006	5.577405e-004
3.828351429262067e-006	5.532978e-004
3.890616525870233e-006	5.441918e-004
3.982914193299859e-006	5.281093e-004
4.080570443299859e-006	5.109614e-004
4.139153868339840e-006	5.023477e-004
4.173937052962333e-006	4.985900e-004
4.198391569198450e-006	4.966509e-004
4.216373869038671e-006	4.955526e-004
4.232843119402162e-006	4.947627e-004
4.247917170153904e-006	4.942081e-004
4.264225813387774e-006	4.938095e-004
4.288152258314804e-006	4.936490e-004
4.326895100002226e-006	4.945485e-004
4.388351851572718e-006	4.987217e-004
4.479738964047164e-006	5.087139e-004
4.577395214047165e-006	5.208102e-004
4.637765450226464e-006	5.273435e-004
4.672992901676571e-006	5.301883e-004
4.697708973476095e-006	5.316788e-004
4.715864829782250e-006	5.325480e-004
4.732214751534317e-006	5.331804e-004
4.748766031739886e-006	5.336857e-004
4.764541349096216e-006	5.340136e-004
4.788665241834117e-006	5.341516e-004
4.827721060056514e-006	5.333666e-004
4.889636747932051e-006	5.298775e-004
4.981542387265736e-006	5.222381e-004
5.079198637265736e-006	5.143286e-004
5.138556195012230e-006	5.112293e-004
5.173530303610232e-006	5.106146e-004
5.198097383785021e-006	5.107641e-004
5.216154438796426e-006	5.111468e-004
5.232574585017878e-006	5.116932e-004
5.249405185692157e-006	5.124420e-004
5.264778917674085e-006	5.133362e-004
5.289051446336685e-006	5.152474e-004
5.328342727186506e-006	5.196467e-004
5.390603005336682e-006	5.293949e-004
5.482895282838797e-006	5.470216e-004
5.580551532838797e-006	5.661901e-004
5.639145651505087e-006	5.765063e-004
5.673931457684867e-006	5.817150e-004
5.698387521165339e-006	5.849316e-004
5.716370849193993e-006	5.870747e-004
5.732839494258121e-006	5.888651e-004
5.747917590546433e-006	5.903462e-004
5.764225969662500e-006	5.917329e-004
5.788152512387853e-006	5.932869e-004
5.826895509149184e-006	5.945627e-004
5.888352488368788e-006	5.940837e-004
5.979739859061636e-006	5.907262e-004
6.077396109061637e-006	5.870095e-004
6.137765844096449e-006	5.859706e-004
6.172993169145415e-006	5.862513e-004
6.197709166713793e-006	5.868854e-004
6.215864973836219e-006	5.875829e-004
6.232214930529673e-006	5.884013e-004
6.248766349689583e-006	5.894255e-004
6.264541467278230e-006	5.906359e-004
6.288665433962358e-006	5.930152e-004
6.327721369357562e-006	5.981412e-004
6.389637228857177e-006	6.086442e-004
6.481543061334477e-006	6.264166e-004
6.579199311334477e-006	6.449777e-004
6.638556489497437e-006	6.548940e-004
6.673530503904553e-006	6.598229e-004
6.698097528606441e-006	6.628109e-004
6.716154546800951e-006	6.647314e-004
6.732574719203026e-006	6.662405e-004
6.749405424031313e-006	6.675423e-004
6.764779006261378e-006	6.684561e-004
6.789051590345212e-006	6.692818e-004
6.828342958968106e-006	6.691985e-004
6.890603365460750e-006	6.664544e-004
6.982895786532670e-006	6.597110e-004
7.080552036532670e-006	6.520658e-004
7.139145870374429e-006	6.482026e-004
7.173931606723399e-006	6.465150e-004
7.198387628990286e-006	6.456930e-004
7.216370929631559e-006	6.453290e-004
7.232839590818361e-006	6.452093e-004
7.247917579348722e-006	6.453027e-004
7.264225965499916e-006	6.456698e-004
7.288152505620281e-006	6.467454e-004
7.326895498251014e-006	6.496706e-004
7.388352471406886e-006	6.562711e-004
7.479739835221763e-006	6.676418e-004
7.577396085221763e-006	6.792941e-004
7.637765833605230e-006	6.852625e-004
7.672993162021043e-006	6.878802e-004
7.697709161566660e-006	6.891912e-004
7.715864969999156e-006	6.898155e-004
7.732214925761902e-006	6.900876e-004
7.748766341220585e-006	6.900745e-004
7.764541464130300e-006	6.897422e-004
7.788665428844775e-006	6.885909e-004
7.827721361118930e-006	6.853746e-004
7.889637216047118e-006	6.779549e-004
7.981543043379799e-006	6.645340e-004
8.079199293379798e-006	6.495606e-004
8.138556481653457e-006	6.409505e-004
8.173530498569464e-006	6.364582e-004
8.198097524748941e-006	6.337463e-004
8.216154543924115e-006	6.320656e-004
8.232574715628837e-006	6.308122e-004
8.249405417682851e-006	6.298000e-004
8.264779003901744e-006	6.291584e-004
8.289051586509363e-006	6.287105e-004
8.328342952794311e-006	6.291028e-004
8.390603355868391e-006	6.315084e-004
8.482895773116154e-006	6.366851e-004
8.580552023116153e-006	6.422514e-004
8.639145864544577e-006	6.447997e-004
8.673931602753575e-006	6.455475e-004
8.698387626118236e-006	6.455148e-004
8.716370927489005e-006	6.451153e-004
8.732839588246359e-006	6.444399e-004
8.747917579646987e-006	6.435547e-004
8.764225965610792e-006	6.422821e-004
8.788152505800544e-006	6.398524e-004
8.826895498541300e-006	6.348103e-004
8.888352471858689e-006	6.249887e-004
8.979739835856769e-006	6.084202e-004
9.077396085856769e-006	5.900882e-004
9.137765833884677e-006	5.793537e-004
9.172993162210812e-006	5.738663e-004
9.197709161703763e-006	5.706289e-004
9.215864970101364e-006	5.686553e-004
9.232214925888900e-006	5.672029e-004
9.248766341446173e-006	5.660310e-004
9.264541464214152e-006	5.652151e-004
9.288665428981092e-006	5.645113e-004
9.327721361338383e-006	5.644134e-004
9.389637216388341e-006	5.660673e-004
9.481543043858060e-006	5.707592e-004
9.579199293858059e-006	5.768292e-004
9.638556481862399e-006	5.801233e-004
9.673530498711576e-006	5.813199e-004
9.698097524851695e-006	5.815491e-004
9.716154544000747e-006	5.813231e-004
9.732574715724044e-006	5.808081e-004
9.749405417851958e-006	5.800035e-004
9.764779003964600e-006	5.790105e-004
9.789051586611543e-006	5.769796e-004
9.828342952958770e-006	5.728349e-004
9.890603356123915e-006	5.647686e-004
9.982895773473545e-006	5.510168e-004
1.008055202347355e-005	5.359357e-004
1.013914586469987e-005	5.277345e-004
1.017393160285932e-005	5.238881e-004
1.019838762619474e-005	5.219268e-004
1.021637092754608e-005	5.209328e-004
1.023283958831488e-005	5.203545e-004
1.024791757963904e-005	5.200863e-004
1.026422596560784e-005	5.200797e-004
1.028815250579574e-005	5.205436e-004
1.032689549853357e-005	5.222425e-004
1.038835247184666e-005	5.268251e-004
1.047973983583986e-005	5.364495e-004
1.057739608583986e-005	5.484112e-004
1.063776583387723e-005	5.554471e-004
1.067299316220576e-005	5.586829e-004
1.069770916170011e-005	5.602716e-004
1.071586497009864e-005	5.610397e-004
1.073221492588552e-005	5.614466e-004
1.074876634144017e-005	5.616217e-004
1.076454146421192e-005	5.615702e-004
1.078866542897746e-005	5.611203e-004
1.082772136133254e-005	5.596509e-004
1.088963721637926e-005	5.557684e-004
1.098154304384533e-005	5.477940e-004
1.107919929384533e-005	5.385091e-004
1.113855648185684e-005	5.338453e-004
1.117353049870779e-005	5.322645e-004
1.119809752484896e-005	5.319386e-004
1.121615454399871e-005	5.321280e-004
1.123257471572151e-005	5.325999e-004
1.124940541784746e-005	5.333310e-004
1.126477900396293e-005	5.342184e-004
1.128905158660882e-005	5.360206e-004
1.132834295295439e-005	5.398111e-004
1.139060335611711e-005	5.478142e-004
1.148289577346403e-005	5.626932e-004
1.158055202346403e-005	5.798612e-004
1.163914586469574e-005	5.893699e-004
1.167393160285651e-005	5.939215e-004
1.169838762619270e-005	5.964022e-004
1.171637092754456e-005	5.978488e-004
1.173283958831305e-005	5.989212e-004
1.174791757963925e-005	5.997186e-004
1.176422596560792e-005	6.003869e-004
1.178815250579587e-005	6.010282e-004
1.182689549853377e-005	6.012574e-004
1.188835247184697e-005	5.996745e-004
1.197973983584029e-005	5.943752e-004
1.207739608584029e-005	5.874860e-004
1.213776583387743e-005	5.842207e-004
1.217299316220589e-005	5.834865e-004
1.219770916170021e-005	5.836939e-004
1.221586497009871e-005	5.842040e-004
1.223221492588561e-005	5.848954e-004
1.224876634144032e-005	5.857806e-004
1.226454146421198e-005	5.867988e-004
1.228866542897756e-005	5.886930e-004
1.232772136133270e-005	5.926093e-004
1.238963721637950e-005	6.008829e-004
1.248154304384566e-005	6.160663e-004
1.257919929384566e-005	6.330140e-004
1.263855648185698e-005	6.420193e-004
1.267353049870789e-005	6.460610e-004
1.269809752484903e-005	6.481822e-004
1.271615454399876e-005	6.493970e-004
1.273257471572158e-005	6.502746e-004
1.274940541784758e-005	6.509862e-004
1.276477900396297e-005	6.514565e-004
1.278905158660890e-005	6.518145e-004
1.282834295295451e-005	6.513772e-004
1.289060335611730e-005	6.482201e-004
1.298289577346429e-005	6.400992e-004
1.308055202346429e-005	6.303160e-004
1.313914586469585e-005	6.255073e-004
1.317393160285658e-005	6.237342e-004
1.319838762619276e-005	6.230756e-004
1.321637092754460e-005	6.228635e-004
1.323283958831310e-005	6.228453e-004
1.324791757963925e-005	6.229634e-004
1.326422596560791e-005	6.232513e-004
1.328815250579587e-005	6.240131e-004
1.332689549853376e-005	6.261879e-004
1.338835247184696e-005	6.318506e-004
1.347973983584028e-005	6.430407e-004
1.357739608584028e-005	6.553087e-004
1.363776583387742e-005	6.613325e-004
1.367299316220589e-005	6.635957e-004
1.369770916170020e-005	6.645434e-004
1.371586497009871e-005	6.649445e-004
1.373221492588560e-005	6.651064e-004
1.374876634144031e-005	6.650932e-004
1.376454146421197e-005	6.648857e-004
1.378866542897755e-005	6.641276e-004
1.382772136133268e-005	6.617192e-004
1.388963721637948e-005	6.552345e-004
1.398154304384564e-005	6.422837e-004
1.407919929384564e-005	6.277399e-004
1.413855648185697e-005	6.200860e-004
1.417353049870788e-005	6.165789e-004
1.419809752484903e-005	6.146167e-004
1.421615454399876e-005	6.134091e-004
1.423257471572157e-005	6.124809e-004
1.424940541784757e-005	6.116913e-004
1.426477900396297e-005	6.111516e-004
1.428905158660889e-005	6.107377e-004
1.432834295295450e-005	6.112288e-004
1.439060335611728e-005	6.144753e-004
1.448289577346427e-005	6.219659e-004
1.458055202346427e-005	6.299368e-004
1.463914586469584e-005	6.332943e-004
1.467393160285658e-005	6.342614e-004
1.469838762619276e-005	6.344470e-004
1.471637092754460e-005	6.343393e-004
1.473283958831310e-005	6.340557e-004
1.474791757963925e-005	6.336300e-004
1.476422596560792e-005	6.329479e-004
1.478815250579587e-005	6.314592e-004
1.482689549853377e-005	6.277955e-004
1.488835247184697e-005	6.194444e-004
1.497973983584029e-005	6.043083e-004
1.507739608584029e-005	5.879735e-004
1.513776583387743e-005	5.791779e-004
1.517299316220589e-005	5.749835e-004
1.519770916170020e-005	5.725109e-004
1.521586497009871e-005	5.709424e-004
1.523221492588560e-005	5.697305e-004
1.524876634144032e-005	5.687071e-004
1.526454146421198e-005	5.679731e-004
1.528866542897756e-005	5.673939e-004
1.532772136133270e-005	5.677785e-004
1.538963721637950e-005	5.709390e-004
1.548154304384566e-005	5.782520e-004
1.557919929384566e-005	5.862437e-004
1.563855648185698e-005	5.900361e-004
1.567353049870789e-005	5.914897e-004
1.569809752484903e-005	5.920995e-004
1.571615454399876e-005	5.923089e-004
1.573257471572158e-005	5.922923e-004
1.574940541784759e-005	5.920600e-004
1.576477900396297e-005	5.916035e-004
1.578905158660890e-005	5.903309e-004
1.582834295295452e-005	5.869998e-004
1.589060335611731e-005	5.794502e-004
1.598289577346431e-005	5.662585e-004
1.608055202346431e-005	5.526065e-004
1.613914586469586e-005	5.456318e-004
1.617393160285659e-005	5.423340e-004
1.619838762619276e-005	5.404839e-004
1.621637092754461e-005	5.394129e-004
1.623283958831311e-005	5.386791e-004
1.624791757963925e-005	5.382363e-004
1.626422596560792e-005	5.380540e-004
1.628815250579587e-005	5.383847e-004
1.632689549853376e-005	5.402646e-004
1.638835247184696e-005	5.456328e-004
1.647973983584029e-005	5.560301e-004
1.657739608584029e-005	5.675849e-004
1.663776583387742e-005	5.739914e-004
1.667299316220589e-005	5.770806e-004
1.669770916170021e-005	5.788229e-004
1.671586497009871e-005	5.798187e-004
1.673221492588561e-005	5.804664e-004
1.674876634144032e-005	5.808705e-004
1.676454146421198e-005	5.809738e-004
1.678866542897756e-005	5.805606e-004
1.682772136133269e-005	5.786937e-004
1.688963721637950e-005	5.737565e-004
1.698154304384566e-005	5.646898e-004
1.707919929384566e-005	5.551256e-004
1.713855648185698e-005	5.502451e-004
1.717353049870789e-005	5.481392e-004
1.719809752484903e-005	5.471760e-004
1.721615454399876e-005	5.468116e-004
1.723257471572157e-005	5.467761e-004
1.724940541784757e-005	5.470305e-004
1.726477900396297e-005	5.475649e-004
1.728905158660889e-005	5.490159e-004
1.732834295295451e-005	5.525926e-004
1.739060335611729e-005	5.603107e-004
1.748289577346428e-005	5.738156e-004
1.758055202346428e-005	5.885994e-004
1.763914586469585e-005	5.968551e-004
1.767393160285658e-005	6.010660e-004
1.769838762619276e-005	6.035049e-004
1.771637092754460e-005	6.049435e-004
1.773283958831310e-005	6.059658e-004
1.774791757963925e-005	6.066454e-004
1.776422596560791e-005	6.070753e-004
1.778815250579587e-005	6.071561e-004
1.782689549853377e-005	6.061926e-004
1.788835247184696e-005	6.028509e-004
1.797973983584029e-005	5.959371e-004
1.807739608584029e-005	5.879448e-004
1.813776583387742e-005	5.835927e-004
1.817299316220589e-005	5.818012e-004
1.819770916170021e-005	5.811297e-004
1.821586497009871e-005	5.810235e-004
1.823221492588561e-005	5.812396e-004
1.824876634144033e-005	5.817458e-004
1.826454146421198e-005	5.825192e-004
1.828866542897756e-005	5.842294e-004
1.832772136133270e-005	5.880033e-004
1.838963721637950e-005	5.956789e-004
1.848154304384567e-005	6.089816e-004
1.857919929384566e-005	6.237397e-004
1.863855648185699e-005	6.320386e-004
1.867353049870790e-005	6.360653e-004
1.869809752484903e-005	6.382341e-004
1.871615454399876e-005	6.394091e-004
1.873257471572158e-005	6.401480e-004
1.874940541784757e-005	6.406084e-004
1.876477900396297e-005	6.407480e-004
1.878905158660890e-005	6.404530e-004
1.882834295295451e-005	6.389860e-004
1.889060335611729e-005	6.348505e-004
1.898289577346428e-005	6.263439e-004
1.908055202346428e-005	6.161644e-004
1.913914586469585e-005	6.105236e-004
1.917393160285659e-005	6.080050e-004
1.919838762619276e-005	6.068842e-004
1.921637092754460e-005	6.064614e-004
1.923283958831310e-005	6.063743e-004
1.924791757963925e-005	6.065313e-004
1.926422596560792e-005	6.069578e-004
1.928815250579587e-005	6.080081e-004
1.932689549853377e-005	6.105368e-004
1.938835247184697e-005	6.161149e-004
1.947973983584030e-005	6.265234e-004
1.957739608584030e-005	6.385120e-004
1.963776583387743e-005	6.451315e-004
1.967299316220589e-005	6.479488e-004
1.969770916170021e-005	6.491707e-004
1.971586497009871e-005	6.496308e-004
1.973221492588561e-005	6.497305e-004
1.974876634144033e-005	6.495659e-004
1.976454146421198e-005	6.491595e-004
1.978866542897756e-005	6.481036e-004
1.982772136133270e-005	6.455099e-004
1.988963721637950e-005	6.395374e-004
1.998154304384566e-005	6.279157e-004
2.007919929384566e-005	6.141554e-004
2.013855648185699e-005	6.064246e-004
2.017353049870790e-005	6.028746e-004
2.019809752484903e-005	6.010954e-004
2.021615454399876e-005	6.001859e-004
2.023257471572158e-005	5.996391e-004
2.024940541784758e-005	5.993107e-004
2.026477900396297e-005	5.992166e-004
2.028905158660890e-005	5.994412e-004
2.032834295295452e-005	6.006056e-004
2.039060335611731e-005	6.042496e-004
2.048289577346431e-005	6.122816e-004
2.058055202346431e-005	6.218360e-004
2.063914586469586e-005	6.266294e-004
2.067393160285659e-005	6.283346e-004
2.069838762619277e-005	6.287952e-004
2.071637092754461e-005	6.287439e-004
2.073283958831311e-005	6.284339e-004
2.074791757963925e-005	6.279563e-004
2.076422596560792e-005	6.272346e-004
2.078815250579587e-005	6.258190e-004
2.082689549853377e-005	6.226916e-004
2.088835247184697e-005	6.157696e-004
2.097973983584030e-005	6.025512e-004
2.107739608584030e-005	5.872277e-004
2.113776583387743e-005	5.787579e-004
2.117299316220589e-005	5.749964e-004
2.119770916170021e-005	5.730935e-004
2.121586497009871e-005	5.720661e-004
2.123221492588560e-005	5.713849e-004
2.124876634144032e-005	5.708922e-004
2.126454146421197e-005	5.706096e-004
2.128866542897755e-005	5.705373e-004
2.132772136133268e-005	5.713143e-004
2.138963721637948e-005	5.747091e-004
2.148154304384563e-005	5.828878e-004
2.157919929384563e-005	5.927483e-004
2.163855648185697e-005	5.976884e-004
2.167353049870789e-005	5.994508e-004
2.169809752484903e-005	6.000181e-004
2.171615454399876e-005	6.001111e-004
2.173257471572158e-005	5.999830e-004
2.174940541784757e-005	5.996769e-004
2.176477900396297e-005	5.992321e-004
2.178905158660889e-005	5.981803e-004
2.182834295295451e-005	5.955621e-004
2.189060335611730e-005	5.892181e-004
2.198289577346429e-005	5.768947e-004
2.208055202346429e-005	5.632156e-004
2.213914586469585e-005	5.563623e-004
2.217393160285658e-005	5.535173e-004
2.219838762619276e-005	5.521777e-004
2.221637092754460e-005	5.515054e-004
2.223283958831310e-005	5.510958e-004
2.224791757963925e-005	5.508792e-004
2.226422596560792e-005	5.508318e-004
2.228815250579587e-005	5.511481e-004
2.232689549853377e-005	5.527028e-004
2.238835247184697e-005	5.576249e-004
2.247973983584030e-005	5.682411e-004
2.257739608584030e-005	5.805528e-004
2.263776583387743e-005	5.869817e-004
2.267299316220589e-005	5.896377e-004
2.269770916170020e-005	5.909206e-004
2.271586497009871e-005	5.915953e-004
2.273221492588560e-005	5.920233e-004
2.274876634144031e-005	5.922983e-004
2.276454146421197e-005	5.923866e-004
2.278866542897755e-005	5.921283e-004
2.282772136133268e-005	5.906481e-004
2.288963721637947e-005	5.859103e-004
2.298154304384563e-005	5.760278e-004
2.307919929384563e-005	5.652175e-004
2.313855648185697e-005	5.600856e-004
2.317353049870788e-005	5.581863e-004
2.319809752484902e-005	5.574134e-004
2.321615454399875e-005	5.571102e-004
2.323257471572156e-005	5.570247e-004
2.324940541784755e-005	5.571154e-004
2.326477900396296e-005	5.573937e-004
2.328905158660888e-005	5.582948e-004
2.332834295295448e-005	5.609636e-004
2.339060335611725e-005	5.677897e-004
2.348289577346422e-005	5.808703e-004
2.358055202346422e-005	5.950743e-004
2.363914586469582e-005	6.023133e-004
2.367393160285656e-005	6.056249e-004
2.369838762619275e-005	6.074668e-004
2.371637092754459e-005	6.085806e-004
2.373283958831309e-005	6.094195e-004
2.374791757963925e-005	6.100262e-004
2.376422596560791e-005	6.104675e-004
2.378815250579586e-005	6.106424e-004
2.382689549853376e-005	6.097048e-004
2.388835247184696e-005	6.057165e-004
2.397973983584028e-005	5.970589e-004
2.407739608584028e-005	5.875853e-004
2.413776583387742e-005	5.829978e-004
2.417299316220588e-005	5.812517e-004
2.419770916170020e-005	5.804942e-004
2.421586497009871e-005	5.801813e-004
2.423221492588560e-005	5.800939e-004
2.424876634144032e-005	5.802010e-004
2.426454146421198e-005	5.805346e-004
2.428866542897756e-005	5.815649e-004
2.432772136133269e-005	5.845025e-004
2.438963721637949e-005	5.916036e-004
2.448154304384565e-005	6.045724e-004
2.457919929384565e-005	6.183212e-004
2.463855648185698e-005	6.254292e-004
2.467353049870789e-005	6.287338e-004
2.469809752484903e-005	6.305951e-004
2.471615454399876e-005	6.317022e-004
2.473257471572157e-005	6.324878e-004
2.474940541784756e-005	6.330663e-004
2.476477900396297e-005	6.333401e-004
2.478905158660889e-005	6.331982e-004
2.482834295295449e-005	6.316323e-004
2.489060335611727e-005	6.266792e-004
2.498289577346424e-005	6.168952e-004
2.508055202346424e-005	6.063599e-004
2.513914586469583e-005	6.010114e-004
2.517393160285657e-005	5.985759e-004
2.519838762619275e-005	5.972833e-004
2.521637092754459e-005	5.965934e-004
2.523283958831309e-005	5.961852e-004
2.524791757963925e-005	5.960203e-004
2.526422596560792e-005	5.961141e-004
2.528815250579587e-005	5.968046e-004
2.532689549853378e-005	5.991694e-004
2.538835247184698e-005	6.050993e-004
2.547973983584031e-005	6.159317e-004
2.557739608584031e-005	6.274566e-004
2.563776583387743e-005	6.335360e-004
2.567299316220589e-005	6.362924e-004
2.569770916170021e-005	6.377434e-004
2.571586497009871e-005	6.385010e-004
2.573221492588561e-005	6.389187e-004
2.574876634144033e-005	6.390773e-004
2.576454146421198e-005	6.389331e-004
2.578866542897756e-005	6.381114e-004
2.582772136133270e-005	6.354997e-004
2.588963721637950e-005	6.291583e-004
2.598154304384566e-005	6.175858e-004
2.607919929384566e-005	6.049462e-004
2.613855648185699e-005	5.980032e-004
2.617353049870790e-005	5.945998e-004
2.619809752484904e-005	5.926836e-004
2.621615454399876e-005	5.915943e-004
2.623257471572158e-005	5.908807e-004
2.624940541784758e-005	5.904234e-004
2.626477900396298e-005	5.902919e-004
2.628905158660890e-005	5.906648e-004
2.632834295295452e-005	5.924479e-004
2.639060335611731e-005	5.972301e-004
2.648289577346431e-005	6.061930e-004
2.658055202346431e-005	6.159296e-004
2.663914586469586e-005	6.210226e-004
2.667393160285659e-005	6.233075e-004
2.669838762619277e-005	6.243821e-004
2.671637092754461e-005	6.248165e-004
2.673283958831311e-005	6.249194e-004
2.674791757963925e-005	6.247573e-004
2.676422596560792e-005	6.242757e-004
2.678815250579587e-005	6.230132e-004
2.682689549853377e-005	6.198515e-004
2.688835247184697e-005	6.129730e-004
2.697973983584030e-005	6.007668e-004
2.707739608584030e-005	5.871631e-004
2.713776583387743e-005	5.793931e-004
2.717299316220589e-005	5.756265e-004
2.719770916170021e-005	5.735718e-004
2.721586497009871e-005	5.724491e-004
2.723221492588560e-005	5.717504e-004
2.724876634144032e-005	5.713325e-004
2.726454146421198e-005	5.712295e-004
2.728866542897756e-005	5.716137e-004
2.732772136133269e-005	5.732859e-004
2.738963721637949e-005	5.777415e-004
2.748154304384565e-005	5.864560e-004
2.757919929384565e-005	5.965343e-004
2.763855648185698e-005	6.021117e-004
2.767353049870789e-005	6.046088e-004
2.769809752484903e-005	6.057462e-004
2.771615454399876e-005	6.061865e-004
2.773257471572158e-005	6.062735e-004
2.774940541784758e-005	6.060788e-004
2.776477900396297e-005	6.056316e-004
2.778905158660890e-005	6.044297e-004
2.782834295295452e-005	6.015400e-004
2.789060335611731e-005	5.952847e-004
2.798289577346431e-005	5.839713e-004
2.808055202346431e-005	5.712439e-004
2.813914586469586e-005	5.642988e-004
2.817393160285659e-005	5.610940e-004
2.819838762619276e-005	5.595244e-004
2.821637092754460e-005	5.587892e-004
2.823283958831310e-005	5.584307e-004
2.824791757963925e-005	5.583528e-004
2.826422596560792e-005	5.585434e-004
2.828815250579587e-005	5.592857e-004
2.832689549853377e-005	5.614079e-004
2.838835247184696e-005	5.665394e-004
2.847973983584029e-005	5.766256e-004
2.857739608584029e-005	5.886436e-004
2.863776583387742e-005	5.955117e-004
2.867299316220589e-005	5.985918e-004
2.869770916170021e-005	6.000541e-004
2.871586497009871e-005	6.007170e-004
2.873221492588560e-005	6.010156e-004
2.874876634144032e-005	6.010649e-004
2.876454146421197e-005	6.008738e-004
2.878866542897755e-005	6.001680e-004
2.882772136133268e-005	5.981942e-004
2.888963721637948e-005	5.933627e-004
2.898154304384565e-005	5.837816e-004
2.907919929384565e-005	5.725675e-004
2.913855648185698e-005	5.665584e-004
2.917353049870789e-005	5.640835e-004
2.919809752484903e-005	5.630839e-004
2.921615454399876e-005	5.627619e-004
2.923257471572157e-005	5.627622e-004
2.924940541784757e-005	5.630078e-004
2.926477900396297e-005	5.634521e-004
2.928905158660889e-005	5.645550e-004
2.932834295295449e-005	5.671975e-004
2.939060335611727e-005	5.732795e-004
2.948289577346425e-005	5.850664e-004
2.958055202346425e-005	5.987515e-004
2.963914586469584e-005	6.061269e-004
2.967393160285657e-005	6.094161e-004
2.969838762619275e-005	6.110088e-004
2.971637092754460e-005	6.117948e-004
2.973283958831309e-005	6.122524e-004
2.974791757963925e-005	6.124768e-004
2.976422596560791e-005	6.125127e-004
2.978815250579586e-005	6.122061e-004
2.982689549853376e-005	6.108776e-004
2.988835247184696e-005	6.068384e-004
2.997973983584029e-005	5.979584e-004
3.007739608584028e-005	5.872709e-004
3.013776583387742e-005	5.816231e-004
3.017299316220589e-005	5.794773e-004
3.019770916170020e-005	5.786964e-004
3.021586497009871e-005	5.784908e-004
3.023221492588561e-005	5.785497e-004
3.024876634144032e-005	5.788067e-004
3.026454146421198e-005	5.792386e-004
3.028866542897755e-005	5.802553e-004
3.032772136133268e-005	5.827710e-004
3.038963721637948e-005	5.888300e-004
3.048154304384564e-005	6.007692e-004
3.057919929384564e-005	6.144326e-004
3.063855648185697e-005	6.215924e-004
3.067353049870789e-005	6.246173e-004
3.069809752484903e-005	6.260429e-004
3.071615454399876e-005	6.267478e-004
3.073257471572157e-005	6.271605e-004
3.074940541784756e-005	6.273945e-004
3.076477900396297e-005	6.274296e-004
3.078905158660889e-005	6.271110e-004
3.082834295295449e-005	6.256332e-004
3.089060335611726e-005	6.209941e-004
3.098289577346424e-005	6.109600e-004
3.108055202346425e-005	5.993729e-004
3.113914586469583e-005	5.935712e-004
3.117393160285657e-005	5.912621e-004
3.119838762619275e-005	5.902676e-004
3.121637092754459e-005	5.898363e-004
3.123283958831309e-005	5.896385e-004
3.124791757963925e-005	5.896082e-004
3.126422596560792e-005	5.897518e-004
3.128815250579587e-005	5.903234e-004
3.132689549853378e-005	5.922195e-004
3.138835247184698e-005	5.975030e-004
3.147973983584030e-005	6.083361e-004
3.157739608584031e-005	6.205658e-004
3.163776583387743e-005	6.267780e-004
3.167299316220589e-005	6.292246e-004
3.169770916170021e-005	6.303156e-004
3.171586497009871e-005	6.308243e-004
3.173221492588560e-005	6.310852e-004
3.174876634144031e-005	6.311765e-004
3.176454146421197e-005	6.310766e-004
3.178866542897755e-005	6.305088e-004
3.182772136133267e-005	6.284859e-004
3.188963721637946e-005	6.227830e-004
3.198154304384561e-005	6.112189e-004
3.207919929384562e-005	5.983058e-004
3.213855648185696e-005	5.917286e-004
3.217353049870788e-005	5.889189e-004
3.219809752484902e-005	5.874899e-004
3.221615454399875e-005	5.866975e-004
3.223257471572157e-005	5.861614e-004
3.224940541784756e-005	5.857834e-004
3.226477900396297e-005	5.856254e-004
3.228905158660889e-005	5.858163e-004
3.232834295295449e-005	5.872827e-004
3.239060335611727e-005	5.920980e-004
3.248289577346425e-005	6.020608e-004
3.258055202346426e-005	6.128617e-004
3.263914586469583e-005	6.180009e-004
3.267393160285658e-005	6.200293e-004
3.269838762619275e-005	6.209484e-004
3.271637092754460e-005	6.213742e-004
3.273283958831310e-005	6.215781e-004
3.274791757963925e-005	6.216012e-004
3.276422596560791e-005	6.214111e-004
3.278815250579587e-005	6.206625e-004
3.282689549853377e-005	6.182394e-004
3.288835247184696e-005	6.119005e-004
3.297973983584029e-005	5.997233e-004
3.307739608584030e-005	5.864623e-004
3.313776583387743e-005	5.795495e-004
3.317299316220588e-005	5.764736e-004
3.319770916170020e-005	5.748015e-004
3.321586497009871e-005	5.738247e-004
3.323221492588561e-005	5.731435e-004
3.324876634144033e-005	5.726513e-004
3.326454146421198e-005	5.724141e-004
3.328866542897756e-005	5.725716e-004
3.332772136133270e-005	5.741018e-004
3.338963721637950e-005	5.790233e-004
3.348154304384566e-005	5.889183e-004
3.357919929384567e-005	5.995990e-004
3.363855648185699e-005	6.049341e-004
3.367353049870789e-005	6.072256e-004
3.369809752484903e-005	6.083890e-004
3.371615454399876e-005	6.089933e-004
3.373257471572158e-005	6.093319e-004
3.374940541784757e-005	6.094633e-004
3.376477900396297e-005	6.093409e-004
3.378905158660889e-005	6.085994e-004
3.382834295295450e-005	6.061171e-004
3.389060335611728e-005	5.998151e-004
3.398289577346427e-005	5.882129e-004
3.408055202346427e-005	5.759850e-004
3.413914586469584e-005	5.697802e-004
3.417393160285658e-005	5.669196e-004
3.419838762619275e-005	5.653639e-004
3.421637092754459e-005	5.644949e-004
3.423283958831309e-005	5.639312e-004
3.424791757963925e-005	5.636294e-004
3.426422596560792e-005	5.635815e-004
3.428815250579587e-005	5.640771e-004
3.432689549853377e-005	5.661694e-004
3.438835247184696e-005	5.718025e-004
3.447973983584028e-005	5.824782e-004
3.457739608584029e-005	5.941275e-004
3.463776583387742e-005	6.004178e-004
3.467299316220589e-005	6.033502e-004
3.469770916170021e-005	6.049522e-004
3.471586497009871e-005	6.058383e-004
3.473221492588560e-005	6.063865e-004
3.474876634144031e-005	6.066909e-004
3.476454146421198e-005	6.067000e-004
3.478866542897755e-005	6.061380e-004
3.482772136133268e-005	6.039932e-004
3.488963721637948e-005	5.984779e-004
3.498154304384564e-005	5.882989e-004
3.507919929384564e-005	5.773655e-004
3.513855648185697e-005	5.716043e-004
3.517353049870788e-005	5.689602e-004
3.519809752484903e-005	5.675976e-004
3.521615454399876e-005	5.669212e-004
3.523257471572157e-005	5.665858e-004
3.524940541784756e-005	5.665181e-004
3.526477900396297e-005	5.667455e-004
3.528905158660889e-005	5.676940e-004
3.532834295295449e-005	5.704429e-004
3.539060335611727e-005	5.768486e-004
3.548289577346425e-005	5.883664e-004
3.558055202346425e-005	6.009074e-004
3.563914586469583e-005	6.077118e-004
3.567393160285657e-005	6.110267e-004
3.569838762619275e-005	6.128380e-004
3.571637092754460e-005	6.138233e-004
3.573283958831309e-005	6.144379e-004
3.574791757963925e-005	6.147494e-004
3.576422596560792e-005	6.147845e-004
3.578815250579587e-005	6.142838e-004
3.582689549853377e-005	6.123519e-004
3.588835247184697e-005	6.074025e-004
3.597973983584030e-005	5.980449e-004
3.607739608584030e-005	5.874981e-004
3.613776583387743e-005	5.816265e-004
3.617299316220589e-005	5.789589e-004
3.619770916170021e-005	5.776613e-004
3.621586497009871e-005	5.770848e-004
3.623221492588560e-005	5.768706e-004
3.624876634144031e-005	5.769376e-004
3.626454146421197e-005	5.772923e-004
3.628866542897755e-005	5.783721e-004
3.632772136133267e-005	5.811671e-004
3.638963721637946e-005	5.873838e-004
3.648154304384561e-005	5.986145e-004
3.657919929384562e-005	6.111983e-004
3.663855648185696e-005	6.181984e-004
3.667353049870788e-005	6.214987e-004
3.669809752484902e-005	6.231917e-004
3.671615454399876e-005	6.240368e-004
3.673257471572157e-005	6.244880e-004
3.674940541784757e-005	6.246619e-004
3.676477900396297e-005	6.245440e-004
3.678905158660890e-005	6.238435e-004
3.682834295295452e-005	6.217140e-004
3.689060335611730e-005	6.165524e-004
3.698289577346430e-005	6.066877e-004
3.708055202346430e-005	5.953254e-004
3.713914586469586e-005	5.890942e-004
3.717393160285659e-005	5.862503e-004
3.719838762619277e-005	5.848997e-004
3.721637092754461e-005	5.843081e-004
3.723283958831312e-005	5.840699e-004
3.724791757963925e-005	5.840948e-004
3.726422596560791e-005	5.843897e-004
3.728815250579587e-005	5.852748e-004
3.732689549853377e-005	5.876042e-004
3.738835247184696e-005	5.929816e-004
3.747973983584028e-005	6.032170e-004
3.757739608584028e-005	6.151281e-004
3.763776583387742e-005	6.217992e-004
3.767299316220589e-005	6.247215e-004
3.769770916170020e-005	6.260588e-004
3.771586497009871e-005	6.266214e-004
3.773221492588560e-005	6.268212e-004
3.774876634144031e-005	6.267617e-004
3.776454146421198e-005	6.264558e-004
3.778866542897755e-005	6.255504e-004
3.782772136133268e-005	6.232015e-004
3.788963721637948e-005	6.176804e-004
3.798154304384564e-005	6.069384e-004
3.807919929384564e-005	5.943431e-004
3.813855648185697e-005	5.873921e-004
3.817353049870789e-005	5.843050e-004
3.819809752484903e-005	5.828493e-004
3.821615454399875e-005	5.821820e-004
3.823257471572157e-005	5.818635e-004
3.824940541784756e-005	5.817797e-004
3.826477900396297e-005	5.819218e-004
3.828905158660889e-005	5.825455e-004
3.832834295295449e-005	5.844005e-004
3.839060335611727e-005	5.891776e-004
3.848289577346425e-005	5.988963e-004
3.858055202346425e-005	6.102717e-004
3.863914586469583e-005	6.162301e-004
3.867393160285657e-005	6.186768e-004
3.869838762619276e-005	6.196766e-004
3.871637092754459e-005	6.200232e-004
3.873283958831309e-005	6.200739e-004
3.874791757963924e-005	6.199209e-004
3.876422596560792e-005	6.195428e-004
3.878815250579587e-005	6.186187e-004
3.882689549853378e-005	6.162784e-004
3.888835247184698e-005	6.106398e-004
3.897973983584030e-005	5.994200e-004
3.907739608584031e-005	5.862582e-004
3.913776583387743e-005	5.790736e-004
3.917299316220590e-005	5.760245e-004
3.919770916170021e-005	5.746121e-004
3.921586497009872e-005	5.739483e-004
3.923221492588561e-005	5.736006e-004
3.924876634144033e-005	5.734526e-004
3.926454146421198e-005	5.735052e-004
3.928866542897756e-005	5.739534e-004
3.932772136133269e-005	5.755644e-004
3.938963721637949e-005	5.802069e-004
3.948154304384566e-005	5.900909e-004
3.957919929384566e-005	6.016787e-004
3.963855648185698e-005	6.076675e-004
3.967353049870789e-005	6.100464e-004
3.969809752484904e-005	6.110325e-004
3.971615454399876e-005	6.114180e-004
3.973257471572158e-005	6.115415e-004
3.974940541784758e-005	6.114801e-004
3.976477900396297e-005	6.112472e-004
3.978905158660889e-005	6.105136e-004
3.982834295295451e-005	6.083967e-004
3.989060335611729e-005	6.028434e-004
3.998289577346428e-005	5.916331e-004
4.008055202346428e-005	5.789588e-004
4.013914586469585e-005	5.725750e-004
4.017393160285658e-005	5.699568e-004
4.019838762619277e-005	5.687695e-004
4.021637092754460e-005	5.682120e-004
4.023283958831310e-005	5.679106e-004
4.024791757963925e-005	5.677951e-004
4.026422596560791e-005	5.678562e-004
4.028815250579587e-005	5.683217e-004
4.032689549853377e-005	5.700708e-004
4.038835247184696e-005	5.751738e-004
4.047973983584028e-005	5.858788e-004
4.057739608584028e-005	5.981819e-004
4.063776583387742e-005	6.045686e-004
4.067299316220588e-005	6.071659e-004
4.069770916170020e-005	6.083757e-004
4.071586497009871e-005	6.089756e-004
4.073221492588560e-005	6.093215e-004
4.074876634144032e-005	6.095021e-004
4.076454146421197e-005	6.094928e-004
4.078866542897755e-005	6.090783e-004
4.082772136133267e-005	6.073472e-004
4.088963721637946e-005	6.022071e-004
4.098154304384562e-005	5.916252e-004
4.107919929384562e-005	5.798715e-004
4.113855648185697e-005	5.740586e-004
4.117353049870788e-005	5.717363e-004
4.119809752484902e-005	5.706730e-004
4.121615454399875e-005	5.701624e-004
4.123257471572157e-005	5.698910e-004
4.124940541784757e-005	5.697903e-004
4.126477900396297e-005	5.698894e-004
4.128905158660890e-005	5.704905e-004
4.132834295295451e-005	5.726241e-004
4.139060335611729e-005	5.785169e-004
4.148289577346428e-005	5.901604e-004
4.158055202346429e-005	6.028569e-004
4.163914586469585e-005	6.091827e-004
4.167393160285658e-005	6.119213e-004
4.169838762619276e-005	6.133349e-004
4.171637092754460e-005	6.141216e-004
4.173283958831309e-005	6.146554e-004
4.174791757963925e-005	6.149816e-004
4.176422596560792e-005	6.151220e-004
4.178815250579587e-005	6.148667e-004
4.182689549853377e-005	6.132624e-004
4.188835247184696e-005	6.082439e-004
4.197973983584028e-005	5.980131e-004
4.207739608584028e-005	5.867820e-004
4.213776583387742e-005	5.811071e-004
4.217299316220588e-005	5.787581e-004
4.219770916170020e-005	5.776016e-004
4.221586497009870e-005	5.770047e-004
4.223221492588559e-005	5.766642e-004
4.224876634144030e-005	5.765138e-004
4.226454146421197e-005	5.765973e-004
4.228866542897754e-005	5.772327e-004
4.232772136133267e-005	5.795098e-004
4.238963721637946e-005	5.855756e-004
4.248154304384561e-005	5.971261e-004
4.257919929384561e-005	6.095107e-004
4.263855648185696e-005	6.158223e-004
4.267353049870787e-005	6.186474e-004
4.269809752484902e-005	6.201646e-004
4.271615454399875e-005	6.210209e-004
4.273257471572156e-005	6.215847e-004
4.274940541784755e-005	6.219451e-004
4.276477900396296e-005	6.220310e-004
4.278905158660888e-005	6.216170e-004
4.282834295295449e-005	6.196532e-004
4.289060335611726e-005	6.141108e-004
4.298289577346423e-005	6.034758e-004
4.308055202346423e-005	5.921040e-004
4.313914586469583e-005	5.863466e-004
4.317393160285657e-005	5.837311e-004
4.319838762619274e-005	5.823373e-004
4.321637092754459e-005	5.815787e-004
4.323283958831308e-005	5.811075e-004
4.324791757963926e-005	5.808822e-004
4.326422596560792e-005	5.809068e-004
4.328815250579587e-005	5.814901e-004
4.332689549853378e-005	5.836892e-004
4.338835247184698e-005	5.894360e-004
4.347973983584031e-005	6.001872e-004
4.357739608584031e-005	6.117810e-004
4.363776583387743e-005	6.179323e-004
4.367299316220590e-005	6.207307e-004
4.369770916170021e-005	6.222190e-004
4.371586497009872e-005	6.230157e-004
4.373221492588561e-005	6.234812e-004
4.374876634144033e-005	6.237009e-004
4.376454146421198e-005	6.236280e-004
4.378866542897756e-005	6.229361e-004
4.382772136133269e-005	6.205584e-004
4.388963721637949e-005	6.145954e-004
4.398154304384565e-005	6.036017e-004
4.407919929384565e-005	5.916794e-004
4.413855648185698e-005	5.852771e-004
4.417353049870789e-005	5.822401e-004
4.419809752484903e-005	5.805897e-004
4.421615454399876e-005	5.796920e-004
4.423257471572158e-005	5.791469e-004
4.424940541784757e-005	5.788566e-004
4.426477900396297e-005	5.788737e-004
4.428905158660890e-005	5.794796e-004
4.432834295295451e-005	5.816621e-004
4.439060335611729e-005	5.871612e-004
4.448289577346429e-005	5.973046e-004
4.458055202346429e-005	6.083172e-004
4.463914586469585e-005	6.141499e-004
4.467393160285658e-005	6.169651e-004
4.468155612156309e-005	6.174484e-004
4.469680515897610e-005	6.181576e-004
4.472730323380212e-005	6.190897e-004
4.474639605338691e-005	6.192941e-004
4.476366028631369e-005	6.190863e-004
4.478723276298833e-005	6.182329e-004
4.482541399594136e-005	6.157294e-004
4.488604466185661e-005	6.098525e-004
4.497648822198576e-005	5.990399e-004
4.507414447198576e-005	5.867991e-004
4.513632530002142e-005	5.796843e-004
4.517201633632024e-005	5.763739e-004
4.519700394957960e-005	5.746357e-004
4.521533944628464e-005	5.737366e-004
4.523156185795751e-005	5.732386e-004
4.524760623687439e-005	5.730201e-004
4.526411022589863e-005	5.730993e-004
4.528796433264143e-005	5.737492e-004
4.532659245703375e-005	5.758653e-004
4.538788073424187e-005	5.810524e-004
4.547907647558116e-005	5.908583e-004
4.557673272558116e-005	6.020874e-004
4.563747351355173e-005	6.084552e-004
4.567279471154610e-005	6.113559e-004
4.569756580854969e-005	6.127777e-004
4.571575811184329e-005	6.134310e-004
4.573208214528783e-005	6.137111e-004
4.574853048058221e-005	6.137160e-004
4.576445379374431e-005	6.134384e-004
4.578852290191036e-005	6.125124e-004
4.582749190199018e-005	6.100245e-004
4.588928038664157e-005	6.043254e-004
4.598104271533046e-005	5.937443e-004
4.607869896533046e-005	5.816867e-004
4.613833768041392e-005	5.749811e-004
4.617338171311487e-005	5.719195e-004
4.619798995826048e-005	5.704271e-004
4.621607432775835e-005	5.697360e-004
4.623247505311154e-005	5.694211e-004
4.624922839601769e-005	5.693766e-004
4.626471320719895e-005	5.695992e-004
4.628894462583924e-005	5.704287e-004
4.632817079421348e-005	5.727174e-004
4.639033584177616e-005	5.781277e-004
4.648252150082140e-005	5.884788e-004
4.658017775082140e-005	6.004424e-004
4.663898311198505e-005	6.069947e-004
4.667382079466932e-005	6.099520e-004
4.669830746628250e-005	6.113538e-004
4.671631113061036e-005	6.119815e-004
4.673276781000918e-005	6.122590e-004
4.674792590395162e-005	6.122809e-004
4.676422906004649e-005	6.120512e-004
4.678815753676399e-005	6.112857e-004
4.682690360014924e-005	6.091708e-004
4.688836508113313e-005	6.040722e-004
4.697975755789317e-005	5.940648e-004
4.707741380789317e-005	5.822948e-004
4.713777363254565e-005	5.757607e-004
4.717299845816111e-005	5.729635e-004
4.719771298787449e-005	5.717205e-004
4.721586782242387e-005	5.712158e-004
4.723221847006168e-005	5.710522e-004
4.724877263696331e-005	5.711314e-004
4.726454380425944e-005	5.714383e-004
4.728866923318655e-005	5.723193e-004
4.732772748559864e-005	5.746129e-004
4.738964673882417e-005	5.801004e-004
4.748155639044076e-005	5.908933e-004
4.757921264044076e-005	6.034994e-004
4.763856231251549e-005	6.103388e-004
4.767353446445851e-005	6.133032e-004
4.769810039226631e-005	6.146696e-004
4.771615668245677e-005	6.152842e-004
4.773257737254701e-005	6.155696e-004
4.774941013688980e-005	6.156338e-004
4.776478075796404e-005	6.154857e-004
4.778905443793270e-005	6.148629e-004
4.782834754215366e-005	6.129873e-004
4.789061048643431e-005	6.080619e-004
4.798290574632657e-005	5.979714e-004
4.808056199632657e-005	5.862149e-004
4.813915019809905e-005	5.801056e-004
4.817393455368996e-005	5.775901e-004
4.819838976103783e-005	5.765238e-004
4.821637252014394e-005	5.761068e-004
4.823284150013159e-005	5.759733e-004
4.824791735793352e-005	5.760369e-004
4.826422588319208e-005	5.763069e-004
4.828815237180336e-005	5.770663e-004
4.832689528275871e-005	5.791673e-004
4.838835213601484e-005	5.845214e-004
4.847973936382964e-005	5.953850e-004
4.857739561382965e-005	6.080607e-004
4.863776562615934e-005	6.148433e-004
4.867299302114887e-005	6.176432e-004
4.869770905979100e-005	6.189049e-004
4.871586489412790e-005	6.194800e-004
4.873221483148749e-005	6.197636e-004
4.874876617376082e-005	6.198573e-004
4.876454140188545e-005	6.197577e-004
4.878866532765346e-005	6.192313e-004
4.882772119821431e-005	6.174450e-004
4.888963696275046e-005	6.124216e-004
4.898154268835713e-005	6.019392e-004
4.907919893835713e-005	5.898460e-004
4.913855632655227e-005	5.836289e-004
4.917353039307726e-005	5.811080e-004
4.919809744847353e-005	5.799901e-004
4.921615448703965e-005	5.794868e-004
4.923257464495541e-005	5.792439e-004
4.924940529215296e-005	5.791772e-004
4.926477895724406e-005	5.792942e-004
4.928905151066210e-005	5.798623e-004
4.932834283071821e-005	5.817731e-004
4.939060316619613e-005	5.870969e-004
4.948289550782774e-005	5.979694e-004
4.958055175782774e-005	6.101670e-004
4.963914574926925e-005	6.162323e-004
4.967393152425712e-005	6.186982e-004
4.969838756932839e-005	6.198189e-004
4.971637088512370e-005	6.203479e-004
4.973283953738948e-005	6.206324e-004
4.974791758554467e-005	6.207345e-004
4.976422596780317e-005	6.206543e-004
4.978815250936493e-005	6.201405e-004
4.982689550428122e-005	6.182597e-004
4.988835248079229e-005	6.128990e-004
4.997973984841291e-005	6.019032e-004
5.007739609841291e-005	5.894730e-004
5.013776583941026e-005	5.830498e-004
5.017299316596313e-005	5.803962e-004
5.019770916441469e-005	5.791140e-004
5.021586497212230e-005	5.784492e-004
5.023221492840003e-005	5.780439e-004
5.024876634590669e-005	5.778085e-004
5.026454146587212e-005	5.777779e-004
5.028866543167645e-005	5.781623e-004
5.032772136567756e-005	5.799077e-004
5.038963722313523e-005	5.851178e-004
5.048154305331455e-005	5.957332e-004
5.057919930331455e-005	6.074303e-004
5.063855648599372e-005	6.132448e-004
5.067353050152150e-005	6.156327e-004
5.069809752688339e-005	6.167781e-004
5.071615454551594e-005	6.173580e-004
5.073257471760652e-005	6.176904e-004
5.074940542119561e-005	6.178457e-004
5.076477900520739e-005	6.177842e-004
5.078905158863184e-005	6.172150e-004
5.082834295621043e-005	6.150950e-004
5.089060336117609e-005	6.092457e-004
5.098289578053985e-005	5.978291e-004
5.108055203053986e-005	5.855008e-004
5.113914586777039e-005	5.793648e-004
5.117393160495018e-005	5.766866e-004
5.119838762770742e-005	5.752955e-004
5.121637092867453e-005	5.745276e-004
5.123283958966950e-005	5.740204e-004
5.124791757948195e-005	5.737309e-004
5.126422596554944e-005	5.736469e-004
5.128815250570080e-005	5.740137e-004
5.132689549838067e-005	5.758316e-004
5.138835247160869e-005	5.811579e-004
5.147973983550539e-005	5.917157e-004
5.157739608550540e-005	6.032495e-004
5.163776583373004e-005	6.091889e-004
5.167299316210580e-005	6.117512e-004
5.169770916162790e-005	6.130711e-004
5.171586497004481e-005	6.137803e-004
5.173221492581862e-005	6.142092e-004
5.174876634132133e-005	6.144342e-004
5.176454146416775e-005	6.144064e-004
5.178866542890566e-005	6.138340e-004
5.182772136121694e-005	6.116504e-004
5.188963721619951e-005	6.058039e-004
5.198154304359339e-005	5.947172e-004
5.207919929359340e-005	5.828295e-004
5.213855648174677e-005	5.767280e-004
5.217353049863293e-005	5.739784e-004
5.219809752479483e-005	5.725137e-004
5.221615454395834e-005	5.717100e-004
5.223257471567136e-005	5.712095e-004
5.224940541775837e-005	5.709291e-004
5.226477900392982e-005	5.709290e-004
5.228905158655500e-005	5.714916e-004
5.232834295286776e-005	5.736806e-004
5.239060335598252e-005	5.794780e-004
5.248289577327578e-005	5.903563e-004
5.258055202327578e-005	6.020078e-004
5.263914586461394e-005	6.080143e-004
5.267393160280081e-005	6.108017e-004
5.269838762615241e-005	6.123001e-004
5.271637092751449e-005	6.131151e-004
5.273283958827695e-005	6.136202e-004
5.274791757964344e-005	6.138631e-004
5.276422596560947e-005	6.138461e-004
5.278815250579839e-005	6.132669e-004
5.282689549853783e-005	6.110988e-004
5.288835247185329e-005	6.054908e-004
5.297973983584918e-005	5.950058e-004
5.307739608584918e-005	5.835833e-004
5.313776583388133e-005	5.774283e-004
5.317299316220855e-005	5.746067e-004
5.319770916170213e-005	5.731225e-004
5.321586497010014e-005	5.723487e-004
5.323221492588738e-005	5.719183e-004
5.324876634144347e-005	5.717440e-004
5.326454146421314e-005	5.718644e-004
5.328866542897946e-005	5.726210e-004
5.332772136133575e-005	5.750518e-004
5.338963721638425e-005	5.809832e-004
5.348154304385232e-005	5.918637e-004
5.357919929385232e-005	6.037540e-004
5.363855648185989e-005	6.101941e-004
5.367353049870987e-005	6.132376e-004
5.369809752485046e-005	6.148571e-004
5.371615454399983e-005	6.157091e-004
5.373257471572291e-005	6.161985e-004
5.374940541784994e-005	6.164240e-004
5.376477900396385e-005	6.163468e-004
5.378905158661033e-005	6.156588e-004
5.382834295295681e-005	6.133947e-004
5.389060335612087e-005	6.078419e-004
5.398289577346929e-005	5.975829e-004
5.408055202346929e-005	5.862836e-004
5.413914586469802e-005	5.802177e-004
5.417393160285807e-005	5.773827e-004
5.419838762619384e-005	5.759427e-004
5.421637092754540e-005	5.752444e-004
5.423283958831407e-005	5.748969e-004
5.424791757963913e-005	5.748282e-004
5.426422596560787e-005	5.750480e-004
5.428815250579580e-005	5.758997e-004
5.432689549853366e-005	5.783498e-004
5.438835247184679e-005	5.840811e-004
5.447973983584004e-005	5.946675e-004
5.457739608584005e-005	6.066264e-004
5.463776583387732e-005	6.133533e-004
5.467299316220582e-005	6.164655e-004
5.469770916170016e-005	6.180406e-004
5.471586497009868e-005	6.188104e-004
5.473221492588556e-005	6.191980e-004
5.474876634144026e-005	6.193114e-004
5.476454146421196e-005	6.191378e-004
5.478866542897753e-005	6.183570e-004
5.482772136133265e-005	6.160781e-004
5.488963721637942e-005	6.106578e-004
5.498154304384556e-005	6.004421e-004
5.507919929384557e-005	5.887702e-004
5.513855648185694e-005	5.823141e-004
5.517353049870786e-005	5.793654e-004
5.519809752484901e-005	5.779332e-004
5.521615454399874e-005	5.772764e-004
5.523257471572155e-005	5.769865e-004
5.524940541784753e-005	5.769645e-004
5.526477900396295e-005	5.772047e-004
5.528905158660886e-005	5.780665e-004
5.532834295295444e-005	5.804112e-004
5.539060335611719e-005	5.858995e-004
5.548289577346415e-005	5.962880e-004
5.558055202346415e-005	6.081673e-004
5.563914586469579e-005	6.145982e-004
5.567393160285654e-005	6.174863e-004
5.569838762619273e-005	6.188437e-004
5.571637092754457e-005	6.194398e-004
5.573283958831306e-005	6.196880e-004
5.574791757963926e-005	6.196803e-004
5.576422596560792e-005	6.194141e-004
5.578815250579588e-005	6.185844e-004
5.582689549853378e-005	6.163405e-004
5.588835247184698e-005	6.110023e-004
5.597973983584032e-005	6.006138e-004
5.607739608584032e-005	5.884165e-004
5.613776583387744e-005	5.815868e-004
5.617299316220590e-005	5.785921e-004
5.619770916170021e-005	5.771969e-004
5.621586497009872e-005	5.765759e-004
5.623221492588562e-005	5.763064e-004
5.624876634144035e-005	5.762790e-004
5.626454146421199e-005	5.764861e-004
5.628866542897758e-005	5.772190e-004
5.632772136133273e-005	5.792780e-004
5.638963721637955e-005	5.843790e-004
5.648154304384573e-005	5.945401e-004
5.657919929384574e-005	6.064231e-004
5.663855648185702e-005	6.128218e-004
5.667353049870791e-005	6.155363e-004
5.669809752484904e-005	6.167318e-004
5.671615454399876e-005	6.172203e-004
5.673257471572158e-005	6.173886e-004
5.674940541784758e-005	6.173293e-004
5.676477900396297e-005	6.170641e-004
5.678905158660889e-005	6.162490e-004
5.682834295295449e-005	6.140535e-004
5.689060335611727e-005	6.086294e-004
5.698289577346425e-005	5.978383e-004
5.708055202346426e-005	5.853625e-004
5.713914586469583e-005	5.788098e-004
5.717393160285657e-005	5.760204e-004
5.719838762619276e-005	5.747600e-004
5.721637092754460e-005	5.742030e-004
5.723283958831308e-005	5.739452e-004
5.724791757963925e-005	5.738990e-004
5.726422596560791e-005	5.740552e-004
5.728815250579586e-005	5.746552e-004
5.732689549853375e-005	5.765063e-004
5.738835247184694e-005	5.814604e-004
5.747973983584025e-005	5.917212e-004
5.757739608584026e-005	6.037815e-004
5.763776583387741e-005	6.102264e-004
5.767299316220588e-005	6.128516e-004
5.769770916170020e-005	6.139964e-004
5.771586497009871e-005	6.144845e-004
5.773221492588560e-005	6.146877e-004
5.774876634144030e-005	6.146980e-004
5.776454146421197e-005	6.145170e-004
5.778866542897756e-005	6.138656e-004
5.782772136133268e-005	6.118875e-004
5.788963721637948e-005	6.066040e-004
5.798154304384564e-005	5.958113e-004
5.807919929384564e-005	5.834328e-004
5.813855648185697e-005	5.770483e-004
5.817353049870788e-005	5.744337e-004
5.819809752484902e-005	5.732587e-004
5.821615454399875e-005	5.727212e-004
5.823257471572157e-005	5.724537e-004
5.824940541784757e-005	5.723675e-004
5.826477900396297e-005	5.724713e-004
5.828905158660889e-005	5.730247e-004
5.832834295295450e-005	5.749147e-004
5.839060335611728e-005	5.802047e-004
5.848289577346427e-005	5.910537e-004
5.858055202346427e-005	6.033008e-004
5.863914586469584e-005	6.094480e-004
5.867393160285658e-005	6.119795e-004
5.869838762619276e-005	6.131465e-004
5.871637092754461e-005	6.137071e-004
5.873283958831312e-005	6.140186e-004
5.874791757963925e-005	6.141445e-004
5.876422596560791e-005	6.140902e-004
5.878815250579586e-005	6.136190e-004
5.882689549853376e-005	6.118263e-004
5.888835247184695e-005	6.066515e-004
5.897973983584028e-005	5.959844e-004
5.907739608584028e-005	5.839207e-004
5.913776583387742e-005	5.777270e-004
5.917299316220589e-005	5.752179e-004
5.919770916170020e-005	5.740489e-004
5.921586497009872e-005	5.734746e-004
5.923221492588561e-005	5.731557e-004
5.924876634144034e-005	5.730110e-004
5.926454146421198e-005	5.730682e-004
5.928866542897756e-005	5.735861e-004
5.932772136133270e-005	5.755393e-004
5.938963721637951e-005	5.810681e-004
5.948154304384569e-005	5.921777e-004
5.957919929384569e-005	6.044553e-004
5.963855648185699e-005	6.106466e-004
5.967353049870789e-005	6.132545e-004
5.969809752484903e-005	6.145466e-004
5.971615454399876e-005	6.152302e-004
5.973257471572158e-005	6.156549e-004
5.974940541784758e-005	6.159045e-004
5.976477900396297e-005	6.159303e-004
5.978905158660889e-005	6.155049e-004
5.982834295295449e-005	6.136331e-004
5.989060335611727e-005	6.081949e-004
5.998289577346425e-005	5.973727e-004
6.008055202346425e-005	5.856323e-004
6.013914586469583e-005	5.798383e-004
6.017393160285657e-005	5.773705e-004
6.019838762619276e-005	5.761348e-004
6.021637092754459e-005	5.754840e-004
6.023283958831308e-005	5.750844e-004
6.024791757963925e-005	5.748923e-004
6.026422596560792e-005	5.749107e-004
6.028815250579587e-005	5.754197e-004
6.032689549853377e-005	5.774500e-004
6.038835247184697e-005	5.830927e-004
6.047973983584030e-005	5.941213e-004
6.057739608584030e-005	6.061634e-004
6.063776583387743e-005	6.123991e-004
6.067299316220589e-005	6.151132e-004
6.069770916170021e-005	6.165272e-004
6.071586497009871e-005	6.173013e-004
6.073221492588560e-005	6.177875e-004
6.074876634144031e-005	6.180711e-004
6.076454146421197e-005	6.181009e-004
6.078866542897755e-005	6.176209e-004
6.082772136133268e-005	6.155918e-004
6.088963721637947e-005	6.099736e-004
6.098154304384562e-005	5.991582e-004
6.107919929384562e-005	5.874892e-004
6.113855648185696e-005	5.815055e-004
6.117353049870789e-005	5.788287e-004
6.119809752484903e-005	5.774166e-004
6.121615454399875e-005	5.766493e-004
6.123257471572157e-005	5.761783e-004
6.124940541784756e-005	5.759235e-004
6.126477900396297e-005	5.759413e-004
6.128905158660889e-005	5.765219e-004
6.132834295295449e-005	5.787234e-004
6.139060335611727e-005	5.845284e-004
6.148289577346425e-005	5.954130e-004
6.158055202346426e-005	6.070431e-004
6.163914586469583e-005	6.129966e-004
6.167393160285658e-005	6.157279e-004
6.169838762619276e-005	6.171784e-004
6.171637092754460e-005	6.179573e-004
6.173283958831310e-005	6.184306e-004
6.174791757963925e-005	6.186462e-004
6.176422596560792e-005	6.186020e-004
6.178815250579587e-005	6.179857e-004
6.182689549853378e-005	6.157543e-004
6.188835247184699e-005	6.100140e-004
6.197973983584032e-005	5.992649e-004
6.207739608584032e-005	5.875181e-004
6.213776583387744e-005	5.811643e-004
6.217299316220589e-005	5.782310e-004
6.219770916170022e-005	5.766659e-004
6.221586497009872e-005	5.758280e-004
6.223221492588563e-005	5.753350e-004
6.224876634144036e-005	5.750925e-004
6.226454146421199e-005	5.751434e-004
6.228866542897758e-005	5.757876e-004
6.232772136133273e-005	5.780336e-004
6.238963721637955e-005	5.836835e-004
6.248154304384573e-005	5.941599e-004
6.257919929384573e-005	6.055971e-004
6.263855648185701e-005	6.117307e-004
6.267353049870791e-005	6.145818e-004
6.269809752484904e-005	6.160676e-004
6.271615454399876e-005	6.168251e-004
6.273257471572158e-005	6.172325e-004
6.274940541784759e-005	6.173773e-004
6.276477900396298e-005	6.172287e-004
6.278905158660890e-005	6.164298e-004
6.282834295295452e-005	6.139791e-004
6.289060335611731e-005	6.081052e-004
6.298289577346430e-005	5.973488e-004
6.308055202346431e-005	5.855462e-004
6.313914586469586e-005	5.792045e-004
6.317393160285658e-005	5.762120e-004
6.319838762619277e-005	5.746575e-004
6.321637092754461e-005	5.738705e-004
6.323283958831309e-005	5.734384e-004
6.324791757963925e-005	5.732900e-004
6.326422596560792e-005	5.734225e-004
6.328815250579587e-005	5.741480e-004
6.332689549853378e-005	5.764067e-004
6.338835247184697e-005	5.818681e-004
6.347973983584029e-005	5.920850e-004
6.357739608584029e-005	6.036460e-004
6.363776583387742e-005	6.101211e-004
6.367299316220589e-005	6.130934e-004
6.369770916170021e-005	6.145811e-004
6.371586497009872e-005	6.152936e-004
6.373221492588561e-005	6.156342e-004
6.374876634144033e-005	6.157032e-004
6.376454146421198e-005	6.154889e-004
6.378866542897755e-005	6.146451e-004
6.382772136133268e-005	6.122570e-004
6.388963721637949e-005	6.066557e-004
6.398154304384565e-005	5.962008e-004
6.407919929384565e-005	5.843428e-004
6.413855648185698e-005	5.778078e-004
6.417353049870788e-005	5.748163e-004
6.419809752484902e-005	5.733494e-004
6.421615454399876e-005	5.726645e-004
6.423257471572158e-005	5.723481e-004
6.424940541784757e-005	5.722996e-004
6.426477900396297e-005	5.725179e-004
6.428905158660889e-005	5.733531e-004
6.432834295295450e-005	5.756760e-004
6.439060335611728e-005	5.811637e-004
6.448289577346426e-005	5.915728e-004
6.458055202346426e-005	6.034754e-004
6.463914586469584e-005	6.099335e-004
6.467393160285658e-005	6.128561e-004
6.469838762619275e-005	6.142504e-004
6.471637092754460e-005	6.148792e-004
6.473283958831312e-005	6.151600e-004
6.474791757963925e-005	6.151829e-004
6.476422596560791e-005	6.149487e-004
6.478815250579585e-005	6.141622e-004
6.482689549853374e-005	6.119805e-004
6.488835247184692e-005	6.067439e-004
6.497973983584023e-005	5.965538e-004
6.507739608584023e-005	5.846307e-004
6.513776583387740e-005	5.779860e-004
6.517299316220587e-005	5.750931e-004
6.519770916170018e-005	5.737640e-004
6.521586497009870e-005	5.731904e-004
6.523221492588559e-005	5.729648e-004
6.524876634144029e-005	5.729843e-004
6.526454146421197e-005	5.732400e-004
6.528866542897755e-005	5.740558e-004
6.532772136133268e-005	5.762645e-004
6.538963721637947e-005	5.816125e-004
6.548154304384563e-005	5.921243e-004
6.557919929384563e-005	6.043667e-004
6.563855648185697e-005	6.109984e-004
6.567353049870788e-005	6.138666e-004
6.569809752484903e-005	6.151773e-004
6.571615454399875e-005	6.157514e-004
6.573257471572156e-005	6.159961e-004
6.574940541784755e-005	6.160124e-004
6.576477900396296e-005	6.158130e-004
6.578905158660886e-005	6.150950e-004
6.582834295295445e-005	6.130487e-004
6.589060335611721e-005	6.078685e-004
6.598289577346416e-005	5.974713e-004
6.608055202346416e-005	5.854256e-004
6.613914586469580e-005	5.791126e-004
6.617393160285655e-005	5.764498e-004
6.619838762619273e-005	5.752735e-004
6.621637092754458e-005	5.747791e-004
6.623283958831308e-005	5.745808e-004
6.624791757963926e-005	5.745919e-004
6.626422596560792e-005	5.748133e-004
6.628815250579587e-005	5.755139e-004
6.632689549853378e-005	5.775292e-004
6.638835247184699e-005	5.827229e-004
6.647973983584032e-005	5.932900e-004
6.657739608584032e-005	6.056509e-004
6.663776583387744e-005	6.122896e-004
6.667299316220589e-005	6.150345e-004
6.669770916170022e-005	6.162617e-004
6.671586497009871e-005	6.168062e-004
6.673221492588559e-005	6.170555e-004
6.674876634144029e-005	6.171078e-004
6.676454146421197e-005	6.169624e-004
6.678866542897754e-005	6.163593e-004
6.682772136133266e-005	6.144557e-004
6.688963721637945e-005	6.092985e-004
6.698154304384560e-005	5.986996e-004
6.707919929384560e-005	5.864928e-004
6.713855648185695e-005	5.801740e-004
6.717353049870787e-005	5.775818e-004
6.719809752484903e-005	5.764214e-004
6.721615454399876e-005	5.758970e-004
6.723257471572158e-005	5.756443e-004
6.724940541784757e-005	5.755756e-004
6.726477900396298e-005	5.756970e-004
6.728905158660891e-005	5.762778e-004
6.732834295295453e-005	5.782008e-004
6.739060335611732e-005	5.835052e-004
6.748289577346433e-005	5.943256e-004
6.758055202346433e-005	6.065298e-004
6.763914586469587e-005	6.126569e-004
6.767393160285660e-005	6.151738e-004
6.769838762619277e-005	6.163225e-004
6.771637092754461e-005	6.168631e-004
6.773283958831311e-005	6.171513e-004
6.774791757963925e-005	6.172523e-004
6.776422596560792e-005	6.171684e-004
6.778815250579587e-005	6.166518e-004
6.782689549853376e-005	6.147904e-004
6.788835247184696e-005	6.095202e-004
6.797973983584028e-005	5.987039e-004
6.807739608584028e-005	5.864322e-004
6.813776583387742e-005	5.800775e-004
6.817299316220589e-005	5.774691e-004
6.819770916170020e-005	5.762353e-004
6.821586497009872e-005	5.756177e-004
6.823221492588562e-005	5.752622e-004
6.824876634144035e-005	5.750820e-004
6.826454146421199e-005	5.751051e-004
6.828866542897758e-005	5.755670e-004
6.832772136133273e-005	5.774141e-004
6.838963721637954e-005	5.827460e-004
6.848154304384573e-005	5.935504e-004
6.857919929384573e-005	6.055248e-004
6.863855648185702e-005	6.115410e-004
6.867353049870792e-005	6.140390e-004
6.869809752484906e-005	6.152449e-004
6.871615454399878e-005	6.158599e-004
6.873257471572161e-005	6.162198e-004
6.874940541784762e-005	6.164020e-004
6.876477900396299e-005	6.163668e-004
6.878905158660892e-005	6.158498e-004
6.882834295295455e-005	6.138436e-004
6.889060335611736e-005	6.082097e-004
6.898289577346437e-005	5.970886e-004
6.908055202346437e-005	5.850010e-004
6.913914586469588e-005	5.789941e-004
6.917393160285661e-005	5.764106e-004
6.919838762619279e-005	5.751032e-004
6.921637092754463e-005	5.744038e-004
6.923283958831314e-005	5.739614e-004
6.924791757963925e-005	5.737300e-004
6.926422596560791e-005	5.737043e-004
6.928815250579585e-005	5.741434e-004
6.932689549853375e-005	5.760490e-004
6.938835247184692e-005	5.814889e-004
6.947973983584023e-005	5.922481e-004
6.957739608584024e-005	6.040511e-004
6.963776583387740e-005	6.101492e-004
6.967299316220587e-005	6.127756e-004
6.969770916170020e-005	6.141221e-004
6.971586497009870e-005	6.148452e-004
6.973221492588559e-005	6.152865e-004
6.974876634144030e-005	6.155270e-004
6.976454146421196e-005	6.155194e-004
6.978866542897754e-005	6.149907e-004
6.982772136133265e-005	6.128983e-004
6.988963721637943e-005	6.071921e-004
6.998154304384556e-005	5.962378e-004
7.007919929384556e-005	5.844178e-004
7.013855648185695e-005	5.783629e-004
7.017353049870786e-005	5.756638e-004
7.019809752484902e-005	5.742451e-004
7.021615454399875e-005	5.734751e-004
7.023257471572156e-005	5.730011e-004
7.024940541784755e-005	5.727414e-004
7.026477900396296e-005	5.727524e-004
7.028905158660888e-005	5.733171e-004
7.032834295295448e-005	5.754891e-004
7.039060335611726e-005	5.812647e-004
7.048289577346424e-005	5.921607e-004
7.058055202346424e-005	6.038450e-004
7.063914586469582e-005	6.098300e-004
7.067393160285656e-005	6.125722e-004
7.069838762619275e-005	6.140292e-004
7.071637092754459e-005	6.148151e-004
7.073283958831307e-005	6.152983e-004
7.074791757963926e-005	6.155268e-004
7.076422596560792e-005	6.155012e-004
7.078815250579588e-005	6.149195e-004
7.082689549853378e-005	6.127524e-004
7.088835247184699e-005	6.071100e-004
7.097973983584032e-005	5.964902e-004
7.107739608584033e-005	5.848923e-004
7.113776583387744e-005	5.786598e-004
7.117299316220591e-005	5.758137e-004
7.119770916170022e-005	5.743129e-004
7.121586497009871e-005	5.735204e-004
7.123221492588560e-005	5.730654e-004
7.124876634144030e-005	5.728584e-004
7.126454146421197e-005	5.729400e-004
7.128866542897754e-005	5.736283e-004
7.132772136133266e-005	5.759482e-004
7.138963721637944e-005	5.817403e-004
7.148154304384558e-005	5.924671e-004
7.157919929384559e-005	6.041749e-004
7.163855648185695e-005	6.104556e-004
7.167353049870787e-005	6.133859e-004
7.169809752484903e-005	6.149297e-004
7.171615454399876e-005	6.157341e-004
7.173257471572158e-005	6.161882e-004
7.174940541784759e-005	6.163846e-004
7.176477900396298e-005	6.162859e-004
7.178905158660891e-005	6.155678e-004
7.182834295295453e-005	6.132431e-004
7.189060335611732e-005	6.075451e-004
7.198289577346433e-005	5.970253e-004
7.208055202346434e-005	5.854860e-004
7.213914586469587e-005	5.793215e-004
7.217393160285660e-005	5.764376e-004
7.219838762619277e-005	5.749541e-004
7.221637092754461e-005	5.742141e-004
7.223283958831312e-005	5.738208e-004
7.224791757963925e-005	5.737052e-004
7.226422596560792e-005	5.738710e-004
7.228815250579587e-005	5.746446e-004
7.232689549853376e-005	5.769886e-004
7.238835247184696e-005	5.826043e-004
7.247973983584028e-005	5.930551e-004
7.257739608584028e-005	6.048291e-004
7.263776583387742e-005	6.114079e-004
7.267299316220589e-005	6.144367e-004
7.269770916170020e-005	6.159688e-004
7.271586497009872e-005	6.167182e-004
7.273221492588561e-005	6.170947e-004
7.274876634144033e-005	6.172015e-004
7.276454146421198e-005	6.170231e-004
7.278866542897755e-005	6.162306e-004
7.282772136133269e-005	6.139102e-004
7.288963721637949e-005	6.083857e-004
7.298154304384565e-005	5.980257e-004
7.307919929384565e-005	5.862804e-004
7.313855648185698e-005	5.798175e-004
7.317353049870790e-005	5.768591e-004
7.319809752484902e-005	5.754051e-004
7.321615454399876e-005	5.747238e-004
7.323257471572157e-005	5.744075e-004
7.324940541784756e-005	5.743573e-004
7.326477900396298e-005	5.745740e-004
7.328905158660890e-005	5.754096e-004
7.332834295295450e-005	5.777433e-004
7.339060335611728e-005	5.832565e-004
7.348289577346426e-005	5.936761e-004
7.358055202346426e-005	6.055365e-004
7.363914586469584e-005	6.119506e-004
7.367393160285657e-005	6.148509e-004
7.369838762619275e-005	6.162359e-004
7.371637092754460e-005	6.168608e-004
7.373283958831312e-005	6.171383e-004
7.374791757963923e-005	6.171573e-004
7.376422596560791e-005	6.169165e-004
7.378815250579585e-005	6.161131e-004
7.382689549853375e-005	6.138873e-004
7.388835247184692e-005	6.085621e-004
7.397973983584023e-005	5.982446e-004
7.407739608584024e-005	5.862021e-004
7.413776583387741e-005	5.794765e-004
7.417299316220587e-005	5.765215e-004
7.419770916170020e-005	5.751391e-004
7.421586497009871e-005	5.745232e-004
7.423221492588561e-005	5.742590e-004
7.424876634144032e-005	5.742405e-004
7.426454146421199e-005	5.744625e-004
7.428866542897758e-005	5.752324e-004
7.432772136133272e-005	5.773765e-004
7.438963721637954e-005	5.826211e-004
7.448154304384573e-005	5.929450e-004
7.457919929384573e-005	6.049534e-004
7.463855648185701e-005	6.114463e-004
7.467353049870791e-005	6.142446e-004
7.469809752484905e-005	6.155123e-004
7.471615454399877e-005	6.160553e-004
7.473257471572159e-005	6.162703e-004
7.474940541784761e-005	6.162535e-004
7.476477900396299e-005	6.160205e-004
7.478905158660892e-005	6.152426e-004
7.482834295295454e-005	6.130907e-004
7.489060335611734e-005	6.077486e-004
7.498289577346435e-005	5.971448e-004
7.508055202346435e-005	5.849011e-004
7.513914586469588e-005	5.784578e-004
7.517393160285661e-005	5.757057e-004
7.519838762619278e-005	5.744631e-004
7.521637092754460e-005	5.739212e-004
7.523283958831307e-005	5.736822e-004
7.524791757963924e-005	5.736590e-004
7.526422596560791e-005	5.738475e-004
7.528815250579585e-005	5.745059e-004
7.532689549853374e-005	5.764591e-004
7.538835247184692e-005	5.815461e-004
7.547973983584023e-005	5.919300e-004
7.557739608584023e-005	6.040972e-004
7.563776583387740e-005	6.106409e-004
7.567299316220587e-005	6.133456e-004
7.569770916170018e-005	6.145476e-004
7.571586497009870e-005	6.150719e-004
7.573221492588559e-005	6.153001e-004
7.574876634144029e-005	6.153281e-004
7.576454146421197e-005	6.151567e-004
7.578866542897755e-005	6.145107e-004
7.582772136133266e-005	6.125401e-004
7.588963721637945e-005	6.073024e-004
7.598154304384560e-005	5.966276e-004
7.607919929384560e-005	5.843526e-004
7.613855648185696e-005	5.779804e-004
7.617353049870787e-005	5.753517e-004
7.619809752484903e-005	5.741690e-004
7.621615454399876e-005	5.736331e-004
7.623257471572157e-005	5.733743e-004
7.624940541784756e-005	5.733036e-004
7.626477900396297e-005	5.734264e-004
7.628905158660889e-005	5.740129e-004
7.632834295295449e-005	5.759433e-004
7.639060335611726e-005	5.812441e-004
7.648289577346424e-005	5.920504e-004
7.658055202346424e-005	6.042707e-004
7.663914586469583e-005	6.104374e-004
7.667393160285657e-005	6.129866e-004
7.669838762619276e-005	6.141554e-004
7.671637092754460e-005	6.147070e-004
7.673283958831308e-005	6.150021e-004
7.674791757963925e-005	6.151074e-004
7.676422596560792e-005	6.150267e-004
7.678815250579587e-005	6.145159e-004
7.682689549853378e-005	6.126748e-004
7.688835247184697e-005	6.074664e-004
7.697973983584031e-005	5.967687e-004
7.707739608584031e-005	5.846134e-004
7.713776583387744e-005	5.783177e-004
7.717299316220589e-005	5.757457e-004
7.719770916170022e-005	5.745450e-004
7.721586497009872e-005	5.739572e-004
7.723221492588560e-005	5.736325e-004
7.724876634144030e-005	5.734857e-004
7.726454146421197e-005	5.735418e-004
7.728866542897753e-005	5.740526e-004
7.732772136133265e-005	5.759685e-004
7.738963721637942e-005	5.813908e-004
7.748154304384555e-005	5.923319e-004
7.757919929384556e-005	6.044871e-004
7.763855648185694e-005	6.106306e-004
7.767353049870787e-005	6.132004e-004
7.769809752484902e-005	6.144494e-004
7.771615454399876e-005	6.150915e-004
7.773257471572158e-005	6.154737e-004
7.774940541784757e-005	6.156777e-004
7.776477900396298e-005	6.156631e-004
7.778905158660890e-005	6.151830e-004
7.782834295295450e-005	6.132500e-004
7.789060335611728e-005	6.077496e-004
7.798289577346426e-005	5.968171e-004
7.808055202346426e-005	5.848942e-004
7.813914586469584e-005	5.789764e-004
7.817393160285658e-005	5.764528e-004
7.819838762619275e-005	5.751954e-004
7.821637092754461e-005	5.745362e-004
7.823283958831312e-005	5.741317e-004
7.824791757963924e-005	5.739346e-004
7.826422596560791e-005	5.739441e-004
7.828815250579587e-005	5.744289e-004
7.832689549853376e-005	5.763941e-004
7.838835247184695e-005	5.819135e-004
7.847973983584027e-005	5.928011e-004
7.857739608584028e-005	6.047642e-004
7.863776583387742e-005	6.109577e-004
7.867299316220589e-005	6.136263e-004
7.869770916170020e-005	6.149930e-004
7.871586497009871e-005	6.157279e-004
7.873221492588562e-005	6.161793e-004
7.874876634144035e-005	6.164308e-004
7.876454146421199e-005	6.164361e-004
7.878866542897758e-005	6.159325e-004
7.882772136133272e-005	6.138904e-004
7.888963721637954e-005	6.082621e-004
7.898154304384573e-005	5.973863e-004
7.907919929384573e-005	5.856100e-004
7.913855648185701e-005	5.795804e-004
7.917353049870791e-005	5.769056e-004
7.919809752484905e-005	5.755090e-004
7.921615454399877e-005	5.747554e-004
7.923257471572158e-005	5.742945e-004
7.924940541784758e-005	5.740453e-004
7.926477900396297e-005	5.740622e-004
7.928905158660889e-005	5.746286e-004
7.932834295295450e-005	5.767923e-004
7.939060335611728e-005	5.825532e-004
7.948289577346426e-005	5.934470e-004
7.958055202346426e-005	6.051341e-004
7.963914586469584e-005	6.111010e-004
7.967393160285658e-005	6.138165e-004
7.969838762619276e-005	6.152490e-004
7.971637092754460e-005	6.160172e-004
7.973283958831310e-005	6.164860e-004
7.974791757963924e-005	6.167034e-004
7.976422596560791e-005	6.166691e-004
7.978815250579585e-005	6.160795e-004
7.982689549853374e-005	6.139025e-004
7.988835247184692e-005	6.082281e-004
7.997973983584023e-005	5.975191e-004
8.007739608584023e-005	5.858061e-004
8.013776583387740e-005	5.795145e-004
8.017299316220587e-005	5.766437e-004
8.019770916170019e-005	5.751263e-004
8.021586497009870e-005	5.743189e-004
8.023221492588559e-005	5.738469e-004
8.024876634144029e-005	5.736189e-004
8.026454146421197e-005	5.736770e-004
8.028866542897755e-005	5.743243e-004
8.032772136133268e-005	5.765765e-004
8.038963721637947e-005	5.822764e-004
8.048154304384563e-005	5.928914e-004
8.057919929384563e-005	6.044737e-004
8.063855648185697e-005	6.106554e-004
8.067353049870787e-005	6.135177e-004
8.069809752484903e-005	6.150145e-004
8.071615454399875e-005	6.157880e-004
8.073257471572156e-005	6.162177e-004
8.074940541784755e-005	6.163922e-004
8.076477900396295e-005	6.162763e-004
8.078905158660887e-005	6.155335e-004
8.082834295295448e-005	6.131640e-004
8.089060335611726e-005	6.073732e-004
8.098289577346423e-005	5.966932e-004
8.108055202346423e-005	5.849997e-004
8.113914586469582e-005	5.787647e-004
8.117393160285656e-005	5.758448e-004
8.119838762619273e-005	5.743325e-004
8.121637092754457e-005	5.735671e-004
8.123283958831304e-005	5.731470e-004
8.124791757963925e-005	5.730045e-004
8.126422596560792e-005	5.731393e-004
8.128815250579587e-005	5.738676e-004
8.132689549853378e-005	5.761472e-004
8.138835247184697e-005	5.816866e-004
8.147973983584029e-005	5.920450e-004
8.157739608584030e-005	6.037059e-004
8.163776583387743e-005	6.101998e-004
8.167299316220589e-005	6.131799e-004
8.169770916170022e-005	6.146849e-004
8.171586497009872e-005	6.154198e-004
8.173221492588561e-005	6.157869e-004
8.174876634144034e-005	6.158866e-004
8.176454146421198e-005	6.157027e-004
8.178866542897756e-005	6.149003e-004
8.182772136133269e-005	6.125546e-004
8.188963721637949e-005	6.069726e-004
8.198154304384565e-005	5.965319e-004
8.207919929384565e-005	5.847400e-004
8.213855648185698e-005	5.782695e-004
8.217353049870790e-005	5.753060e-004
8.219809752484904e-005	5.738419e-004
8.221615454399877e-005	5.731492e-004
8.223257471572160e-005	5.728204e-004
8.224940541784761e-005	5.727569e-004
8.226477900396299e-005	5.729623e-004
8.228905158660892e-005	5.737849e-004
8.232834295295456e-005	5.761125e-004
8.239060335611736e-005	5.816387e-004
8.248289577346438e-005	5.920801e-004
8.258055202346439e-005	6.039424e-004
8.263914586469588e-005	6.103552e-004
8.267393160285660e-005	6.132648e-004
8.269838762619278e-005	6.146656e-004
8.271637092754462e-005	6.153064e-004
8.273283958831312e-005	6.156003e-004
8.274791757963924e-005	6.156345e-004
8.276422596560790e-005	6.154091e-004
8.278815250579586e-005	6.146234e-004
8.282689549853375e-005	6.124153e-004
8.288835247184694e-005	6.071102e-004
8.297973983584025e-005	5.968462e-004
8.307739608584025e-005	5.849004e-004
8.313776583387741e-005	5.782415e-004
8.317299316220587e-005	5.753167e-004
8.319770916170020e-005	5.739484e-004
8.321586497009870e-005	5.733406e-004
8.323221492588559e-005	5.730838e-004
8.324876634144030e-005	5.730742e-004
8.326454146421196e-005	5.733074e-004
8.328866542897752e-005	5.741013e-004
8.332772136133263e-005	5.762967e-004
8.338963721637939e-005	5.816292e-004
8.348154304384551e-005	5.920624e-004
8.357919929384551e-005	6.041640e-004
8.363855648185691e-005	6.107206e-004
8.367353049870785e-005	6.135695e-004
8.369809752484901e-005	6.148794e-004
8.371615454399874e-005	6.154546e-004
8.373257471572155e-005	6.156977e-004
8.374940541784751e-005	6.157076e-004
8.376477900396295e-005	6.154958e-004
8.378905158660885e-005	6.147451e-004
8.382834295295443e-005	6.126286e-004
8.389060335611717e-005	6.073463e-004
8.398289577346411e-005	5.968608e-004
8.408055202346411e-005	5.847595e-004
8.413914586469579e-005	5.783887e-004
8.417393160285654e-005	5.756663e-004
8.419838762619274e-005	5.744400e-004
8.421637092754459e-005	5.739105e-004
8.423283958831310e-005	5.736849e-004
8.424791757963925e-005	5.736765e-004
8.426422596560791e-005	5.738843e-004
8.428815250579585e-005	5.745764e-004
8.432689549853374e-005	5.765886e-004
8.438835247184692e-005	5.817564e-004
8.447973983584023e-005	5.922241e-004
8.457739608584023e-005	6.044647e-004
8.463776583387740e-005	6.110668e-004
8.467299316220587e-005	6.138157e-004
8.469770916170019e-005	6.150499e-004
8.471586497009870e-005	6.155952e-004
8.473221492588559e-005	6.158390e-004
8.474876634144028e-005	6.158792e-004
8.476454146421196e-005	6.157159e-004
8.478866542897753e-005	6.150770e-004
8.482772136133265e-005	6.131162e-004
8.488963721637943e-005	6.079072e-004
8.498154304384556e-005	5.972972e-004
8.507919929384556e-005	5.850811e-004
8.513855648185694e-005	5.787198e-004
8.517353049870786e-005	5.760864e-004
8.519809752484902e-005	5.749003e-004
8.521615454399874e-005	5.743649e-004
8.523257471572155e-005	5.741098e-004
8.524940541784752e-005	5.740457e-004
8.526477900396296e-005	5.741770e-004
8.528905158660886e-005	5.747788e-004
8.532834295295445e-005	5.767281e-004
8.539060335611721e-005	5.820338e-004
8.548289577346416e-005	5.928157e-004
8.558055202346416e-005	6.050137e-004
8.563914586469579e-005	6.111825e-004
8.567393160285655e-005	6.137361e-004
8.569838762619275e-005	6.149036e-004
8.571637092754458e-005	6.154492e-004
8.573283958831307e-005	6.157351e-004
8.574791757963926e-005	6.158290e-004
8.576422596560792e-005	6.157337e-004
8.578815250579587e-005	6.152004e-004
8.582689549853378e-005	6.133292e-004
8.588835247184699e-005	6.080920e-004
8.597973983584032e-005	5.973611e-004
8.607739608584032e-005	5.851430e-004
8.613776583387744e-005	5.787858e-004
8.617299316220591e-005	5.761749e-004
8.619770916170022e-005	5.749519e-004
8.621586497009872e-005	5.743523e-004
8.623221492588560e-005	5.740200e-004
8.624876634144030e-005	5.738675e-004
8.626454146421198e-005	5.739187e-004
8.628866542897756e-005	5.744200e-004
8.632772136133269e-005	5.763090e-004
8.638963721637949e-005	5.816655e-004
8.648154304384565e-005	5.925004e-004
8.657919929384565e-005	6.045675e-004
8.663855648185698e-005	6.106708e-004
8.667353049870790e-005	6.132135e-004
8.669809752484904e-005	6.144359e-004
8.671615454399878e-005	6.150539e-004
8.673257471572160e-005	6.154115e-004
8.674940541784760e-005	6.155891e-004
8.676477900396298e-005	6.155510e-004
8.678905158660890e-005	6.150372e-004
8.682834295295450e-005	6.130622e-004
8.689060335611728e-005	6.075131e-004
8.698289577346426e-005	5.965030e-004
8.708055202346427e-005	5.844682e-004
8.713914586469584e-005	5.784756e-004
8.717393160285659e-005	5.759152e-004
8.719838762619277e-005	5.746401e-004
8.721637092754462e-005	5.739718e-004
8.723283958831313e-005	5.735606e-004
8.724791757963924e-005	5.733575e-004
8.726422596560792e-005	5.733591e-004
8.728815250579587e-005	5.738276e-004
8.732689549853376e-005	5.757543e-004
8.738835247184695e-005	5.812023e-004
8.747973983584028e-005	5.920026e-004
8.757739608584028e-005	6.039081e-004
8.763776583387742e-005	6.100720e-004
8.767299316220590e-005	6.127145e-004
8.769770916170021e-005	6.140560e-004
8.771586497009872e-005	6.147699e-004
8.773221492588561e-005	6.152023e-004
8.774876634144033e-005	6.154361e-004
8.776454146421198e-005	6.154270e-004
8.778866542897755e-005	6.149082e-004
8.782772136133269e-005	6.128540e-004
8.788963721637947e-005	6.072143e-004
8.798154304384563e-005	5.963040e-004
8.807919929384564e-005	5.844714e-004
8.813855648185698e-005	5.784162e-004
8.817353049870789e-005	5.757402e-004
8.819809752484903e-005	5.743499e-004
8.821615454399877e-005	5.736026e-004
8.823257471572159e-005	5.731467e-004
8.824940541784761e-005	5.729008e-004
8.826477900396299e-005	5.729179e-004
8.828905158660891e-005	5.734789e-004
8.832834295295453e-005	5.756266e-004
8.839060335611732e-005	5.813686e-004
8.848289577346433e-005	5.922699e-004
8.858055202346433e-005	6.039915e-004
8.863914586469587e-005	6.099719e-004
8.867393160285661e-005	6.126846e-004
8.869838762619278e-005	6.141116e-004
8.871637092754462e-005	6.148766e-004
8.873283958831313e-005	6.153447e-004
8.874791757963923e-005	6.155645e-004
8.876422596560791e-005	6.155362e-004
8.878815250579587e-005	6.149616e-004
8.882689549853376e-005	6.128152e-004
8.888835247184695e-005	6.071824e-004
8.897973983584027e-005	5.965096e-004
8.907739608584028e-005	5.848299e-004
8.913776583387742e-005	5.785779e-004
8.917299316220587e-005	5.757429e-004
8.919770916170020e-005	5.742534e-004
8.921586497009871e-005	5.734647e-004
8.923221492588562e-005	5.730067e-004
8.924876634144034e-005	5.727900e-004
8.926454146421199e-005	5.728557e-004
8.928866542897758e-005	5.735104e-004
8.932772136133272e-005	5.757743e-004
8.938963721637954e-005	5.815105e-004
8.948154304384572e-005	5.922109e-004
8.957919929384573e-005	6.038858e-004
8.963855648185701e-005	6.101058e-004
8.967353049870790e-005	6.129818e-004
8.969809752484904e-005	6.144892e-004
8.971615454399877e-005	6.152738e-004
8.973257471572157e-005	6.157171e-004
8.974940541784758e-005	6.159089e-004
8.976477900396297e-005	6.158115e-004
8.978905158660889e-005	6.151005e-004
8.982834295295450e-005	6.127789e-004
8.989060335611727e-005	6.070434e-004
8.998289577346426e-005	5.964213e-004
9.008055202346426e-005	5.847991e-004
9.013914586469584e-005	5.786259e-004
9.017393160285658e-005	5.757478e-004
9.019838762619275e-005	5.742612e-004
9.021637092754459e-005	5.735104e-004
9.023283958831306e-005	5.731001e-004
9.024791757963926e-005	5.729639e-004
9.026422596560792e-005	5.731033e-004
9.028815250579587e-005	5.738377e-004
9.032689549853378e-005	5.761335e-004
9.038835247184699e-005	5.817188e-004
9.047973983584032e-005	5.921588e-004
9.057739608584033e-005	6.038833e-004
9.063776583387744e-005	6.103951e-004
9.067299316220589e-005	6.133827e-004
9.069770916170020e-005	6.148979e-004
9.071586497009871e-005	6.156447e-004
9.073221492588559e-005	6.160255e-004
9.074876634144028e-005	6.161410e-004
9.076454146421196e-005	6.159729e-004
9.078866542897753e-005	6.151928e-004
9.082772136133265e-005	6.128717e-004
9.088963721637942e-005	6.073054e-004
9.098154304384556e-005	5.968771e-004
9.107919929384556e-005	5.851191e-004
9.113855648185694e-005	5.786808e-004
9.117353049870787e-005	5.757321e-004
9.119809752484903e-005	5.742708e-004
9.121615454399876e-005	5.735753e-004
9.123257471572158e-005	5.732412e-004
9.124940541784758e-005	5.731708e-004
9.126477900396298e-005	5.733699e-004
9.128905158660891e-005	5.741858e-004
9.132834295295453e-005	5.765134e-004
9.139060335611732e-005	5.820547e-004
9.148289577346433e-005	5.925081e-004
9.158055202346434e-005	6.043473e-004
9.163914586469587e-005	6.107338e-004
9.167393160285660e-005	6.136331e-004
9.169838762619277e-005	6.150338e-004
9.171637092754461e-005	6.156779e-004
9.173283958831311e-005	6.159762e-004
9.174791757963925e-005	6.160144e-004
9.176422596560792e-005	6.157915e-004
9.178815250579587e-005	6.150046e-004
9.182689549853378e-005	6.127810e-004
9.188835247184697e-005	6.074368e-004
9.197973983584030e-005	5.971244e-004
9.207739608584031e-005	5.851525e-004
9.213776583387744e-005	5.784786e-004
9.217299316220590e-005	5.755344e-004
9.219770916170023e-005	5.741445e-004
9.221586497009873e-005	5.735178e-004
9.223221492588562e-005	5.732435e-004
9.224876634144035e-005	5.732171e-004
9.226454146421198e-005	5.734364e-004
9.228866542897755e-005	5.742147e-004
9.232772136133269e-005	5.763958e-004
9.238963721637949e-005	5.817097e-004
9.248154304384565e-005	5.920906e-004
9.257919929384565e-005	6.041084e-004
9.263855648185699e-005	6.106169e-004
9.267353049870791e-005	6.134489e-004
9.269809752484905e-005	6.147532e-004
9.271615454399877e-005	6.153255e-004
9.273257471572159e-005	6.155650e-004
9.274940541784761e-005	6.155692e-004
9.276477900396299e-005	6.153493e-004
9.278905158660892e-005	6.145796e-004
9.282834295295456e-005	6.124235e-004
9.289060335611736e-005	6.070811e-004
9.298289577346438e-005	5.965353e-004
9.308055202346439e-005	5.843904e-004
9.313914586469588e-005	5.779838e-004
9.317393160285661e-005	5.752283e-004
9.319838762619279e-005	5.739745e-004
9.321637092754463e-005	5.734253e-004
9.323283958831314e-005	5.731836e-004
9.324791757963923e-005	5.731630e-004
9.326422596560791e-005	5.733611e-004
9.328815250579587e-005	5.740445e-004
9.332689549853376e-005	5.760486e-004
9.338835247184695e-005	5.811960e-004
9.347973983584027e-005	5.916062e-004
9.357739608584028e-005	6.037771e-004
9.363776583387742e-005	6.103535e-004
9.367299316220588e-005	6.130998e-004
9.369770916170020e-005	6.143348e-004
9.371586497009870e-005	6.148792e-004
9.373221492588560e-005	6.151196e-004
9.374876634144031e-005	6.151533e-004
9.376454146421196e-005	6.149808e-004
9.378866542897752e-005	6.143237e-004
9.382772136133263e-005	6.123330e-004
9.388963721637939e-005	6.070939e-004
9.398154304384551e-005	5.964719e-004
9.407919929384551e-005	5.842483e-004
9.413855648185691e-005	5.778667e-004
9.417353049870785e-005	5.752133e-004
9.419809752484900e-005	5.740142e-004
9.421615454399874e-005	5.734726e-004
9.423257471572155e-005	5.732156e-004
9.424940541784751e-005	5.731529e-004
9.426477900396294e-005	5.732882e-004
9.428905158660885e-005	5.738996e-004
9.432834295295443e-005	5.758622e-004
9.439060335611717e-005	5.811712e-004
9.448289577346411e-005	5.919388e-004
9.458055202346411e-005	6.041367e-004
9.463914586469578e-005	6.103273e-004
9.467393160285654e-005	6.129008e-004
9.469838762619272e-005	6.140796e-004
9.471637092754459e-005	6.146298e-004
9.473283958831310e-005	6.149166e-004
9.474791757963924e-005	6.150089e-004
9.476422596560791e-005	6.149101e-004
9.478815250579585e-005	6.143712e-004
9.482689549853373e-005	6.124980e-004
9.488835247184691e-005	6.072808e-004
9.497973983584020e-005	5.965997e-004
9.507739608584020e-005	5.844203e-004
9.513776583387739e-005	5.780701e-004
9.517299316220585e-005	5.754619e-004
9.519770916170018e-005	5.742465e-004
9.521586497009870e-005	5.736571e-004
9.523221492588559e-005	5.733373e-004
9.524876634144028e-005	5.731996e-004
9.526454146421196e-005	5.732662e-004
9.528866542897753e-005	5.737897e-004
9.532772136133265e-005	5.757054e-004
9.538963721637943e-005	5.810842e-004
9.548154304384556e-005	5.919474e-004
9.557919929384556e-005	6.040715e-004
9.563855648185694e-005	6.102251e-004
9.567353049870786e-005	6.127955e-004
9.569809752484901e-005	6.140306e-004
9.571615454399875e-005	6.146536e-004
9.573257471572156e-005	6.150132e-004
9.574940541784755e-005	6.151917e-004
9.576477900396297e-005	6.151544e-004
9.578905158660889e-005	6.146454e-004
9.582834295295451e-005	6.126900e-004
9.589060335611728e-005	6.071894e-004
9.598289577346427e-005	5.962467e-004
9.608055202346427e-005	5.842534e-004
9.613914586469585e-005	5.782756e-004
9.617393160285657e-005	5.757299e-004
9.619838762619274e-005	5.744724e-004
9.621637092754458e-005	5.738208e-004
9.623283958831307e-005	5.734264e-004
9.624791757963925e-005	5.732387e-004
9.626422596560792e-005	5.732558e-004
9.628815250579587e-005	5.737419e-004
9.632689549853378e-005	5.756850e-004
9.638835247184698e-005	5.811452e-004
9.647973983584032e-005	5.919741e-004
9.657739608584032e-005	6.039371e-004
9.663776583387744e-005	6.101388e-004
9.667299316220590e-005	6.127933e-004
9.669770916170023e-005	6.141354e-004
9.671586497009873e-005	6.148468e-004
9.673221492588562e-005	6.152763e-004
9.674876634144036e-005	6.155079e-004
9.676454146421198e-005	6.154988e-004
9.678866542897755e-005	6.149855e-004
9.682772136133267e-005	6.129505e-004
9.688963721637946e-005	6.073456e-004
9.698154304384561e-005	5.964619e-004
9.707919929384561e-005	5.846276e-004
9.713855648185695e-005	5.785723e-004
9.717353049870787e-005	5.759066e-004
9.719809752484901e-005	5.745295e-004
9.721615454399875e-005	5.737930e-004
9.723257471572157e-005	5.733459e-004
9.724940541784754e-005	5.731070e-004
9.726477900396296e-005	5.731276e-004
9.728905158660887e-005	5.736878e-004
9.732834295295446e-005	5.758246e-004
9.739060335611723e-005	5.815492e-004
9.748289577346419e-005	5.924486e-004
9.758055202346420e-005	6.041838e-004
9.763914586469582e-005	6.101605e-004
9.767393160285656e-005	6.128583e-004
9.769838762619274e-005	6.142698e-004
9.771637092754459e-005	6.150234e-004
9.773283958831308e-005	6.154828e-004
9.774791757963924e-005	6.156968e-004
9.776422596560791e-005	6.156653e-004
9.778815250579587e-005	6.150913e-004
9.782689549853376e-005	6.129511e-004
9.788835247184695e-005	6.073184e-004
9.797973983584027e-005	5.966136e-004
9.807739608584028e-005	5.848851e-004
9.813776583387742e-005	5.786156e-004
9.817299316220590e-005	5.757813e-004
9.819770916170021e-005	5.742944e-004
9.821586497009871e-005	5.735058e-004
9.823221492588561e-005	5.730452e-004
9.824876634144032e-005	5.728226e-004
9.826454146421198e-005	5.728796e-004
9.828866542897755e-005	5.735164e-004
9.832772136133268e-005	5.757492e-004
9.838963721637947e-005	5.814499e-004
9.848154304384563e-005	5.921246e-004
9.857919929384563e-005	6.037724e-004
9.863855648185697e-005	6.099574e-004
9.867353049870789e-005	6.128034e-004
9.869809752484903e-005	6.142899e-004
9.871615454399877e-005	6.150622e-004
9.873257471572159e-005	6.154974e-004
9.874940541784761e-005	6.156842e-004
9.876477900396299e-005	6.155848e-004
9.878905158660892e-005	6.148734e-004
9.882834295295455e-005	6.125486e-004
9.889060335611736e-005	6.067889e-004
9.898289577346438e-005	5.961077e-004
9.908055202346438e-005	5.844329e-004
9.913914586469589e-005	5.782474e-004
9.917393160285661e-005	5.753683e-004
9.919838762619278e-005	5.738783e-004
9.921637092754461e-005	5.731211e-004
9.923283958831311e-005	5.727017e-004
9.924791757963926e-005	5.725547e-004
9.926422596560792e-005	5.726804e-004
9.928815250579588e-005	5.733939e-004
9.932689549853378e-005	5.756622e-004
9.938835247184699e-005	5.812256e-004
9.947973983584032e-005	5.916516e-004
9.957739608584033e-005	6.033465e-004
9.963776583387743e-005	6.098229e-004
9.967299316220588e-005	6.127880e-004
9.969770916170019e-005	6.142926e-004
9.971586497009871e-005	6.150362e-004
9.973221492588562e-005	6.154174e-004
9.974876634144033e-005	6.155357e-004
9.976454146421198e-005	6.153713e-004
9.978866542897757e-005	6.145959e-004
9.982772136133272e-005	6.122738e-004
9.988963721637953e-005	6.066866e-004
9.998154304384572e-005	5.963123e-004
9.999999999999999e-005	5.939941e-004
