time	V(receiver)
0.000000000000000e+000	5.863342e-004
9.765624753299562e-009	9.379445e-004
1.953124950659912e-008	1.685600e-003
2.929687450659912e-008	3.056468e-003
3.906249950659912e-008	5.493974e-003
4.882812450659912e-008	9.641564e-003
5.859374950659912e-008	1.619041e-002
6.835937450659912e-008	2.589271e-002
7.812499950659912e-008	3.951686e-002
8.789062450659912e-008	5.780188e-002
9.765624950659912e-008	8.141349e-002
1.074218745065991e-007	1.109037e-001
1.171874995065991e-007	1.466761e-001
1.269531245065991e-007	1.889579e-001
1.367187495065991e-007	2.377802e-001
1.464843745065991e-007	2.929682e-001
1.562499995065991e-007	3.541399e-001
1.660156245065991e-007	4.207145e-001
1.757812495065991e-007	4.919303e-001
1.855468745065991e-007	5.668701e-001
1.953124995065991e-007	6.444933e-001
2.050781245065991e-007	7.236738e-001
2.246093745065991e-007	8.820193e-001
2.343749995065991e-007	9.588765e-001
2.441406245065991e-007	1.032757e+000
2.539062495065991e-007	1.102719e+000
2.636718745065991e-007	1.167968e+000
2.734374995065992e-007	1.227871e+000
2.832031245065992e-007	1.281982e+000
2.929687495065992e-007	1.330041e+000
3.027343745065992e-007	1.371973e+000
3.124999995065993e-007	1.407883e+000
3.222656245065993e-007	1.438031e+000
3.320312495065993e-007	1.462811e+000
3.417968745065993e-007	1.482724e+000
3.515624995065994e-007	1.498338e+000
3.613281245065994e-007	1.510259e+000
3.710937495065994e-007	1.519089e+000
3.808593745065994e-007	1.525396e+000
3.906249995065995e-007	1.529678e+000
4.003906245065995e-007	1.532338e+000
4.101562495065995e-007	1.533663e+000
4.199218745065995e-007	1.533804e+000
4.296874995065996e-007	1.532774e+000
4.394531245065996e-007	1.530444e+000
4.492187495065996e-007	1.526547e+000
4.589843745065996e-007	1.520700e+000
4.687499995065997e-007	1.512416e+000
4.785156245065997e-007	1.501134e+000
4.980468745065997e-007	1.467122e+000
5.078124995065998e-007	1.443165e+000
5.175781245065998e-007	1.413817e+000
5.273437495065998e-007	1.378600e+000
5.371093745065999e-007	1.337146e+000
5.468749995065999e-007	1.289212e+000
5.566406245065999e-007	1.234701e+000
5.664062495065999e-007	1.173670e+000
5.761718745066000e-007	1.106330e+000
5.859374995066000e-007	1.033049e+000
5.957031245066000e-007	9.543359e-001
6.054687495066000e-007	8.708264e-001
6.152343745066001e-007	7.832617e-001
6.249999995066001e-007	6.924622e-001
6.445312495066001e-007	5.046665e-001
6.542968745066002e-007	4.094459e-001
6.640624995066002e-007	3.144823e-001
6.738281245066002e-007	2.205552e-001
6.835937495066002e-007	1.283558e-001
6.933593745066003e-007	3.846894e-002
7.031249995066003e-007	-4.864029e-002
7.128906245066003e-007	-1.326334e-001
7.226562495066003e-007	-2.132998e-001
7.324218745066004e-007	-2.905520e-001
7.421874995066004e-007	-3.644156e-001
7.519531245066004e-007	-4.350131e-001
7.617187495066004e-007	-5.025455e-001
7.714843745066005e-007	-5.672693e-001
7.812499995066005e-007	-6.294720e-001
7.910156245066005e-007	-6.894468e-001
8.007812495066005e-007	-7.474683e-001
8.105468745066006e-007	-8.037691e-001
8.203124995066006e-007	-8.585199e-001
8.300781245066006e-007	-9.118127e-001
8.398437495066006e-007	-9.636488e-001
8.496093745066007e-007	-1.013932e+000
8.593749995066007e-007	-1.062466e+000
8.691406245066007e-007	-1.108961e+000
8.789062495066007e-007	-1.153036e+000
8.886718745066008e-007	-1.194238e+000
8.984374995066008e-007	-1.232060e+000
9.179687495066009e-007	-1.295359e+000
9.277343745066009e-007	-1.319727e+000
9.374999995066009e-007	-1.338540e+000
9.472656245066009e-007	-1.351335e+000
9.570312495066010e-007	-1.357726e+000
9.667968745066010e-007	-1.357420e+000
9.765624995066010e-007	-1.350228e+000
9.863281245066010e-007	-1.336079e+000
9.960937495066011e-007	-1.315018e+000
1.005859374506601e-006	-1.287210e+000
1.015624999506601e-006	-1.252933e+000
1.025390624506601e-006	-1.212567e+000
1.035156249506601e-006	-1.166583e+000
1.044921874506601e-006	-1.115522e+000
1.054687499506601e-006	-1.059979e+000
1.074218749506601e-006	-9.379598e-001
1.083984374506601e-006	-8.727435e-001
1.093749999506601e-006	-8.055248e-001
1.103515624506601e-006	-7.368488e-001
1.113281249506601e-006	-6.671981e-001
1.123046874506601e-006	-5.969819e-001
1.132812499506601e-006	-5.265290e-001
1.142578124506601e-006	-4.560853e-001
1.152343749506602e-006	-3.858160e-001
1.162109374506602e-006	-3.158104e-001
1.171874999506602e-006	-2.460921e-001
1.181640624506602e-006	-1.766312e-001
1.201171874506602e-006	-3.818588e-002
1.210937499506602e-006	3.098356e-002
1.220703124506602e-006	1.002309e-001
1.230468749506602e-006	1.696088e-001
1.240234374506602e-006	2.391255e-001
1.249999999506602e-006	3.087332e-001
1.259765624506602e-006	3.783185e-001
1.269531249506602e-006	4.476967e-001
1.279296874506602e-006	5.166095e-001
1.289062499506602e-006	5.847273e-001
1.298828124506602e-006	6.516538e-001
1.308593749506602e-006	7.169355e-001
1.318359374506602e-006	7.800735e-001
1.328124999506602e-006	8.405375e-001
1.337890624506602e-006	8.977820e-001
1.347656249506602e-006	9.512635e-001
1.357421874506602e-006	1.000458e+000
1.367187499506602e-006	1.044877e+000
1.376953124506602e-006	1.084083e+000
1.386718749506602e-006	1.117706e+000
1.396484374506602e-006	1.145450e+000
1.406249999506602e-006	1.167104e+000
1.416015624506602e-006	1.182544e+000
1.425781249506602e-006	1.191738e+000
1.435546874506602e-006	1.194741e+000
1.445312499506602e-006	1.191690e+000
1.455078124506602e-006	1.182795e+000
1.464843749506602e-006	1.168330e+000
1.474609374506602e-006	1.148617e+000
1.494140624506602e-006	1.094900e+000
1.503906249506602e-006	1.061658e+000
1.513671874506602e-006	1.024663e+000
1.523437499506602e-006	9.842676e-001
1.533203124506603e-006	9.407929e-001
1.542968749506603e-006	8.945185e-001
1.552734374506603e-006	8.456771e-001
1.562499999506603e-006	7.944521e-001
1.572265624506603e-006	7.409775e-001
1.582031249506603e-006	6.853411e-001
1.591796874506603e-006	6.275902e-001
1.601562499506603e-006	5.677395e-001
1.611328124506603e-006	5.057815e-001
1.621093749506603e-006	4.416976e-001
1.630859374506603e-006	3.754702e-001
1.640624999506603e-006	3.070949e-001
1.650390624506603e-006	2.365924e-001
1.660156249506603e-006	1.640191e-001
1.669921874506603e-006	8.947609e-002
1.679687499506603e-006	1.311648e-002
1.689453124506603e-006	-6.485025e-002
1.699218749506603e-006	-1.441560e-001
1.708984374506603e-006	-2.244747e-001
1.718749999506603e-006	-3.054259e-001
1.728515624506603e-006	-3.865802e-001
1.738281249506603e-006	-4.674680e-001
1.748046874506603e-006	-5.475892e-001
1.757812499506603e-006	-6.264248e-001
1.777343749506603e-006	-7.781440e-001
1.787109374506603e-006	-8.500086e-001
1.796874999506603e-006	-9.185745e-001
1.806640624506603e-006	-9.834144e-001
1.816406249506603e-006	-1.044152e+000
1.826171874506603e-006	-1.100469e+000
1.835937499506603e-006	-1.152109e+000
1.845703124506603e-006	-1.198881e+000
1.855468749506603e-006	-1.240659e+000
1.865234374506603e-006	-1.277377e+000
1.874999999506603e-006	-1.309028e+000
1.884765624506603e-006	-1.335656e+000
1.894531249506603e-006	-1.357347e+000
1.914062499506603e-006	-1.386409e+000
1.933593749506603e-006	-1.397372e+000
1.953124999506603e-006	-1.391446e+000
1.962890624506603e-006	-1.382473e+000
1.972656249506603e-006	-1.369623e+000
1.982421874506603e-006	-1.352958e+000
2.001953124506604e-006	-1.308299e+000
2.021484374506604e-006	-1.248493e+000
2.041015624506604e-006	-1.173278e+000
2.060546874506604e-006	-1.082367e+000
2.070312499506604e-006	-1.030994e+000
2.080078124506604e-006	-9.757142e-001
2.089843749506604e-006	-9.166017e-001
2.099609374506604e-006	-8.537759e-001
2.109374999506604e-006	-7.874039e-001
2.119140624506604e-006	-7.177029e-001
2.128906249506604e-006	-6.449402e-001
2.138671874506604e-006	-5.694315e-001
2.148437499506604e-006	-4.915369e-001
2.158203124506604e-006	-4.116553e-001
2.167968749506604e-006	-3.302177e-001
2.177734374506604e-006	-2.476788e-001
2.197265624506604e-006	-8.118061e-002
2.207031249506604e-006	1.833132e-003
2.216796874506604e-006	8.407564e-002
2.226562499506604e-006	1.651111e-001
2.236328124506604e-006	2.445328e-001
2.246093749506604e-006	3.219688e-001
2.255859374506604e-006	3.970868e-001
2.265624999506604e-006	4.695965e-001
2.275390624506604e-006	5.392510e-001
2.285156249506604e-006	6.058456e-001
2.294921874506604e-006	6.692157e-001
2.304687499506604e-006	7.292334e-001
2.314453124506604e-006	7.858018e-001
2.324218749506604e-006	8.388497e-001
2.333984374506604e-006	8.883249e-001
2.343749999506604e-006	9.341875e-001
2.353515624506604e-006	9.764032e-001
2.363281249506604e-006	1.014938e+000
2.373046874506605e-006	1.049751e+000
2.382812499506605e-006	1.080791e+000
2.392578124506605e-006	1.107996e+000
2.402343749506605e-006	1.131287e+000
2.412109374506605e-006	1.150569e+000
2.421874999506605e-006	1.165735e+000
2.431640624506605e-006	1.176665e+000
2.441406249506605e-006	1.183233e+000
2.451171874506605e-006	1.185310e+000
2.460937499506605e-006	1.182768e+000
2.480468749506605e-006	1.163378e+000
2.490234374506605e-006	1.146351e+000
2.499999999506605e-006	1.124361e+000
2.509765624506605e-006	1.097392e+000
2.519531249506605e-006	1.065466e+000
2.529296874506605e-006	1.028650e+000
2.539062499506605e-006	9.870520e-001
2.548828124506605e-006	9.408258e-001
2.558593749506605e-006	8.901690e-001
2.568359374506605e-006	8.353211e-001
2.578124999506605e-006	7.765597e-001
2.587890624506605e-006	7.141959e-001
2.597656249506605e-006	6.485691e-001
2.607421874506605e-006	5.800402e-001
2.617187499506605e-006	5.089851e-001
2.626953124506605e-006	4.357880e-001
2.636718749506605e-006	3.608341e-001
2.646484374506605e-006	2.845037e-001
2.656249999506605e-006	2.071662e-001
2.666015624506605e-006	1.291752e-001
2.675781249506605e-006	5.086481e-002
2.685546874506605e-006	-2.745325e-002
2.695312499506605e-006	-1.054910e-001
2.705078124506605e-006	-1.829847e-001
2.714843749506605e-006	-2.596938e-001
2.734374999506605e-006	-4.098998e-001
2.753906249506605e-006	-5.545568e-001
2.763671874506606e-006	-6.243708e-001
2.773437499506606e-006	-6.922875e-001
2.783203124506606e-006	-7.581403e-001
2.792968749506606e-006	-8.217581e-001
2.802734374506606e-006	-8.829616e-001
2.812499999506606e-006	-9.415624e-001
2.822265624506606e-006	-9.973608e-001
2.832031249506606e-006	-1.050147e+000
2.841796874506606e-006	-1.099701e+000
2.851562499506606e-006	-1.145795e+000
2.871093749506606e-006	-1.226675e+000
2.890624999506606e-006	-1.290949e+000
2.910156249506606e-006	-1.336914e+000
2.919921874506606e-006	-1.352578e+000
2.929687499506606e-006	-1.363171e+000
2.939453124506606e-006	-1.368589e+000
2.949218749506606e-006	-1.368763e+000
2.958984374506606e-006	-1.363662e+000
2.968749999506606e-006	-1.353294e+000
2.978515624506606e-006	-1.337704e+000
2.988281249506606e-006	-1.316977e+000
2.998046874506606e-006	-1.291231e+000
3.007812499506606e-006	-1.260622e+000
3.017578124506606e-006	-1.225331e+000
3.037109374506606e-006	-1.141563e+000
3.056640624506606e-006	-1.041821e+000
3.076171874506606e-006	-9.281859e-001
3.095703124506606e-006	-8.027872e-001
3.115234374506606e-006	-6.676947e-001
3.134765624506606e-006	-5.248599e-001
3.144531249506607e-006	-4.511133e-001
3.154296874506607e-006	-3.761065e-001
3.164062499506607e-006	-3.000540e-001
3.173828124506607e-006	-2.231683e-001
3.183593749506607e-006	-1.456637e-001
3.193359374506607e-006	-6.775811e-002
3.203124999506607e-006	1.032403e-002
3.212890624506607e-006	8.834962e-002
3.222656249506607e-006	1.660751e-001
3.232421874506607e-006	2.432454e-001
3.242187499506607e-006	3.195932e-001
3.251953124506607e-006	3.948393e-001
3.261718749506607e-006	4.686935e-001
3.271484374506607e-006	5.408564e-001
3.281249999506607e-006	6.110220e-001
3.291015624506607e-006	6.788802e-001
3.300781249506607e-006	7.441208e-001
3.320312499506607e-006	8.655322e-001
3.330078124506607e-006	9.211180e-001
3.339843749506607e-006	9.729249e-001
3.349609374506607e-006	1.020703e+000
3.359374999506607e-006	1.064227e+000
3.369140624506607e-006	1.103295e+000
3.378906249506607e-006	1.137738e+000
3.388671874506607e-006	1.167416e+000
3.398437499506607e-006	1.192218e+000
3.408203124506607e-006	1.212070e+000
3.417968749506607e-006	1.226923e+000
3.427734374506607e-006	1.236761e+000
3.437499999506607e-006	1.241596e+000
3.457031249506607e-006	1.236425e+000
3.476562499506607e-006	1.211957e+000
3.496093749506607e-006	1.169006e+000
3.515624999506607e-006	1.108560e+000
3.535156249506608e-006	1.031712e+000
3.554687499506608e-006	9.396129e-001
3.574218749506608e-006	8.334649e-001
3.593749999506608e-006	7.145435e-001
3.613281249506608e-006	5.842438e-001
3.632812499506608e-006	4.441355e-001
3.642578124506608e-006	3.709539e-001
3.652343749506608e-006	2.960123e-001
3.662109374506608e-006	2.195748e-001
3.671874999506608e-006	1.419220e-001
3.681640624506608e-006	6.334931e-002
3.691406249506608e-006	-1.583355e-002
3.701171874506608e-006	-9.530502e-002
3.710937499506608e-006	-1.747339e-001
3.720703124506608e-006	-2.537821e-001
3.730468749506608e-006	-3.321081e-001
3.740234374506608e-006	-4.093701e-001
3.749999999506608e-006	-4.852293e-001
3.759765624506608e-006	-5.593541e-001
3.769531249506608e-006	-6.314223e-001
3.779296874506608e-006	-7.011255e-001
3.789062499506608e-006	-7.681708e-001
3.798828124506608e-006	-8.322839e-001
3.808593749506608e-006	-8.932104e-001
3.818359374506608e-006	-9.507178e-001
3.828124999506607e-006	-1.004596e+000
3.837890624506607e-006	-1.054657e+000
3.847656249506607e-006	-1.100736e+000
3.857421874506606e-006	-1.142689e+000
3.876953124506605e-006	-1.213751e+000
3.896484374506605e-006	-1.267087e+000
3.916015624506604e-006	-1.302205e+000
3.935546874506603e-006	-1.318822e+000
3.955078124506602e-006	-1.316825e+000
3.974609374506602e-006	-1.296251e+000
3.994140624506601e-006	-1.257284e+000
4.013671874506600e-006	-1.200284e+000
4.033203124506599e-006	-1.125819e+000
4.052734374506598e-006	-1.034714e+000
4.072265624506598e-006	-9.280896e-001
4.082031249506597e-006	-8.693959e-001
4.091796874506597e-006	-8.073893e-001
4.101562499506596e-006	-7.423013e-001
4.111328124506596e-006	-6.743827e-001
4.121093749506596e-006	-6.039017e-001
4.130859374506595e-006	-5.311429e-001
4.140624999506595e-006	-4.564046e-001
4.150390624506594e-006	-3.799967e-001
4.160156249506594e-006	-3.022383e-001
4.169921874506594e-006	-2.234542e-001
4.189453124506593e-006	-6.412387e-002
4.199218749506592e-006	1.576611e-002
4.208984374506592e-006	9.537428e-002
4.218749999506592e-006	1.743846e-001
4.238281249506591e-006	3.293923e-001
4.257812499506590e-006	4.784582e-001
4.267578124506590e-006	5.500865e-001
4.277343749506589e-006	6.194432e-001
4.287109374506589e-006	6.862926e-001
4.296874999506588e-006	7.504116e-001
4.316406249506588e-006	8.696247e-001
4.335937499506587e-006	9.755239e-001
4.355468749506586e-006	1.066712e+000
4.374999999506585e-006	1.141942e+000
4.394531249506584e-006	1.200114e+000
4.414062499506584e-006	1.240290e+000
4.433593749506583e-006	1.261726e+000
4.453124999506582e-006	1.263910e+000
4.472656249506581e-006	1.246607e+000
4.492187499506580e-006	1.209901e+000
4.511718749506580e-006	1.154228e+000
4.531249999506579e-006	1.080386e+000
4.550781249506578e-006	9.895333e-001
4.570312499506577e-006	8.831569e-001
4.589843749506576e-006	7.630282e-001
4.609374999506576e-006	6.311441e-001
4.628906249506575e-006	4.896622e-001
4.648437499506574e-006	3.408379e-001
4.667968749506573e-006	1.869690e-001
4.687499999506572e-006	3.035386e-002
4.697265624506572e-006	-4.827266e-002
4.716796874506571e-006	-2.047647e-001
4.736328124506570e-006	-3.584126e-001
4.755859374506570e-006	-5.070656e-001
4.765624999506569e-006	-5.788613e-001
4.775390624506569e-006	-6.486260e-001
4.785156249506568e-006	-7.161067e-001
4.794921874506568e-006	-7.810549e-001
4.814453124506567e-006	-9.023871e-001
4.833984374506566e-006	-1.010757e+000
4.853515624506566e-006	-1.104437e+000
4.873046874506565e-006	-1.181878e+000
4.892578124506564e-006	-1.241765e+000
4.912109374506563e-006	-1.283060e+000
4.931640624506563e-006	-1.305042e+000
4.951171874506562e-006	-1.307335e+000
4.970703124506561e-006	-1.289921e+000
4.990234374506560e-006	-1.253132e+000
5.009765624506559e-006	-1.197632e+000
5.029296874506559e-006	-1.124382e+000
5.048828124506558e-006	-1.034606e+000
5.068359374506557e-006	-9.297444e-001
5.087890624506556e-006	-8.114193e-001
5.107421874506555e-006	-6.814020e-001
5.126953124506555e-006	-5.415887e-001
5.146484374506554e-006	-3.939836e-001
5.166015624506553e-006	-2.406882e-001
5.185546874506552e-006	-8.389070e-002
5.205078124506551e-006	7.414565e-002
5.214843749506551e-006	1.529049e-001
5.224609374506551e-006	2.311005e-001
5.234374999506550e-006	3.084379e-001
5.244140624506550e-006	3.846226e-001
5.253906249506549e-006	4.593618e-001
5.263671874506549e-006	5.323657e-001
5.273437499506549e-006	6.033490e-001
5.283203124506548e-006	6.720327e-001
5.302734374506547e-006	8.014252e-001
5.322265624506547e-006	9.184965e-001
5.341796874506546e-006	1.021401e+000
5.361328124506545e-006	1.108538e+000
5.380859374506544e-006	1.178584e+000
5.400390624506543e-006	1.230515e+000
5.419921874506543e-006	1.263618e+000
5.439453124506542e-006	1.277483e+000
5.458984374506541e-006	1.271999e+000
5.478515624506540e-006	1.247335e+000
5.498046874506539e-006	1.203920e+000
5.517578124506539e-006	1.142435e+000
5.537109374506538e-006	1.063790e+000
5.556640624506537e-006	9.691218e-001
5.576171874506536e-006	8.597826e-001
5.585937499506536e-006	8.000920e-001
5.595703124506535e-006	7.373364e-001
5.605468749506535e-006	6.717428e-001
5.615234374506535e-006	6.035504e-001
5.624999999506534e-006	5.330096e-001
5.634765624506534e-006	4.603820e-001
5.644531249506533e-006	3.859386e-001
5.654296874506533e-006	3.099599e-001
5.664062499506533e-006	2.327339e-001
5.683593749506532e-006	7.572568e-002
5.693359374506531e-006	-3.451942e-003
5.712890624506531e-006	-1.616218e-001
5.732421874506530e-006	-3.174985e-001
5.751953124506529e-006	-4.686632e-001
5.771484374506528e-006	-6.127836e-001
5.781249999506528e-006	-6.815079e-001
5.791015624506527e-006	-7.476581e-001
5.800781249506527e-006	-8.109857e-001
5.810546874506527e-006	-8.712547e-001
5.830078124506526e-006	-9.817401e-001
5.849609374506525e-006	-1.077501e+000
5.869140624506524e-006	-1.157160e+000
5.888671874506524e-006	-1.219582e+000
5.908203124506523e-006	-1.263879e+000
5.927734374506522e-006	-1.289416e+000
5.947265624506521e-006	-1.295813e+000
5.966796874506520e-006	-1.282954e+000
5.986328124506520e-006	-1.250985e+000
6.005859374506519e-006	-1.200331e+000
6.025390624506518e-006	-1.131692e+000
6.044921874506517e-006	-1.046046e+000
6.064453124506516e-006	-9.446455e-001
6.083984374506516e-006	-8.290007e-001
6.103515624506515e-006	-7.008616e-001
6.123046874506514e-006	-5.621868e-001
6.142578124506513e-006	-4.151080e-001
6.162109374506512e-006	-2.618882e-001
6.181640624506512e-006	-1.048782e-001
6.201171874506511e-006	5.352769e-002
6.210937499506510e-006	1.325043e-001
6.220703124506510e-006	2.109334e-001
6.230468749506510e-006	2.885216e-001
6.240234374506509e-006	3.649798e-001
6.249999999506509e-006	4.400243e-001
6.259765624506508e-006	5.133777e-001
6.279296874506508e-006	6.539376e-001
6.298828124506507e-006	7.845942e-001
6.318359374506506e-006	9.034290e-001
6.337890624506505e-006	1.008691e+000
6.357421874506504e-006	1.098816e+000
6.376953124506504e-006	1.172450e+000
6.396484374506503e-006	1.228466e+000
6.416015624506502e-006	1.265992e+000
6.435546874506501e-006	1.284422e+000
6.455078124506500e-006	1.283439e+000
6.474609374506500e-006	1.263028e+000
6.494140624506499e-006	1.223476e+000
6.513671874506498e-006	1.165378e+000
6.533203124506497e-006	1.089623e+000
6.552734374506496e-006	9.973789e-001
6.572265624506496e-006	8.900716e-001
6.591796874506495e-006	7.693534e-001
6.611328124506494e-006	6.370734e-001
6.630859374506493e-006	4.952431e-001
6.650390624506492e-006	3.460031e-001
6.669921874506492e-006	1.915903e-001
6.679687499506491e-006	1.131616e-001
6.699218749506490e-006	-4.468337e-002
6.718749999506490e-006	-2.018920e-001
6.738281249506489e-006	-3.561309e-001
6.757812499506488e-006	-5.051053e-001
6.767578124506488e-006	-5.769188e-001
6.777343749506487e-006	-6.465881e-001
6.787109374506487e-006	-7.138506e-001
6.806640624506486e-006	-8.401469e-001
6.826171874506485e-006	-9.538893e-001
6.845703124506485e-006	-1.053340e+000
6.865234374506484e-006	-1.136971e+000
6.884765624506483e-006	-1.203497e+000
6.904296874506482e-006	-1.251895e+000
6.923828124506481e-006	-1.281425e+000
6.943359374506481e-006	-1.291645e+000
6.962890624506480e-006	-1.282414e+000
6.982421874506479e-006	-1.253891e+000
7.001953124506478e-006	-1.206532e+000
7.021484374506477e-006	-1.141073e+000
7.041015624506477e-006	-1.058519e+000
7.060546874506476e-006	-9.601231e-001
7.080078124506475e-006	-8.473641e-001
7.099609374506474e-006	-7.219281e-001
7.119140624506473e-006	-5.856827e-001
7.138671874506473e-006	-4.406537e-001
7.148437499506472e-006	-3.655151e-001
7.158203124506472e-006	-2.889982e-001
7.167968749506471e-006	-2.113888e-001
7.177734374506471e-006	-1.329771e-001
7.197265624506470e-006	2.507555e-002
7.216796874506469e-006	1.827859e-001
7.236328124506469e-006	3.377756e-001
7.255859374506468e-006	4.876990e-001
7.275390624506467e-006	6.302815e-001
7.285156249506467e-006	6.981379e-001
7.304687499506466e-006	8.256931e-001
7.324218749506465e-006	9.407774e-001
7.343749999506464e-006	1.041651e+000
7.363281249506463e-006	1.126798e+000
7.382812499506463e-006	1.194946e+000
7.402343749506462e-006	1.245084e+000
7.421874999506461e-006	1.276477e+000
7.441406249506460e-006	1.288671e+000
7.460937499506459e-006	1.281500e+000
7.480468749506459e-006	1.255081e+000
7.499999999506458e-006	1.209812e+000
7.519531249506457e-006	1.146369e+000
7.539062499506456e-006	1.065695e+000
7.558593749506455e-006	9.689860e-001
7.578124999506455e-006	8.576809e-001
7.597656249506454e-006	7.334389e-001
7.617187499506453e-006	5.981189e-001
7.636718749506453e-006	4.537530e-001
7.656249999506452e-006	3.025162e-001
7.675781249506452e-006	1.466930e-001
7.695312499506451e-006	-1.135933e-002
7.705078124506450e-006	-9.047407e-002
7.714843749506450e-006	-1.692483e-001
7.724609374506450e-006	-2.473840e-001
7.734374999506449e-006	-3.245855e-001
7.744140624506449e-006	-4.005613e-001
7.753906249506448e-006	-4.750247e-001
7.763671874506448e-006	-5.476951e-001
7.773437499506448e-006	-6.182990e-001
7.783203124506447e-006	-6.865711e-001
7.802734374506446e-006	-8.151056e-001
7.822265624506446e-006	-9.313750e-001
7.841796874506445e-006	-1.033644e+000
7.861328124506444e-006	-1.120387e+000
7.880859374506443e-006	-1.190312e+000
7.900390624506442e-006	-1.242374e+000
7.919921874506442e-006	-1.275793e+000
7.939453124506441e-006	-1.290064e+000
7.958984374506440e-006	-1.284963e+000
7.978515624506439e-006	-1.260558e+000
7.998046874506438e-006	-1.217202e+000
8.017578124506438e-006	-1.155538e+000
8.037109374506437e-006	-1.076485e+000
8.056640624506436e-006	-9.812303e-001
8.076171874506435e-006	-8.712076e-001
8.095703124506434e-006	-7.480783e-001
8.115234374506434e-006	-6.137041e-001
8.124999999506433e-006	-5.429294e-001
8.134765624506433e-006	-4.701171e-001
8.144531249506432e-006	-3.955424e-001
8.154296874506432e-006	-3.194872e-001
8.164062499506432e-006	-2.422386e-001
8.173828124506431e-006	-1.640879e-001
8.193359374506430e-006	-6.260580e-003
8.212890624506430e-006	1.516213e-001
8.232421874506429e-006	3.071875e-001
8.251953124506428e-006	4.581058e-001
8.271484374506427e-006	6.021156e-001
8.291015624506426e-006	7.370598e-001
8.310546874506426e-006	8.609161e-001
8.330078124506425e-006	9.718255e-001
8.349609374506424e-006	1.068120e+000
8.369140624506423e-006	1.148348e+000
8.388671874506422e-006	1.211296e+000
8.408203124506422e-006	1.256008e+000
8.427734374506421e-006	1.281803e+000
8.447265624506420e-006	1.288287e+000
8.466796874506419e-006	1.275357e+000
8.486328124506419e-006	1.243207e+000
8.505859374506418e-006	1.192321e+000
8.525390624506417e-006	1.123470e+000
8.544921874506416e-006	1.037698e+000
8.564453124506415e-006	9.363014e-001
8.583984374506415e-006	8.208121e-001
8.603515624506414e-006	6.929718e-001
8.623046874506413e-006	5.547049e-001
8.642578124506412e-006	4.080897e-001
8.662109374506411e-006	2.553271e-001
8.681640624506411e-006	9.870867e-002
8.691406249506410e-006	1.968622e-002
8.710937499506409e-006	-1.383033e-001
8.730468749506409e-006	-2.942438e-001
8.749999999506408e-006	-4.457933e-001
8.769531249506407e-006	-5.906731e-001
8.779296874506407e-006	-6.599256e-001
8.798828124506406e-006	-7.907509e-001
8.818359374506405e-006	-9.097090e-001
8.837890624506404e-006	-1.015004e+000
8.857421874506403e-006	-1.105048e+000
8.876953124506403e-006	-1.178480e+000
8.896484374506402e-006	-1.234194e+000
8.916015624506401e-006	-1.271351e+000
8.935546874506400e-006	-1.289396e+000
8.955078124506399e-006	-1.288060e+000
8.974609374506399e-006	-1.267370e+000
8.994140624506398e-006	-1.227641e+000
9.013671874506397e-006	-1.169475e+000
9.033203124506396e-006	-1.093750e+000
9.052734374506395e-006	-1.001605e+000
9.072265624506395e-006	-8.944240e-001
9.091796874506394e-006	-7.738152e-001
9.111328124506393e-006	-6.415881e-001
9.130859374506392e-006	-4.997264e-001
9.150390624506391e-006	-3.503594e-001
9.169921874506391e-006	-1.957307e-001
9.189453124506390e-006	-3.816497e-002
9.199218749506389e-006	4.097930e-002
9.208984374506389e-006	1.199672e-001
9.218749999506389e-006	1.985010e-001
9.228515624506388e-006	2.762848e-001
9.238281249506388e-006	3.530252e-001
9.248046874506387e-006	4.284330e-001
9.267578124506387e-006	5.741195e-001
9.287109374506386e-006	7.111493e-001
9.306640624506385e-006	8.374590e-001
9.326171874506384e-006	9.511480e-001
9.345703124506384e-006	1.050507e+000
9.365234374506383e-006	1.134044e+000
9.384765624506382e-006	1.200507e+000
9.404296874506381e-006	1.248900e+000
9.423828124506380e-006	1.278500e+000
9.443359374506380e-006	1.288863e+000
9.462890624506379e-006	1.279837e+000
9.482421874506378e-006	1.251557e+000
9.501953124506377e-006	1.204448e+000
9.521484374506376e-006	1.139215e+000
9.541015624506376e-006	1.056837e+000
9.560546874506375e-006	9.585497e-001
9.580078124506374e-006	8.458298e-001
9.599609374506373e-006	7.203714e-001
9.609374999506373e-006	6.534482e-001
9.619140624506372e-006	5.840616e-001
9.628906249506372e-006	5.124732e-001
9.638671874506372e-006	4.389526e-001
9.648437499506371e-006	3.637769e-001
9.658203124506371e-006	2.872295e-001
9.667968749506370e-006	2.095989e-001
9.687499999506370e-006	5.226192e-002
9.707031249506369e-006	-1.058643e-001
9.726562499506368e-006	-2.623986e-001
9.746093749506367e-006	-4.149851e-001
9.765624999506366e-006	-5.613283e-001
9.785156249506366e-006	-6.992279e-001
9.804687499506365e-006	-8.266118e-001
9.824218749506364e-006	-9.415658e-001
9.843749999506363e-006	-1.042363e+000
9.863281249506362e-006	-1.127489e+000
9.882812499506362e-006	-1.195665e+000
9.902343749506361e-006	-1.245864e+000
9.921874999506360e-006	-1.277329e+000
9.941406249506359e-006	-1.289586e+000
9.960937499506358e-006	-1.282447e+000
9.980468749506358e-006	-1.256016e+000
9.990234374506357e-006	-1.235678e+000
9.999999999506357e-006	-1.221189e+000
9.999999999999999e-006	-1.221189e+000
