time	V(receiver)
0.000000000000000e+000	5.873838e-004
9.765624975344167e-010	5.883915e-004
1.953124995068833e-009	5.906452e-004
3.906249990137667e-009	6.035852e-004
7.812499980275334e-009	6.962958e-004
1.562499996055067e-008	1.236718e-003
2.539062496055067e-008	2.797669e-003
3.515624996055067e-008	5.815980e-003
4.492187496055067e-008	1.084387e-002
5.468749996055066e-008	1.834371e-002
6.445312496055066e-008	2.871103e-002
7.421874996055066e-008	4.226351e-002
8.398437496055066e-008	5.923159e-002
9.374999996055066e-008	7.975106e-002
1.035156249605507e-007	1.038578e-001
1.132812499605507e-007	1.314850e-001
1.230468749605507e-007	1.624629e-001
1.328124999605507e-007	1.965207e-001
1.425781249605507e-007	2.332909e-001
1.523437499605507e-007	2.723162e-001
1.621093749605507e-007	3.130577e-001
1.718749999605507e-007	3.549063e-001
1.816406249605507e-007	3.971950e-001
1.914062499605507e-007	4.392125e-001
2.011718749605507e-007	4.802187e-001
2.109374999605507e-007	5.194598e-001
2.207031249605507e-007	5.561856e-001
2.304687499605507e-007	5.896648e-001
2.402343749605506e-007	6.192015e-001
2.499999999605507e-007	6.441506e-001
2.597656249605507e-007	6.639318e-001
2.695312499605507e-007	6.780432e-001
2.792968749605507e-007	6.860721e-001
2.890624999605508e-007	6.877050e-001
2.988281249605508e-007	6.827351e-001
3.085937499605508e-007	6.710672e-001
3.183593749605508e-007	6.527202e-001
3.281249999605509e-007	6.278283e-001
3.378906249605509e-007	5.966382e-001
3.476562499605509e-007	5.595051e-001
3.574218749605509e-007	5.168855e-001
3.671874999605510e-007	4.693283e-001
3.769531249605510e-007	4.174641e-001
3.867187499605510e-007	3.619921e-001
3.964843749605510e-007	3.036661e-001
4.062499999605511e-007	2.432794e-001
4.160156249605511e-007	1.816487e-001
4.257812499605511e-007	1.195976e-001
4.355468749605511e-007	5.793986e-002
4.453124999605512e-007	-2.536437e-003
4.550781249605512e-007	-6.108515e-002
4.648437499605512e-007	-1.170163e-001
4.746093749605512e-007	-1.697094e-001
4.843749999605513e-007	-2.186250e-001
4.941406249605513e-007	-2.633147e-001
5.039062499605513e-007	-3.034289e-001
5.136718749605513e-007	-3.387222e-001
5.234374999605514e-007	-3.690568e-001
5.332031249605514e-007	-3.944027e-001
5.429687499605514e-007	-4.148364e-001
5.527343749605514e-007	-4.305370e-001
5.624999999605515e-007	-4.417791e-001
5.722656249605515e-007	-4.489250e-001
5.820312499605515e-007	-4.524137e-001
5.917968749605515e-007	-4.527493e-001
6.015624999605516e-007	-4.504872e-001
6.113281249605516e-007	-4.462198e-001
6.210937499605516e-007	-4.405608e-001
6.308593749605517e-007	-4.341297e-001
6.406249999605517e-007	-4.275357e-001
6.503906249605517e-007	-4.213629e-001
6.601562499605517e-007	-4.161547e-001
6.699218749605518e-007	-4.124007e-001
6.796874999605518e-007	-4.105242e-001
6.894531249605518e-007	-4.108715e-001
6.992187499605518e-007	-4.137024e-001
7.089843749605519e-007	-4.191842e-001
7.187499999605519e-007	-4.273866e-001
7.285156249605519e-007	-4.382797e-001
7.382812499605519e-007	-4.517342e-001
7.480468749605520e-007	-4.675236e-001
7.578124999605520e-007	-4.853292e-001
7.675781249605520e-007	-5.047476e-001
7.773437499605520e-007	-5.252993e-001
7.871093749605521e-007	-5.464402e-001
7.968749999605521e-007	-5.675741e-001
8.066406249605521e-007	-5.880662e-001
8.164062499605521e-007	-6.072588e-001
8.261718749605522e-007	-6.244864e-001
8.359374999605522e-007	-6.390923e-001
8.457031249605522e-007	-6.504433e-001
8.554687499605522e-007	-6.579465e-001
8.652343749605523e-007	-6.610627e-001
8.749999999605523e-007	-6.593213e-001
8.847656249605523e-007	-6.523313e-001
8.945312499605523e-007	-6.397924e-001
9.042968749605524e-007	-6.215036e-001
9.140624999605524e-007	-5.973693e-001
9.238281249605524e-007	-5.674031e-001
9.335937499605524e-007	-5.317302e-001
9.433593749605525e-007	-4.905862e-001
9.531249999605525e-007	-4.443139e-001
9.628906249605525e-007	-3.933581e-001
9.726562499605525e-007	-3.382573e-001
9.824218749605526e-007	-2.796346e-001
9.921874999605526e-007	-2.181850e-001
1.001953124960553e-006	-1.546629e-001
1.011718749960553e-006	-8.986686e-002
1.021484374960553e-006	-2.462429e-002
1.031249999960553e-006	4.022496e-002
1.041015624960553e-006	1.038451e-001
1.050781249960553e-006	1.654211e-001
1.060546874960553e-006	2.241745e-001
1.070312499960553e-006	2.793794e-001
1.080078124960553e-006	3.303754e-001
1.089843749960553e-006	3.765813e-001
1.099609374960553e-006	4.175057e-001
1.109374999960553e-006	4.527562e-001
1.119140624960553e-006	4.820462e-001
1.128906249960553e-006	5.051993e-001
1.138671874960553e-006	5.221520e-001
1.148437499960553e-006	5.329528e-001
1.158203124960553e-006	5.377600e-001
1.167968749960553e-006	5.368362e-001
1.177734374960553e-006	5.305414e-001
1.187499999960553e-006	5.193232e-001
1.197265624960553e-006	5.037057e-001
1.207031249960553e-006	4.842772e-001
1.216796874960553e-006	4.616754e-001
1.226562499960553e-006	4.365725e-001
1.236328124960553e-006	4.096598e-001
1.246093749960553e-006	3.816310e-001
1.255859374960553e-006	3.531668e-001
1.265624999960553e-006	3.249190e-001
1.275390624960553e-006	2.974963e-001
1.285156249960553e-006	2.714501e-001
1.294921874960553e-006	2.472629e-001
1.304687499960553e-006	2.253375e-001
1.314453124960553e-006	2.059890e-001
1.324218749960554e-006	1.894377e-001
1.333984374960554e-006	1.758056e-001
1.343749999960554e-006	1.651143e-001
1.353515624960554e-006	1.572858e-001
1.363281249960554e-006	1.521458e-001
1.373046874960554e-006	1.494287e-001
1.382812499960554e-006	1.487852e-001
1.392578124960554e-006	1.497916e-001
1.402343749960554e-006	1.519614e-001
1.412109374960554e-006	1.547583e-001
1.421874999960554e-006	1.576098e-001
1.431640624960554e-006	1.599222e-001
1.441406249960554e-006	1.610961e-001
1.451171874960554e-006	1.605424e-001
1.460937499960554e-006	1.576974e-001
1.470703124960554e-006	1.520379e-001
1.480468749960554e-006	1.430952e-001
1.490234374960554e-006	1.304684e-001
1.499999999960554e-006	1.138354e-001
1.509765624960554e-006	9.296276e-002
1.519531249960554e-006	6.771331e-002
1.529296874960554e-006	3.805149e-002
1.539062499960554e-006	4.046727e-003
1.548828124960554e-006	-3.412594e-002
1.558593749960554e-006	-7.618746e-002
1.568359374960554e-006	-1.217589e-001
1.578124999960554e-006	-1.703674e-001
1.587890624960554e-006	-2.214553e-001
1.597656249960554e-006	-2.743897e-001
1.607421874960554e-006	-3.284758e-001
1.617187499960554e-006	-3.829696e-001
1.626953124960554e-006	-4.370932e-001
1.636718749960554e-006	-4.900511e-001
1.646484374960554e-006	-5.410456e-001
1.656249999960554e-006	-5.892937e-001
1.666015624960554e-006	-6.340432e-001
1.675781249960554e-006	-6.745881e-001
1.685546874960554e-006	-7.102838e-001
1.695312499960554e-006	-7.405601e-001
1.705078124960555e-006	-7.649330e-001
1.714843749960555e-006	-7.830154e-001
1.724609374960555e-006	-7.945241e-001
1.734374999960555e-006	-7.992865e-001
1.744140624960555e-006	-7.972437e-001
1.753906249960555e-006	-7.884517e-001
1.763671874960555e-006	-7.730795e-001
1.773437499960555e-006	-7.514056e-001
1.783203124960555e-006	-7.238122e-001
1.792968749960555e-006	-6.907761e-001
1.802734374960555e-006	-6.528593e-001
1.812499999960555e-006	-6.106958e-001
1.822265624960555e-006	-5.649790e-001
1.832031249960555e-006	-5.164460e-001
1.841796874960555e-006	-4.658627e-001
1.851562499960555e-006	-4.140071e-001
1.861328124960555e-006	-3.616532e-001
1.871093749960555e-006	-3.095550e-001
1.880859374960555e-006	-2.584308e-001
1.890624999960555e-006	-2.089488e-001
1.900390624960555e-006	-1.617133e-001
1.910156249960555e-006	-1.172531e-001
1.919921874960555e-006	-7.601169e-002
1.929687499960555e-006	-3.833899e-002
1.939453124960555e-006	-4.485746e-003
1.949218749960555e-006	2.540032e-002
1.958984374960555e-006	5.127559e-002
1.968749999960555e-006	7.319908e-002
1.978515624960555e-006	9.132869e-002
1.988281249960555e-006	1.059155e-001
1.998046874960555e-006	1.172960e-001
2.007812499960555e-006	1.258815e-001
2.017578124960555e-006	1.321468e-001
2.027343749960555e-006	1.366169e-001
2.037109374960555e-006	1.398529e-001
2.046874999960555e-006	1.424368e-001
2.056640624960555e-006	1.449564e-001
2.066406249960555e-006	1.479890e-001
2.076171874960555e-006	1.520868e-001
2.085937499960555e-006	1.577616e-001
2.095703124960555e-006	1.654719e-001
2.105468749960555e-006	1.756095e-001
2.115234374960555e-006	1.884892e-001
2.124999999960555e-006	2.043397e-001
2.134765624960555e-006	2.232965e-001
2.144531249960555e-006	2.453971e-001
2.154296874960555e-006	2.705787e-001
2.164062499960556e-006	2.986781e-001
2.173828124960556e-006	3.294337e-001
2.183593749960556e-006	3.624903e-001
2.193359374960556e-006	3.974059e-001
2.203124999960556e-006	4.336609e-001
2.212890624960556e-006	4.706684e-001
2.222656249960556e-006	5.077873e-001
2.232421874960556e-006	5.443362e-001
2.242187499960556e-006	5.796075e-001
2.251953124960556e-006	6.128840e-001
2.261718749960556e-006	6.434540e-001
2.271484374960556e-006	6.706282e-001
2.281249999960556e-006	6.937550e-001
2.291015624960556e-006	7.122352e-001
2.300781249960556e-006	7.255363e-001
2.310546874960556e-006	7.332050e-001
2.320312499960556e-006	7.348780e-001
2.330078124960556e-006	7.302909e-001
2.339843749960556e-006	7.192855e-001
2.349609374960556e-006	7.018142e-001
2.359374999960556e-006	6.779420e-001
2.369140624960556e-006	6.478472e-001
2.378906249960556e-006	6.118180e-001
2.388671874960556e-006	5.702477e-001
2.398437499960556e-006	5.236278e-001
2.408203124960556e-006	4.725386e-001
2.417968749960556e-006	4.176379e-001
2.427734374960556e-006	3.596477e-001
2.437499999960556e-006	2.993407e-001
2.447265624960556e-006	2.375243e-001
2.457031249960556e-006	1.750249e-001
2.466796874960556e-006	1.126712e-001
2.476562499960556e-006	5.127818e-002
2.486328124960556e-006	-8.369494e-003
2.496093749960556e-006	-6.553249e-002
2.505859374960556e-006	-1.195313e-001
2.515624999960556e-006	-1.697593e-001
2.525390624960556e-006	-2.156936e-001
2.535156249960556e-006	-2.569049e-001
2.544921874960557e-006	-2.930648e-001
2.554687499960557e-006	-3.239507e-001
2.564453124960557e-006	-3.494485e-001
2.574218749960557e-006	-3.695529e-001
2.583984374960557e-006	-3.843655e-001
2.593749999960557e-006	-3.940902e-001
2.603515624960557e-006	-3.990263e-001
2.613281249960557e-006	-3.995600e-001
2.623046874960557e-006	-3.961535e-001
2.632812499960557e-006	-3.893331e-001
2.642578124960557e-006	-3.796753e-001
2.652343749960557e-006	-3.677919e-001
2.662109374960557e-006	-3.543150e-001
2.671874999960557e-006	-3.398809e-001
2.681640624960557e-006	-3.251150e-001
2.691406249960557e-006	-3.106159e-001
2.701171874960557e-006	-2.969412e-001
2.710937499960557e-006	-2.845940e-001
2.720703124960557e-006	-2.740102e-001
2.730468749960557e-006	-2.655490e-001
2.740234374960557e-006	-2.594835e-001
2.749999999960557e-006	-2.559943e-001
2.759765624960557e-006	-2.551658e-001
2.769531249960557e-006	-2.569832e-001
2.779296874960557e-006	-2.613339e-001
2.789062499960557e-006	-2.680099e-001
2.798828124960557e-006	-2.767129e-001
2.808593749960557e-006	-2.870615e-001
2.818359374960557e-006	-2.986002e-001
2.828124999960557e-006	-3.108113e-001
2.837890624960557e-006	-3.231269e-001
2.847656249960557e-006	-3.349430e-001
2.857421874960557e-006	-3.456340e-001
2.867187499960557e-006	-3.545688e-001
2.876953124960557e-006	-3.611261e-001
2.886718749960557e-006	-3.647098e-001
2.896484374960557e-006	-3.647647e-001
2.906249999960557e-006	-3.607903e-001
2.916015624960557e-006	-3.523540e-001
2.925781249960558e-006	-3.391030e-001
2.935546874960558e-006	-3.207746e-001
2.945312499960558e-006	-2.972032e-001
2.955078124960558e-006	-2.683277e-001
2.964843749960558e-006	-2.341936e-001
2.974609374960558e-006	-1.949553e-001
2.984374999960558e-006	-1.508742e-001
2.994140624960558e-006	-1.023154e-001
3.003906249960558e-006	-4.974218e-002
3.013671874960558e-006	6.292351e-003
3.023437499960558e-006	6.515553e-002
3.033203124960558e-006	1.261470e-001
3.042968749960558e-006	1.885120e-001
3.052734374960558e-006	2.514562e-001
3.062499999960558e-006	3.141613e-001
3.072265624960558e-006	3.758012e-001
3.082031249960558e-006	4.355586e-001
3.091796874960558e-006	4.926410e-001
3.101562499960558e-006	5.462964e-001
3.111328124960558e-006	5.958288e-001
3.121093749960558e-006	6.406116e-001
3.130859374960558e-006	6.800996e-001
3.140624999960558e-006	7.138401e-001
3.150390624960558e-006	7.414812e-001
3.160156249960558e-006	7.627782e-001
3.169921874960558e-006	7.775973e-001
3.179687499960558e-006	7.859179e-001
3.189453124960558e-006	7.878314e-001
3.199218749960558e-006	7.835383e-001
3.208984374960558e-006	7.733424e-001
3.218749999960558e-006	7.576435e-001
3.228515624960558e-006	7.369279e-001
3.238281249960558e-006	7.117559e-001
3.248046874960558e-006	6.827498e-001
3.257812499960558e-006	6.505787e-001
3.267578124960558e-006	6.159439e-001
3.277343749960558e-006	5.795632e-001
3.287109374960558e-006	5.421544e-001
3.296874999960558e-006	5.044198e-001
3.306640624960559e-006	4.670309e-001
3.316406249960559e-006	4.306134e-001
3.326171874960559e-006	3.957343e-001
3.335937499960559e-006	3.628899e-001
3.345703124960559e-006	3.324953e-001
3.355468749960559e-006	3.048767e-001
3.365234374960559e-006	2.802651e-001
3.374999999960559e-006	2.587926e-001
3.384765624960559e-006	2.404907e-001
3.394531249960559e-006	2.252919e-001
3.404296874960559e-006	2.130320e-001
3.414062499960559e-006	2.034567e-001
3.423828124960559e-006	1.962285e-001
3.433593749960559e-006	1.909367e-001
3.443359374960559e-006	1.871086e-001
3.453124999960559e-006	1.842227e-001
3.462890624960559e-006	1.817222e-001
3.472656249960559e-006	1.790305e-001
3.482421874960559e-006	1.755660e-001
3.492187499960559e-006	1.707577e-001
3.501953124960559e-006	1.640604e-001
3.511718749960559e-006	1.549697e-001
3.521484374960559e-006	1.430356e-001
3.531249999960559e-006	1.278750e-001
3.541015624960559e-006	1.091827e-001
3.550781249960559e-006	8.674064e-002
3.560546874960559e-006	6.042545e-002
3.570312499960559e-006	3.021334e-002
3.580078124960559e-006	-3.817183e-003
3.589843749960559e-006	-4.148494e-002
3.599609374960559e-006	-8.250800e-002
3.609374999960559e-006	-1.265080e-001
3.619140624960559e-006	-1.730166e-001
3.628906249960559e-006	-2.214844e-001
3.638671874960559e-006	-2.712914e-001
3.648437499960559e-006	-3.217591e-001
3.658203124960559e-006	-3.721648e-001
3.667968749960559e-006	-4.217560e-001
3.677734374960559e-006	-4.697661e-001
3.687499999960560e-006	-5.154306e-001
3.697265624960560e-006	-5.580030e-001
3.707031249960560e-006	-5.967711e-001
3.716796874960560e-006	-6.310718e-001
3.726562499960560e-006	-6.603057e-001
3.736328124960560e-006	-6.839498e-001
3.746093749960560e-006	-7.015693e-001
3.755859374960560e-006	-7.128265e-001
3.765624999960560e-006	-7.174886e-001
3.775390624960560e-006	-7.154334e-001
3.785156249960560e-006	-7.066514e-001
3.794921874960560e-006	-6.912472e-001
3.804687499960560e-006	-6.694365e-001
3.814453124960560e-006	-6.415429e-001
3.824218749960560e-006	-6.079904e-001
3.833984374960559e-006	-5.692955e-001
3.843749999960559e-006	-5.260559e-001
3.853515624960559e-006	-4.789388e-001
3.863281249960558e-006	-4.286662e-001
3.873046874960558e-006	-3.760005e-001
3.882812499960557e-006	-3.217289e-001
3.892578124960557e-006	-2.666472e-001
3.902343749960557e-006	-2.115432e-001
3.912109374960556e-006	-1.571808e-001
3.921874999960556e-006	-1.042852e-001
3.931640624960555e-006	-5.352776e-002
3.941406249960555e-006	-5.513493e-003
3.951171874960555e-006	3.923083e-002
3.960937499960554e-006	8.026625e-002
3.970703124960554e-006	1.172491e-001
3.980468749960553e-006	1.499367e-001
3.990234374960553e-006	1.781905e-001
3.999999999960553e-006	2.019768e-001
4.009765624960552e-006	2.213650e-001
4.019531249960552e-006	2.365236e-001
4.029296874960552e-006	2.477143e-001
4.039062499960551e-006	2.552834e-001
4.048828124960551e-006	2.596520e-001
4.058593749960550e-006	2.613037e-001
4.068359374960550e-006	2.607717e-001
4.078124999960550e-006	2.586244e-001
4.087890624960549e-006	2.554501e-001
4.097656249960549e-006	2.518424e-001
4.107421874960548e-006	2.483836e-001
4.117187499960548e-006	2.456305e-001
4.126953124960548e-006	2.440994e-001
4.136718749960547e-006	2.442529e-001
4.146484374960547e-006	2.464874e-001
4.156249999960546e-006	2.511232e-001
4.166015624960546e-006	2.583952e-001
4.175781249960546e-006	2.684463e-001
4.185546874960545e-006	2.813232e-001
4.195312499960545e-006	2.969738e-001
4.205078124960544e-006	3.152480e-001
4.214843749960544e-006	3.358995e-001
4.224609374960544e-006	3.585913e-001
4.234374999960543e-006	3.829024e-001
4.244140624960543e-006	4.083369e-001
4.253906249960542e-006	4.343349e-001
4.263671874960542e-006	4.602852e-001
4.273437499960542e-006	4.855387e-001
4.283203124960541e-006	5.094240e-001
4.292968749960541e-006	5.312621e-001
4.302734374960540e-006	5.503822e-001
4.312499999960540e-006	5.661378e-001
4.322265624960540e-006	5.779217e-001
4.332031249960539e-006	5.851809e-001
4.341796874960539e-006	5.874298e-001
4.351562499960538e-006	5.842625e-001
4.361328124960538e-006	5.753634e-001
4.371093749960538e-006	5.605149e-001
4.380859374960537e-006	5.396043e-001
4.390624999960537e-006	5.126282e-001
4.400390624960536e-006	4.796939e-001
4.410156249960536e-006	4.410190e-001
4.419921874960536e-006	3.969282e-001
4.429687499960535e-006	3.478479e-001
4.439453124960535e-006	2.942988e-001
4.449218749960534e-006	2.368864e-001
4.458984374960534e-006	1.762892e-001
4.468749999960534e-006	1.132457e-001
4.478515624960533e-006	4.854001e-002
4.488281249960533e-006	-1.701336e-002
4.498046874960532e-006	-8.258549e-002
4.507812499960532e-006	-1.473497e-001
4.517578124960532e-006	-2.104978e-001
4.527343749960531e-006	-2.712560e-001
4.537109374960531e-006	-3.288995e-001
4.546874999960530e-006	-3.827668e-001
4.556640624960530e-006	-4.322726e-001
4.566406249960530e-006	-4.769180e-001
4.576171874960529e-006	-5.163003e-001
4.585937499960529e-006	-5.501193e-001
4.595703124960528e-006	-5.781823e-001
4.605468749960528e-006	-6.004062e-001
4.615234374960528e-006	-6.168167e-001
4.624999999960527e-006	-6.275468e-001
4.634765624960527e-006	-6.328316e-001
4.644531249960526e-006	-6.330014e-001
4.654296874960526e-006	-6.284721e-001
4.664062499960526e-006	-6.197344e-001
4.673828124960525e-006	-6.073417e-001
4.683593749960525e-006	-5.918959e-001
4.693359374960524e-006	-5.740329e-001
4.703124999960524e-006	-5.544072e-001
4.712890624960524e-006	-5.336763e-001
4.722656249960523e-006	-5.124844e-001
4.732421874960523e-006	-4.914482e-001
4.742187499960522e-006	-4.711416e-001
4.751953124960522e-006	-4.520833e-001
4.761718749960522e-006	-4.347242e-001
4.771484374960521e-006	-4.194374e-001
4.781249999960521e-006	-4.065102e-001
4.791015624960520e-006	-3.961376e-001
4.800781249960520e-006	-3.884180e-001
4.810546874960520e-006	-3.833525e-001
4.820312499960519e-006	-3.808443e-001
4.830078124960519e-006	-3.807023e-001
4.839843749960518e-006	-3.826464e-001
4.849609374960518e-006	-3.863154e-001
4.859374999960518e-006	-3.912756e-001
4.869140624960517e-006	-3.970323e-001
4.878906249960517e-006	-4.030425e-001
4.888671874960516e-006	-4.087287e-001
4.898437499960516e-006	-4.134934e-001
4.908203124960516e-006	-4.167347e-001
4.917968749960515e-006	-4.178616e-001
4.927734374960515e-006	-4.163096e-001
4.937499999960514e-006	-4.115550e-001
4.947265624960514e-006	-4.031293e-001
4.957031249960514e-006	-3.906316e-001
4.966796874960513e-006	-3.737402e-001
4.976562499960513e-006	-3.522218e-001
4.986328124960513e-006	-3.259392e-001
4.996093749960512e-006	-2.948571e-001
5.005859374960512e-006	-2.590448e-001
5.015624999960511e-006	-2.186772e-001
5.025390624960511e-006	-1.740335e-001
5.035156249960511e-006	-1.254929e-001
5.044921874960510e-006	-7.352804e-002
5.054687499960510e-006	-1.869753e-002
5.064453124960509e-006	3.836475e-002
5.074218749960509e-006	9.696172e-002
5.083984374960509e-006	1.563468e-001
5.093749999960508e-006	2.157384e-001
5.103515624960508e-006	2.743355e-001
5.113281249960507e-006	3.313339e-001
5.123046874960507e-006	3.859420e-001
5.132812499960507e-006	4.373973e-001
5.142578124960506e-006	4.849814e-001
5.152343749960506e-006	5.280350e-001
5.162109374960505e-006	5.659713e-001
5.171874999960505e-006	5.982873e-001
5.181640624960505e-006	6.245742e-001
5.191406249960504e-006	6.445256e-001
5.201171874960504e-006	6.579427e-001
5.210937499960503e-006	6.647384e-001
5.220703124960503e-006	6.649386e-001
5.230468749960503e-006	6.586807e-001
5.240234374960502e-006	6.462098e-001
5.249999999960502e-006	6.278731e-001
5.259765624960501e-006	6.041114e-001
5.269531249960501e-006	5.754497e-001
5.279296874960501e-006	5.424851e-001
5.289062499960500e-006	5.058736e-001
5.298828124960500e-006	4.663153e-001
5.308593749960499e-006	4.245395e-001
5.318359374960499e-006	3.812889e-001
5.328124999960499e-006	3.373033e-001
5.337890624960498e-006	2.933042e-001
5.347656249960498e-006	2.499790e-001
5.357421874960497e-006	2.079674e-001
5.367187499960497e-006	1.678478e-001
5.376953124960497e-006	1.301257e-001
5.386718749960496e-006	9.522417e-002
5.396484374960496e-006	6.347543e-002
5.406249999960495e-006	3.511564e-002
5.416015624960495e-006	1.028112e-002
5.425781249960495e-006	-1.099265e-002
5.435546874960494e-006	-2.876997e-002
5.445312499960494e-006	-4.321123e-002
5.455078124960493e-006	-5.456685e-002
5.464843749960493e-006	-6.316970e-002
5.474609374960493e-006	-6.942544e-002
5.484374999960492e-006	-7.380086e-002
5.494140624960492e-006	-7.681084e-002
5.503906249960491e-006	-7.900451e-002
5.513671874960491e-006	-8.095044e-002
5.523437499960491e-006	-8.322132e-002
5.533203124960490e-006	-8.637881e-002
5.542968749960490e-006	-9.095845e-002
5.552734374960489e-006	-9.745512e-002
5.562499999960489e-006	-1.063096e-001
5.572265624960489e-006	-1.178965e-001
5.582031249960488e-006	-1.325134e-001
5.591796874960488e-006	-1.503720e-001
5.601562499960487e-006	-1.715910e-001
5.611328124960487e-006	-1.961918e-001
5.621093749960487e-006	-2.240959e-001
5.630859374960486e-006	-2.551249e-001
5.640624999960486e-006	-2.890024e-001
5.650390624960485e-006	-3.253591e-001
5.660156249960485e-006	-3.637393e-001
5.669921874960485e-006	-4.036097e-001
5.679687499960484e-006	-4.443705e-001
5.689453124960484e-006	-4.853674e-001
5.699218749960483e-006	-5.259050e-001
5.708984374960483e-006	-5.652623e-001
5.718749999960483e-006	-6.027080e-001
5.728515624960482e-006	-6.375158e-001
5.738281249960482e-006	-6.689810e-001
5.748046874960481e-006	-6.964354e-001
5.757812499960481e-006	-7.192625e-001
5.767578124960481e-006	-7.369113e-001
5.777343749960480e-006	-7.489090e-001
5.787109374960480e-006	-7.548712e-001
5.796874999960479e-006	-7.545119e-001
5.806640624960479e-006	-7.476494e-001
5.816406249960479e-006	-7.342118e-001
5.826171874960478e-006	-7.142391e-001
5.835937499960478e-006	-6.878833e-001
5.845703124960477e-006	-6.554061e-001
5.855468749960477e-006	-6.171736e-001
5.865234374960477e-006	-5.736499e-001
5.874999999960476e-006	-5.253877e-001
5.884765624960476e-006	-4.730176e-001
5.894531249960476e-006	-4.172356e-001
5.904296874960475e-006	-3.587889e-001
5.914062499960475e-006	-2.984606e-001
5.923828124960474e-006	-2.370543e-001
5.933593749960474e-006	-1.753781e-001
5.943359374960474e-006	-1.142280e-001
5.953124999960473e-006	-5.437275e-002
5.962890624960473e-006	3.462088e-003
5.972656249960472e-006	5.860785e-002
5.982421874960472e-006	1.104655e-001
5.992187499960472e-006	1.585169e-001
6.001953124960471e-006	2.023339e-001
6.011718749960471e-006	2.415857e-001
6.021484374960470e-006	2.760446e-001
6.031249999960470e-006	3.055878e-001
6.041015624960470e-006	3.301982e-001
6.050781249960469e-006	3.499627e-001
6.060546874960469e-006	3.650670e-001
6.070312499960468e-006	3.757902e-001
6.080078124960468e-006	3.824952e-001
6.089843749960468e-006	3.856191e-001
6.099609374960467e-006	3.856610e-001
6.109374999960467e-006	3.831686e-001
6.119140624960466e-006	3.787235e-001
6.128906249960466e-006	3.729267e-001
6.138671874960466e-006	3.663830e-001
6.148437499960465e-006	3.596855e-001
6.158203124960465e-006	3.534009e-001
6.167968749960464e-006	3.480549e-001
6.177734374960464e-006	3.441193e-001
6.187499999960464e-006	3.420000e-001
6.197265624960463e-006	3.420265e-001
6.207031249960463e-006	3.444439e-001
6.216796874960462e-006	3.494059e-001
6.226562499960462e-006	3.569714e-001
6.236328124960462e-006	3.671018e-001
6.246093749960461e-006	3.796625e-001
6.255859374960461e-006	3.944248e-001
6.265624999960460e-006	4.110710e-001
6.275390624960460e-006	4.292020e-001
6.285156249960460e-006	4.483461e-001
6.294921874960459e-006	4.679703e-001
6.304687499960459e-006	4.874929e-001
6.314453124960458e-006	5.062966e-001
6.324218749960458e-006	5.237439e-001
6.333984374960458e-006	5.391920e-001
6.343749999960457e-006	5.520080e-001
6.353515624960457e-006	5.615853e-001
6.363281249960456e-006	5.673577e-001
6.373046874960456e-006	5.688140e-001
6.382812499960456e-006	5.655107e-001
6.392578124960455e-006	5.570841e-001
6.402343749960455e-006	5.432597e-001
6.412109374960454e-006	5.238607e-001
6.421874999960454e-006	4.988138e-001
6.431640624960454e-006	4.681526e-001
6.441406249960453e-006	4.320189e-001
6.451171874960453e-006	3.906617e-001
6.460937499960452e-006	3.444339e-001
6.470703124960452e-006	2.937865e-001
6.480468749960452e-006	2.392610e-001
6.490234374960451e-006	1.814788e-001
6.499999999960451e-006	1.211302e-001
6.509765624960450e-006	5.896052e-002
6.519531249960450e-006	-4.243667e-003
6.529296874960450e-006	-6.767016e-002
6.539062499960449e-006	-1.304973e-001
6.548828124960449e-006	-1.919102e-001
6.558593749960448e-006	-2.511164e-001
6.568359374960448e-006	-3.073620e-001
6.578124999960448e-006	-3.599461e-001
6.587890624960447e-006	-4.082344e-001
6.597656249960447e-006	-4.516715e-001
6.607421874960446e-006	-4.897912e-001
6.617187499960446e-006	-5.222254e-001
6.626953124960446e-006	-5.487103e-001
6.636718749960445e-006	-5.690905e-001
6.646484374960445e-006	-5.833208e-001
6.656249999960444e-006	-5.914657e-001
6.666015624960444e-006	-5.936963e-001
6.675781249960444e-006	-5.902850e-001
6.685546874960443e-006	-5.815982e-001
6.695312499960443e-006	-5.680870e-001
6.705078124960442e-006	-5.502754e-001
6.714843749960442e-006	-5.287489e-001
6.724609374960442e-006	-5.041389e-001
6.734374999960441e-006	-4.771091e-001
6.744140624960441e-006	-4.483394e-001
6.753906249960440e-006	-4.185107e-001
6.763671874960440e-006	-3.882891e-001
6.773437499960440e-006	-3.583108e-001
6.783203124960439e-006	-3.291678e-001
6.792968749960439e-006	-3.013952e-001
6.802734374960438e-006	-2.754592e-001
6.812499999960438e-006	-2.517473e-001
6.822265624960438e-006	-2.305602e-001
6.832031249960437e-006	-2.121062e-001
6.841796874960437e-006	-1.964970e-001
6.851562499960437e-006	-1.837463e-001
6.861328124960436e-006	-1.737714e-001
6.871093749960436e-006	-1.663958e-001
6.880859374960435e-006	-1.613549e-001
6.890624999960435e-006	-1.583036e-001
6.900390624960435e-006	-1.568258e-001
6.910156249960434e-006	-1.564456e-001
6.919921874960434e-006	-1.566398e-001
6.929687499960433e-006	-1.568523e-001
6.939453124960433e-006	-1.565077e-001
6.949218749960433e-006	-1.550274e-001
6.958984374960432e-006	-1.518446e-001
6.968749999960432e-006	-1.464188e-001
6.978515624960431e-006	-1.382511e-001
6.988281249960431e-006	-1.268971e-001
6.998046874960431e-006	-1.119798e-001
7.007812499960430e-006	-9.320039e-002
7.017578124960430e-006	-7.034691e-002
7.027343749960429e-006	-4.330208e-002
7.037109374960429e-006	-1.204807e-002
7.046874999960429e-006	2.333078e-002
7.056640624960428e-006	6.264758e-002
7.066406249960428e-006	1.056148e-001
7.076171874960427e-006	1.518486e-001
7.085937499960427e-006	2.008751e-001
7.095703124960427e-006	2.521387e-001
7.105468749960426e-006	3.050131e-001
7.115234374960426e-006	3.588133e-001
7.124999999960425e-006	4.128090e-001
7.134765624960425e-006	4.662393e-001
7.144531249960425e-006	5.183284e-001
7.154296874960424e-006	5.683010e-001
7.164062499960424e-006	6.153985e-001
7.173828124960423e-006	6.588953e-001
7.183593749960423e-006	6.981128e-001
7.193359374960423e-006	7.324346e-001
7.203124999960422e-006	7.613186e-001
7.212890624960422e-006	7.843090e-001
7.222656249960421e-006	8.010454e-001
7.232421874960421e-006	8.112706e-001
7.242187499960421e-006	8.148357e-001
7.251953124960420e-006	8.117032e-001
7.261718749960420e-006	8.019474e-001
7.271484374960419e-006	7.857533e-001
7.281249999960419e-006	7.634119e-001
7.291015624960419e-006	7.353145e-001
7.300781249960418e-006	7.019436e-001
7.310546874960418e-006	6.638629e-001
7.320312499960417e-006	6.217052e-001
7.330078124960417e-006	5.761588e-001
7.339843749960417e-006	5.279533e-001
7.349609374960416e-006	4.778437e-001
7.359374999960416e-006	4.265948e-001
7.369140624960415e-006	3.749655e-001
7.378906249960415e-006	3.236930e-001
7.388671874960415e-006	2.734772e-001
7.398437499960414e-006	2.249675e-001
7.408203124960414e-006	1.787490e-001
7.417968749960413e-006	1.353320e-001
7.427734374960413e-006	9.514189e-002
7.437499999960413e-006	5.851201e-002
7.447265624960412e-006	2.567781e-002
7.457031249960412e-006	-3.226088e-003
7.466796874960411e-006	-2.816650e-002
7.476562499960411e-006	-4.921022e-002
7.486328124960411e-006	-6.652035e-002
7.496093749960410e-006	-8.035021e-002
7.505859374960410e-006	-9.103511e-002
7.515624999960409e-006	-9.898234e-002
7.525390624960409e-006	-1.046597e-001
7.535156249960409e-006	-1.085823e-001
7.544921874960408e-006	-1.112991e-001
7.554687499960408e-006	-1.133775e-001
7.564453124960407e-006	-1.153887e-001
7.574218749960407e-006	-1.178924e-001
7.583984374960407e-006	-1.214216e-001
7.593749999960406e-006	-1.264689e-001
7.603515624960406e-006	-1.334729e-001
7.613281249960405e-006	-1.428063e-001
7.623046874960405e-006	-1.547659e-001
7.632812499960405e-006	-1.695637e-001
7.642578124960404e-006	-1.873205e-001
7.652343749960404e-006	-2.080614e-001
7.662109374960403e-006	-2.317141e-001
7.671874999960403e-006	-2.581082e-001
7.681640624960403e-006	-2.869787e-001
7.691406249960402e-006	-3.179704e-001
7.701171874960402e-006	-3.506449e-001
7.710937499960401e-006	-3.844894e-001
7.720703124960401e-006	-4.189279e-001
7.730468749960401e-006	-4.533333e-001
7.740234374960400e-006	-4.870411e-001
7.749999999960400e-006	-5.193641e-001
7.759765624960400e-006	-5.496077e-001
7.769531249960399e-006	-5.770853e-001
7.779296874960399e-006	-6.011343e-001
7.789062499960398e-006	-6.211309e-001
7.798828124960398e-006	-6.365050e-001
7.808593749960398e-006	-6.467530e-001
7.818359374960397e-006	-6.514501e-001
7.828124999960397e-006	-6.502608e-001
7.837890624960396e-006	-6.429473e-001
7.847656249960396e-006	-6.293758e-001
7.857421874960396e-006	-6.095212e-001
7.867187499960395e-006	-5.834684e-001
7.876953124960395e-006	-5.514119e-001
7.886718749960394e-006	-5.136531e-001
7.896484374960394e-006	-4.705952e-001
7.906249999960394e-006	-4.227358e-001
7.916015624960393e-006	-3.706572e-001
7.925781249960393e-006	-3.150158e-001
7.935546874960392e-006	-2.565288e-001
7.945312499960392e-006	-1.959603e-001
7.955078124960392e-006	-1.341056e-001
7.964843749960391e-006	-7.177667e-002
7.974609374960391e-006	-9.785132e-003
7.984374999960390e-006	5.107328e-002
7.994140624960390e-006	1.100347e-001
8.003906249960390e-006	1.663818e-001
8.013671874960389e-006	2.194578e-001
8.023437499960389e-006	2.686786e-001
8.033203124960388e-006	3.135441e-001
8.042968749960388e-006	3.536465e-001
8.052734374960388e-006	3.886774e-001
8.062499999960387e-006	4.184327e-001
8.072265624960387e-006	4.428146e-001
8.082031249960386e-006	4.618315e-001
8.091796874960386e-006	4.755961e-001
8.101562499960386e-006	4.843202e-001
8.111328124960385e-006	4.883082e-001
8.121093749960385e-006	4.879483e-001
8.130859374960384e-006	4.837018e-001
8.140624999960384e-006	4.760905e-001
8.150390624960384e-006	4.656838e-001
8.160156249960383e-006	4.530839e-001
8.169921874960383e-006	4.389110e-001
8.179687499960382e-006	4.237879e-001
8.189453124960382e-006	4.083248e-001
8.199218749960382e-006	3.931041e-001
8.208984374960381e-006	3.786666e-001
8.218749999960381e-006	3.654985e-001
8.228515624960380e-006	3.540196e-001
8.238281249960380e-006	3.445733e-001
8.248046874960380e-006	3.374187e-001
8.257812499960379e-006	3.327243e-001
8.267578124960379e-006	3.305641e-001
8.277343749960378e-006	3.309160e-001
8.287109374960378e-006	3.336628e-001
8.296874999960378e-006	3.385947e-001
8.306640624960377e-006	3.454149e-001
8.316406249960377e-006	3.537471e-001
8.326171874960376e-006	3.631440e-001
8.335937499960376e-006	3.730994e-001
8.345703124960376e-006	3.830597e-001
8.355468749960375e-006	3.924385e-001
8.365234374960375e-006	4.006301e-001
8.374999999960374e-006	4.070258e-001
8.384765624960374e-006	4.110281e-001
8.394531249960374e-006	4.120664e-001
8.404296874960373e-006	4.096116e-001
8.414062499960373e-006	4.031898e-001
8.423828124960372e-006	3.923948e-001
8.433593749960372e-006	3.768996e-001
8.443359374960372e-006	3.564658e-001
8.453124999960371e-006	3.309510e-001
8.462890624960371e-006	3.003142e-001
8.472656249960370e-006	2.646192e-001
8.482421874960370e-006	2.240354e-001
8.492187499960370e-006	1.788358e-001
8.501953124960369e-006	1.293940e-001
8.511718749960369e-006	7.617774e-002
8.521484374960368e-006	1.974069e-002
8.531249999960368e-006	-3.928732e-002
8.541015624960368e-006	-1.002126e-001
8.550781249960367e-006	-1.622910e-001
8.560546874960367e-006	-2.247420e-001
8.570312499960366e-006	-2.867641e-001
8.580078124960366e-006	-3.475507e-001
8.589843749960366e-006	-4.063066e-001
8.599609374960365e-006	-4.622630e-001
8.609374999960365e-006	-5.146936e-001
8.619140624960364e-006	-5.629281e-001
8.628906249960364e-006	-6.063668e-001
8.638671874960364e-006	-6.444909e-001
8.648437499960363e-006	-6.768734e-001
8.658203124960363e-006	-7.031869e-001
8.667968749960363e-006	-7.232093e-001
8.677734374960362e-006	-7.368280e-001
8.687499999960362e-006	-7.440408e-001
8.697265624960361e-006	-7.449550e-001
8.707031249960361e-006	-7.397834e-001
8.716796874960361e-006	-7.288395e-001
8.726562499960360e-006	-7.125291e-001
8.736328124960360e-006	-6.913411e-001
8.746093749960359e-006	-6.658355e-001
8.755859374960359e-006	-6.366306e-001
8.765624999960359e-006	-6.043891e-001
8.775390624960358e-006	-5.698032e-001
8.785156249960358e-006	-5.335789e-001
8.794921874960357e-006	-4.964204e-001
8.804687499960357e-006	-4.590148e-001
8.814453124960357e-006	-4.220170e-001
8.824218749960356e-006	-3.860356e-001
8.833984374960356e-006	-3.516204e-001
8.843749999960355e-006	-3.192507e-001
8.853515624960355e-006	-2.893259e-001
8.863281249960355e-006	-2.621574e-001
8.873046874960354e-006	-2.379627e-001
8.882812499960354e-006	-2.168628e-001
8.892578124960353e-006	-1.988807e-001
8.902343749960353e-006	-1.839429e-001
8.912109374960353e-006	-1.718824e-001
8.921874999960352e-006	-1.624445e-001
8.931640624960352e-006	-1.552949e-001
8.941406249960351e-006	-1.500291e-001
8.951171874960351e-006	-1.461836e-001
8.960937499960351e-006	-1.432488e-001
8.970703124960350e-006	-1.406826e-001
8.980468749960350e-006	-1.379251e-001
8.990234374960349e-006	-1.344133e-001
8.999999999960349e-006	-1.295964e-001
9.009765624960349e-006	-1.229508e-001
9.019531249960348e-006	-1.139939e-001
9.029296874960348e-006	-1.022977e-001
9.039062499960347e-006	-8.750071e-002
9.048828124960347e-006	-6.931846e-002
9.058593749960347e-006	-4.755238e-002
9.068359374960346e-006	-2.209641e-002
9.078124999960346e-006	7.058407e-003
9.087890624960345e-006	3.982130e-002
9.097656249960345e-006	7.600177e-002
9.107421874960345e-006	1.153120e-001
9.117187499960344e-006	1.573711e-001
9.126953124960344e-006	2.017121e-001
9.136718749960343e-006	2.477905e-001
9.146484374960343e-006	2.949946e-001
9.156249999960343e-006	3.426585e-001
9.166015624960342e-006	3.900747e-001
9.175781249960342e-006	4.365095e-001
9.185546874960341e-006	4.812175e-001
9.195312499960341e-006	5.234584e-001
9.205078124960341e-006	5.625118e-001
9.214843749960340e-006	5.976928e-001
9.224609374960340e-006	6.283671e-001
9.234374999960339e-006	6.539640e-001
9.244140624960339e-006	6.739898e-001
9.253906249960339e-006	6.880376e-001
9.263671874960338e-006	6.957974e-001
9.273437499960338e-006	6.970623e-001
9.283203124960337e-006	6.917332e-001
9.292968749960337e-006	6.798221e-001
9.302734374960337e-006	6.614519e-001
9.312499999960336e-006	6.368538e-001
9.322265624960336e-006	6.063634e-001
9.332031249960335e-006	5.704134e-001
9.341796874960335e-006	5.295249e-001
9.351562499960335e-006	4.842973e-001
9.361328124960334e-006	4.353952e-001
9.371093749960334e-006	3.835353e-001
9.380859374960333e-006	3.294714e-001
9.390624999960333e-006	2.739793e-001
9.400390624960333e-006	2.178408e-001
9.410156249960332e-006	1.618276e-001
9.419921874960332e-006	1.066861e-001
9.429687499960331e-006	5.312247e-002
9.439453124960331e-006	1.788675e-003
9.449218749960331e-006	-4.673014e-002
9.458984374960330e-006	-9.192663e-002
9.468749999960330e-006	-1.333803e-001
9.478515624960329e-006	-1.707650e-001
9.488281249960329e-006	-2.038535e-001
9.498046874960329e-006	-2.325210e-001
9.507812499960328e-006	-2.567449e-001
9.517578124960328e-006	-2.766033e-001
9.527343749960327e-006	-2.922703e-001
9.537109374960327e-006	-3.040105e-001
9.546874999960327e-006	-3.121698e-001
9.556640624960326e-006	-3.171660e-001
9.566406249960326e-006	-3.194766e-001
9.576171874960325e-006	-3.196256e-001
9.585937499960325e-006	-3.181700e-001
9.595703124960325e-006	-3.156848e-001
9.605468749960324e-006	-3.127477e-001
9.615234374960324e-006	-3.099245e-001
9.624999999960324e-006	-3.077540e-001
9.634765624960323e-006	-3.067341e-001
9.644531249960323e-006	-3.073092e-001
9.654296874960322e-006	-3.098579e-001
9.664062499960322e-006	-3.146834e-001
9.673828124960322e-006	-3.220051e-001
9.683593749960321e-006	-3.319523e-001
9.693359374960321e-006	-3.445604e-001
9.703124999960320e-006	-3.597686e-001
9.712890624960320e-006	-3.774212e-001
9.722656249960320e-006	-3.972695e-001
9.732421874960319e-006	-4.189770e-001
9.742187499960319e-006	-4.421270e-001
9.751953124960318e-006	-4.662316e-001
9.761718749960318e-006	-4.907421e-001
9.771484374960318e-006	-5.150614e-001
9.781249999960317e-006	-5.385582e-001
9.791015624960317e-006	-5.605812e-001
9.800781249960316e-006	-5.804738e-001
9.810546874960316e-006	-5.975901e-001
9.820312499960316e-006	-6.113097e-001
9.830078124960315e-006	-6.210530e-001
9.839843749960315e-006	-6.262951e-001
9.849609374960314e-006	-6.265783e-001
9.859374999960314e-006	-6.215242e-001
9.869140624960314e-006	-6.108433e-001
9.878906249960313e-006	-5.943434e-001
9.888671874960313e-006	-5.719349e-001
9.898437499960312e-006	-5.436351e-001
9.908203124960312e-006	-5.095690e-001
9.917968749960312e-006	-4.699689e-001
9.927734374960311e-006	-4.251709e-001
9.937499999960311e-006	-3.756090e-001
9.947265624960310e-006	-3.218080e-001
9.957031249960310e-006	-2.643737e-001
9.966796874960310e-006	-2.039809e-001
9.976562499960309e-006	-1.413611e-001
9.986328124960309e-006	-7.728833e-002
9.996093749960308e-006	-1.251470e-002
9.999999999999999e-006	1.347184e-002
