time	V(receiver)
0.000000000000000e+000	5.873838e-004
9.765624723809263e-013	6.076283e-004
1.000976562472381e-009	2.133778e-002
2.000976562472381e-009	4.206752e-002
2.032226562472381e-009	4.271529e-002
3.032226562472381e-009	6.344177e-002
5.032226562472382e-009	1.048812e-001
9.032226562472381e-009	1.876614e-001
1.703222656247238e-008	3.527182e-001
2.679785156247238e-008	5.529750e-001
3.656347656247238e-008	7.512009e-001
4.632910156247238e-008	9.465984e-001
5.609472656247238e-008	1.138431e+000
6.586035156247237e-008	1.325976e+000
7.562597656247237e-008	1.508527e+000
8.539160156247237e-008	1.685395e+000
9.515722656247237e-008	1.855915e+000
1.049228515624724e-007	2.019443e+000
1.146884765624724e-007	2.175362e+000
1.244541015624724e-007	2.323086e+000
1.342197265624724e-007	2.462058e+000
1.439853515624724e-007	2.591753e+000
1.635166015624724e-007	2.821394e+000
1.830478515624724e-007	3.008548e+000
2.025791015624724e-007	3.150395e+000
2.221103515624724e-007	3.244792e+000
2.416416015624724e-007	3.290313e+000
2.611728515624724e-007	3.286268e+000
2.807041015624724e-007	3.232709e+000
3.002353515624725e-007	3.130435e+000
3.197666015624725e-007	2.980977e+000
3.392978515624726e-007	2.786577e+000
3.588291015624726e-007	2.550152e+000
3.783603515624727e-007	2.275251e+000
3.978916015624727e-007	1.966001e+000
4.174228515624728e-007	1.627048e+000
4.369541015624728e-007	1.263483e+000
4.564853515624729e-007	8.807667e-001
4.760166015624729e-007	4.846496e-001
4.955478515624730e-007	8.108248e-002
5.150791015624730e-007	-3.238712e-001
5.346103515624731e-007	-7.241272e-001
5.443759765624731e-007	-9.206092e-001
5.541416015624731e-007	-1.113672e+000
5.639072265624732e-007	-1.302590e+000
5.736728515624732e-007	-1.486653e+000
5.834384765624732e-007	-1.665170e+000
5.932041015624732e-007	-1.837468e+000
6.029697265624733e-007	-2.002900e+000
6.127353515624733e-007	-2.160845e+000
6.225009765624733e-007	-2.310709e+000
6.322666015624733e-007	-2.451928e+000
6.420322265624734e-007	-2.583973e+000
6.517978515624734e-007	-2.706346e+000
6.615634765624734e-007	-2.818588e+000
6.713291015624734e-007	-2.920277e+000
6.810947265624735e-007	-3.011032e+000
6.908603515624735e-007	-3.090511e+000
7.006259765624735e-007	-3.158417e+000
7.103916015624735e-007	-3.214494e+000
7.201572265624736e-007	-3.258532e+000
7.299228515624736e-007	-3.290367e+000
7.396884765624736e-007	-3.309879e+000
7.494541015624736e-007	-3.316996e+000
7.592197265624737e-007	-3.311691e+000
7.689853515624737e-007	-3.293986e+000
7.787509765624737e-007	-3.263947e+000
7.885166015624737e-007	-3.221690e+000
7.982822265624738e-007	-3.167373e+000
8.080478515624738e-007	-3.101202e+000
8.178134765624738e-007	-3.023426e+000
8.275791015624738e-007	-2.934339e+000
8.373447265624739e-007	-2.834278e+000
8.471103515624739e-007	-2.723619e+000
8.568759765624739e-007	-2.602780e+000
8.666416015624739e-007	-2.472217e+000
8.764072265624740e-007	-2.332421e+000
8.861728515624740e-007	-2.183920e+000
8.959384765624740e-007	-2.027273e+000
9.057041015624741e-007	-1.863070e+000
9.154697265624741e-007	-1.691931e+000
9.252353515624741e-007	-1.514501e+000
9.350009765624741e-007	-1.331447e+000
9.447666015624742e-007	-1.143460e+000
9.545322265624741e-007	-9.512475e-001
9.642978515624741e-007	-7.555343e-001
9.740634765624741e-007	-5.570576e-001
9.838291015624741e-007	-3.565651e-001
9.935947265624742e-007	-1.548122e-001
1.003360351562474e-006	4.744092e-002
1.013125976562474e-006	2.494324e-001
1.022891601562474e-006	4.504012e-001
1.032657226562474e-006	6.495902e-001
1.042422851562474e-006	8.462489e-001
1.052188476562474e-006	1.039636e+000
1.061954101562474e-006	1.229024e+000
1.071719726562474e-006	1.413699e+000
1.081485351562474e-006	1.592964e+000
1.091250976562474e-006	1.766145e+000
1.101016601562475e-006	1.932588e+000
1.110782226562475e-006	2.091668e+000
1.120547851562475e-006	2.242783e+000
1.130313476562475e-006	2.385366e+000
1.140079101562475e-006	2.518878e+000
1.149844726562475e-006	2.642815e+000
1.169375976562475e-006	2.860138e+000
1.188907226562475e-006	3.034061e+000
1.208438476562475e-006	3.161961e+000
1.227969726562475e-006	3.241910e+000
1.247500976562475e-006	3.272698e+000
1.267032226562475e-006	3.253859e+000
1.286563476562475e-006	3.185668e+000
1.306094726562475e-006	3.069147e+000
1.325625976562475e-006	2.906043e+000
1.345157226562475e-006	2.698803e+000
1.364688476562475e-006	2.450539e+000
1.384219726562475e-006	2.164980e+000
1.403750976562475e-006	1.846415e+000
1.423282226562475e-006	1.499631e+000
1.442813476562475e-006	1.129838e+000
1.462344726562475e-006	7.425939e-001
1.481875976562476e-006	3.437167e-001
1.501407226562476e-006	-6.079903e-002
1.520938476562476e-006	-4.648740e-001
1.530704101562476e-006	-6.648459e-001
1.540469726562476e-006	-8.624359e-001
1.550235351562476e-006	-1.056901e+000
1.560000976562476e-006	-1.247510e+000
1.569766601562476e-006	-1.433546e+000
1.579532226562476e-006	-1.614310e+000
1.589297851562476e-006	-1.789121e+000
1.599063476562476e-006	-1.957323e+000
1.608829101562476e-006	-2.118283e+000
1.618594726562476e-006	-2.271396e+000
1.628360351562476e-006	-2.416086e+000
1.638125976562476e-006	-2.551810e+000
1.647891601562476e-006	-2.678056e+000
1.657657226562476e-006	-2.794351e+000
1.667422851562476e-006	-2.900258e+000
1.677188476562476e-006	-2.995378e+000
1.686954101562476e-006	-3.079354e+000
1.696719726562476e-006	-3.151870e+000
1.706485351562476e-006	-3.212655e+000
1.716250976562476e-006	-3.261481e+000
1.726016601562476e-006	-3.298163e+000
1.735782226562476e-006	-3.322565e+000
1.745547851562476e-006	-3.334595e+000
1.755313476562476e-006	-3.334209e+000
1.765079101562476e-006	-3.321409e+000
1.774844726562476e-006	-3.296243e+000
1.784610351562476e-006	-3.258807e+000
1.794375976562476e-006	-3.209243e+000
1.804141601562476e-006	-3.147737e+000
1.813907226562476e-006	-3.074522e+000
1.823672851562476e-006	-2.989874e+000
1.833438476562476e-006	-2.894112e+000
1.843204101562476e-006	-2.787597e+000
1.852969726562476e-006	-2.670730e+000
1.862735351562477e-006	-2.543953e+000
1.872500976562477e-006	-2.407742e+000
1.882266601562477e-006	-2.262612e+000
1.892032226562477e-006	-2.109108e+000
1.901797851562477e-006	-1.947810e+000
1.911563476562477e-006	-1.779325e+000
1.921329101562477e-006	-1.604288e+000
1.931094726562477e-006	-1.423358e+000
1.940860351562477e-006	-1.237216e+000
1.950625976562477e-006	-1.046565e+000
1.960391601562477e-006	-8.521214e-001
1.970157226562477e-006	-6.546184e-001
1.979922851562477e-006	-4.548001e-001
1.989688476562477e-006	-2.534189e-001
1.999454101562477e-006	-5.123348e-002
2.009219726562477e-006	1.509947e-001
2.018985351562477e-006	3.525037e-001
2.028750976562477e-006	5.525348e-001
2.038516601562477e-006	7.503343e-001
2.048282226562477e-006	9.451572e-001
2.058047851562477e-006	1.136270e+000
2.067813476562477e-006	1.322952e+000
2.077579101562477e-006	1.504500e+000
2.087344726562477e-006	1.680231e+000
2.097110351562477e-006	1.849482e+000
2.106875976562477e-006	2.011616e+000
2.116641601562477e-006	2.166023e+000
2.126407226562477e-006	2.312119e+000
2.136172851562477e-006	2.449356e+000
2.145938476562477e-006	2.577215e+000
2.155704101562477e-006	2.695215e+000
2.165469726562477e-006	2.802911e+000
2.175235351562477e-006	2.899898e+000
2.194766601562477e-006	3.060320e+000
2.214297851562477e-006	3.174065e+000
2.233829101562477e-006	3.239417e+000
2.253360351562478e-006	3.255388e+000
2.272891601562478e-006	3.221733e+000
2.292422851562478e-006	3.138954e+000
2.311954101562478e-006	3.008291e+000
2.331485351562478e-006	2.831705e+000
2.351016601562478e-006	2.611846e+000
2.370547851562478e-006	2.352017e+000
2.390079101562478e-006	2.056122e+000
2.409610351562478e-006	1.728605e+000
2.429141601562478e-006	1.374389e+000
2.448672851562478e-006	9.987963e-001
2.468204101562478e-006	6.074716e-001
2.487735351562478e-006	2.062958e-001
2.497500976562478e-006	3.894642e-003
2.517032226562478e-006	-4.007312e-001
2.536563476562478e-006	-8.000557e-001
2.546329101562478e-006	-9.958490e-001
2.556094726562478e-006	-1.188077e+000
2.565860351562478e-006	-1.376019e+000
2.575625976562478e-006	-1.558965e+000
2.585391601562478e-006	-1.736230e+000
2.595157226562478e-006	-1.907145e+000
2.604922851562478e-006	-2.071069e+000
2.614688476562478e-006	-2.227385e+000
2.624454101562478e-006	-2.375505e+000
2.634219726562479e-006	-2.514873e+000
2.643985351562479e-006	-2.644964e+000
2.653750976562479e-006	-2.765290e+000
2.663516601562479e-006	-2.875398e+000
2.673282226562479e-006	-2.974874e+000
2.683047851562479e-006	-3.063345e+000
2.692813476562479e-006	-3.140479e+000
2.702579101562479e-006	-3.205984e+000
2.712344726562479e-006	-3.259617e+000
2.722110351562479e-006	-3.301174e+000
2.731875976562479e-006	-3.330501e+000
2.741641601562479e-006	-3.347488e+000
2.751407226562479e-006	-3.352072e+000
2.761172851562479e-006	-3.344235e+000
2.770938476562479e-006	-3.324008e+000
2.780704101562479e-006	-3.291468e+000
2.790469726562479e-006	-3.246737e+000
2.800235351562479e-006	-3.189986e+000
2.810000976562479e-006	-3.121427e+000
2.819766601562479e-006	-3.041320e+000
2.829532226562479e-006	-2.949966e+000
2.839297851562479e-006	-2.847711e+000
2.849063476562479e-006	-2.734939e+000
2.858829101562479e-006	-2.612076e+000
2.868594726562479e-006	-2.479585e+000
2.878360351562479e-006	-2.337965e+000
2.888125976562479e-006	-2.187750e+000
2.897891601562479e-006	-2.029505e+000
2.907657226562479e-006	-1.863827e+000
2.917422851562479e-006	-1.691340e+000
2.927188476562479e-006	-1.512695e+000
2.936954101562479e-006	-1.328563e+000
2.946719726562479e-006	-1.139639e+000
2.956485351562479e-006	-9.466339e-001
2.966250976562479e-006	-7.502755e-001
2.976016601562479e-006	-5.513030e-001
2.985782226562479e-006	-3.504662e-001
2.995547851562479e-006	-1.485213e-001
3.005313476562479e-006	5.377069e-002
3.015079101562480e-006	2.556479e-001
3.024844726562480e-006	4.563499e-001
3.034610351562480e-006	6.551206e-001
3.044375976562480e-006	8.512113e-001
3.054141601562480e-006	1.043883e+000
3.063907226562480e-006	1.232411e+000
3.073672851562480e-006	1.416084e+000
3.083438476562480e-006	1.594210e+000
3.093204101562480e-006	1.766118e+000
3.102969726562480e-006	1.931161e+000
3.112735351562480e-006	2.088717e+000
3.122500976562480e-006	2.238192e+000
3.132266601562480e-006	2.379023e+000
3.142032226562480e-006	2.510679e+000
3.151797851562480e-006	2.632665e+000
3.161563476562480e-006	2.744519e+000
3.171329101562480e-006	2.845822e+000
3.190860351562480e-006	3.015283e+000
3.210391601562480e-006	3.138495e+000
3.229922851562480e-006	3.213598e+000
3.249454101562480e-006	3.239460e+000
3.268985351562480e-006	3.215684e+000
3.288516601562480e-006	3.142624e+000
3.308047851562480e-006	3.021373e+000
3.327579101562480e-006	2.853751e+000
3.347110351562480e-006	2.642273e+000
3.366641601562480e-006	2.390114e+000
3.386172851562480e-006	2.101063e+000
3.405704101562481e-006	1.779462e+000
3.425235351562481e-006	1.430143e+000
3.444766601562481e-006	1.058355e+000
3.464297851562481e-006	6.696845e-001
3.483829101562481e-006	2.699729e-001
3.493594726562481e-006	6.784967e-002
3.513125976562481e-006	-3.371338e-001
3.532657226562481e-006	-7.380279e-001
3.542422851562481e-006	-9.350538e-001
3.552188476562481e-006	-1.128808e+000
3.561954101562481e-006	-1.318562e+000
3.571719726562481e-006	-1.503601e+000
3.581485351562481e-006	-1.683231e+000
3.591250976562481e-006	-1.856776e+000
3.601016601562481e-006	-2.023583e+000
3.610782226562481e-006	-2.183025e+000
3.620547851562481e-006	-2.334502e+000
3.630313476562481e-006	-2.477446e+000
3.640079101562481e-006	-2.611318e+000
3.649844726562481e-006	-2.735616e+000
3.659610351562481e-006	-2.849872e+000
3.669375976562481e-006	-2.953656e+000
3.679141601562481e-006	-3.046580e+000
3.688907226562481e-006	-3.128294e+000
3.698672851562481e-006	-3.198490e+000
3.708438476562481e-006	-3.256906e+000
3.718204101562481e-006	-3.303322e+000
3.727969726562481e-006	-3.337563e+000
3.737735351562481e-006	-3.359503e+000
3.747500976562481e-006	-3.369058e+000
3.757266601562481e-006	-3.366194e+000
3.767032226562481e-006	-3.350921e+000
3.776797851562482e-006	-3.323298e+000
3.786563476562482e-006	-3.283431e+000
3.796329101562482e-006	-3.231468e+000
3.806094726562482e-006	-3.167607e+000
3.815860351562482e-006	-3.092088e+000
3.825625976562481e-006	-3.005196e+000
3.835391601562481e-006	-2.907259e+000
3.845157226562480e-006	-2.798647e+000
3.854922851562480e-006	-2.679768e+000
3.864688476562480e-006	-2.551071e+000
3.874454101562479e-006	-2.413040e+000
3.884219726562479e-006	-2.266196e+000
3.893985351562478e-006	-2.111092e+000
3.903750976562478e-006	-1.948313e+000
3.913516601562478e-006	-1.778471e+000
3.923282226562477e-006	-1.602207e+000
3.933047851562477e-006	-1.420185e+000
3.942813476562476e-006	-1.233090e+000
3.952579101562476e-006	-1.041627e+000
3.962344726562476e-006	-8.465171e-001
3.972110351562475e-006	-6.484957e-001
3.981875976562475e-006	-4.483085e-001
3.991641601562474e-006	-2.467096e-001
4.001407226562474e-006	-4.445831e-002
4.011172851562474e-006	1.576835e-001
4.020938476562473e-006	3.589545e-001
4.030704101562473e-006	5.585964e-001
4.040469726562472e-006	7.558573e-001
4.050235351562472e-006	9.499942e-001
4.060000976562472e-006	1.140276e+000
4.069766601562471e-006	1.325985e+000
4.079532226562471e-006	1.506423e+000
4.089297851562470e-006	1.680909e+000
4.099063476562470e-006	1.848787e+000
4.108829101562470e-006	2.009424e+000
4.118594726562469e-006	2.162214e+000
4.128360351562469e-006	2.306582e+000
4.138125976562468e-006	2.441985e+000
4.147891601562468e-006	2.567911e+000
4.157657226562468e-006	2.683887e+000
4.167422851562467e-006	2.789475e+000
4.177188476562467e-006	2.884277e+000
4.186954101562467e-006	2.967937e+000
4.206485351562466e-006	3.100607e+000
4.226016601562465e-006	3.185487e+000
4.245547851562464e-006	3.221294e+000
4.265079101562463e-006	3.207486e+000
4.284610351562463e-006	3.144266e+000
4.304141601562462e-006	3.032581e+000
4.323672851562461e-006	2.874106e+000
4.343204101562460e-006	2.671220e+000
4.362735351562459e-006	2.426970e+000
4.382266601562459e-006	2.145027e+000
4.401797851562458e-006	1.829627e+000
4.421329101562457e-006	1.485508e+000
4.440860351562456e-006	1.117843e+000
4.460391601562455e-006	7.321587e-001
4.479922851562455e-006	3.342506e-001
4.489688476562454e-006	1.325772e-001
4.509219726562453e-006	-2.724186e-001
4.528750976562453e-006	-6.745380e-001
4.538516601562452e-006	-8.726260e-001
4.548282226562452e-006	-1.067737e+000
4.558047851562451e-006	-1.259136e+000
4.567813476562451e-006	-1.446104e+000
4.577579101562451e-006	-1.627938e+000
4.587344726562450e-006	-1.803954e+000
4.597110351562450e-006	-1.973490e+000
4.606875976562449e-006	-2.135907e+000
4.616641601562449e-006	-2.290596e+000
4.626407226562449e-006	-2.436975e+000
4.636172851562448e-006	-2.574492e+000
4.645938476562448e-006	-2.702632e+000
4.655704101562447e-006	-2.820912e+000
4.665469726562447e-006	-2.928887e+000
4.675235351562447e-006	-3.026152e+000
4.685000976562446e-006	-3.112341e+000
4.694766601562446e-006	-3.187129e+000
4.704532226562445e-006	-3.250237e+000
4.714297851562445e-006	-3.301427e+000
4.724063476562445e-006	-3.340506e+000
4.733829101562444e-006	-3.367328e+000
4.743594726562444e-006	-3.381793e+000
4.753360351562443e-006	-3.383846e+000
4.763125976562443e-006	-3.373480e+000
4.772891601562443e-006	-3.350735e+000
4.782657226562442e-006	-3.315697e+000
4.792422851562442e-006	-3.268497e+000
4.802188476562441e-006	-3.209315e+000
4.811954101562441e-006	-3.138373e+000
4.821719726562441e-006	-3.055939e+000
4.831485351562440e-006	-2.962323e+000
4.841250976562440e-006	-2.857879e+000
4.851016601562439e-006	-2.742999e+000
4.860782226562439e-006	-2.618116e+000
4.870547851562439e-006	-2.483701e+000
4.880313476562438e-006	-2.340261e+000
4.890079101562438e-006	-2.188335e+000
4.899844726562437e-006	-2.028496e+000
4.909610351562437e-006	-1.861345e+000
4.919375976562437e-006	-1.687513e+000
4.929141601562436e-006	-1.507653e+000
4.938907226562436e-006	-1.322444e+000
4.948672851562435e-006	-1.132583e+000
4.958438476562435e-006	-9.387841e-001
4.968204101562435e-006	-7.417779e-001
4.977969726562434e-006	-5.423060e-001
4.987735351562434e-006	-3.411197e-001
4.997500976562433e-006	-1.389765e-001
5.007266601562433e-006	6.336239e-002
5.017032226562433e-006	2.651350e-001
5.026797851562432e-006	4.655816e-001
5.036563476562432e-006	6.639473e-001
5.046329101562431e-006	8.594853e-001
5.056094726562431e-006	1.051459e+000
5.065860351562431e-006	1.239146e+000
5.075625976562430e-006	1.421839e+000
5.085391601562430e-006	1.598850e+000
5.095157226562429e-006	1.769513e+000
5.104922851562429e-006	1.933184e+000
5.114688476562429e-006	2.089248e+000
5.124454101562428e-006	2.237118e+000
5.134219726562428e-006	2.376235e+000
5.143985351562428e-006	2.506075e+000
5.153750976562427e-006	2.626151e+000
5.163516601562427e-006	2.736010e+000
5.173282226562426e-006	2.835238e+000
5.183047851562426e-006	2.923460e+000
5.192813476562426e-006	3.000345e+000
5.202579101562425e-006	3.065604e+000
5.222110351562424e-006	3.160300e+000
5.241641601562424e-006	3.206122e+000
5.261172851562423e-006	3.202379e+000
5.280704101562422e-006	3.149123e+000
5.300235351562421e-006	3.047154e+000
5.319766601562420e-006	2.898003e+000
5.339297851562420e-006	2.703910e+000
5.358829101562419e-006	2.467794e+000
5.378360351562418e-006	2.193202e+000
5.397891601562417e-006	1.884263e+000
5.417422851562416e-006	1.545622e+000
5.436954101562416e-006	1.182368e+000
5.456485351562415e-006	7.999648e-001
5.476016601562414e-006	4.041608e-001
5.485782226562414e-006	2.030880e-001
5.495547851562413e-006	9.075181e-004
5.515079101562412e-006	-4.037320e-001
5.534610351562412e-006	-8.036736e-001
5.544375976562411e-006	-9.999982e-001
5.554141601562411e-006	-1.192904e+000
5.563907226562410e-006	-1.381665e+000
5.573672851562410e-006	-1.565570e+000
5.583438476562410e-006	-1.743929e+000
5.593204101562409e-006	-1.916070e+000
5.602969726562409e-006	-2.081345e+000
5.612735351562408e-006	-2.239132e+000
5.622500976562408e-006	-2.388839e+000
5.632266601562408e-006	-2.529901e+000
5.642032226562407e-006	-2.661788e+000
5.651797851562407e-006	-2.784003e+000
5.661563476562406e-006	-2.896088e+000
5.671329101562406e-006	-2.997620e+000
5.681094726562406e-006	-3.088218e+000
5.690860351562405e-006	-3.167540e+000
5.700625976562405e-006	-3.235289e+000
5.710391601562404e-006	-3.291209e+000
5.720157226562404e-006	-3.335091e+000
5.729922851562404e-006	-3.366769e+000
5.739688476562403e-006	-3.386125e+000
5.749454101562403e-006	-3.393085e+000
5.759219726562402e-006	-3.387624e+000
5.768985351562402e-006	-3.369763e+000
5.778750976562402e-006	-3.339569e+000
5.788516601562401e-006	-3.297155e+000
5.798282226562401e-006	-3.242683e+000
5.808047851562400e-006	-3.176356e+000
5.817813476562400e-006	-3.098425e+000
5.827579101562400e-006	-3.009184e+000
5.837344726562399e-006	-2.908968e+000
5.847110351562399e-006	-2.798155e+000
5.856875976562398e-006	-2.677161e+000
5.866641601562398e-006	-2.546444e+000
5.876407226562398e-006	-2.406494e+000
5.886172851562397e-006	-2.257840e+000
5.895938476562397e-006	-2.101039e+000
5.905704101562396e-006	-1.936684e+000
5.915469726562396e-006	-1.765392e+000
5.925235351562396e-006	-1.587809e+000
5.935000976562395e-006	-1.404603e+000
5.944766601562395e-006	-1.216464e+000
5.954532226562394e-006	-1.024100e+000
5.964297851562394e-006	-8.282351e-001
5.974063476562394e-006	-6.296073e-001
5.983829101562393e-006	-4.289641e-001
5.993594726562393e-006	-2.270607e-001
6.003360351562392e-006	-2.465730e-002
6.013125976562392e-006	1.774841e-001
6.022891601562392e-006	3.786025e-001
6.032657226562391e-006	5.779407e-001
6.042422851562391e-006	7.747483e-001
6.052188476562391e-006	9.682845e-001
6.061954101562390e-006	1.157820e+000
6.071719726562390e-006	1.342643e+000
6.081485351562389e-006	1.522056e+000
6.091250976562389e-006	1.695384e+000
6.101016601562389e-006	1.861974e+000
6.110782226562388e-006	2.021200e+000
6.120547851562388e-006	2.172462e+000
6.130313476562387e-006	2.315190e+000
6.140079101562387e-006	2.448847e+000
6.149844726562387e-006	2.572930e+000
6.159610351562386e-006	2.686972e+000
6.169375976562386e-006	2.790543e+000
6.179141601562385e-006	2.883253e+000
6.188907226562385e-006	2.964753e+000
6.198672851562385e-006	3.034737e+000
6.208438476562384e-006	3.092940e+000
6.218204101562384e-006	3.139143e+000
6.227969726562383e-006	3.173173e+000
6.247500976562383e-006	3.204245e+000
6.267032226562382e-006	3.185687e+000
6.286563476562381e-006	3.117776e+000
6.306094726562380e-006	3.001534e+000
6.325625976562379e-006	2.838707e+000
6.345157226562379e-006	2.631742e+000
6.364688476562378e-006	2.383753e+000
6.384219726562377e-006	2.098466e+000
6.403750976562376e-006	1.780173e+000
6.423282226562375e-006	1.433659e+000
6.442813476562375e-006	1.064134e+000
6.462344726562374e-006	6.771567e-001
6.481875976562373e-006	2.785450e-001
6.491641601562373e-006	7.674514e-002
6.511172851562372e-006	-3.280484e-001
6.530704101562371e-006	-7.293598e-001
6.540469726562371e-006	-9.268192e-001
6.550235351562370e-006	-1.121154e+000
6.560000976562370e-006	-1.311633e+000
6.569766601562369e-006	-1.497540e+000
6.579532226562369e-006	-1.678174e+000
6.589297851562369e-006	-1.852856e+000
6.599063476562368e-006	-2.020930e+000
6.608829101562368e-006	-2.181761e+000
6.618594726562367e-006	-2.334746e+000
6.628360351562367e-006	-2.479308e+000
6.638125976562367e-006	-2.614904e+000
6.647891601562366e-006	-2.741024e+000
6.657657226562366e-006	-2.857192e+000
6.667422851562365e-006	-2.962971e+000
6.677188476562365e-006	-3.057965e+000
6.686954101562365e-006	-3.141815e+000
6.696719726562364e-006	-3.214205e+000
6.706485351562364e-006	-3.274865e+000
6.716250976562363e-006	-3.323565e+000
6.726016601562363e-006	-3.360121e+000
6.735782226562363e-006	-3.384398e+000
6.745547851562362e-006	-3.396304e+000
6.755313476562362e-006	-3.395793e+000
6.765079101562361e-006	-3.382869e+000
6.774844726562361e-006	-3.357579e+000
6.784610351562361e-006	-3.320019e+000
6.794375976562360e-006	-3.270331e+000
6.804141601562360e-006	-3.208701e+000
6.813907226562359e-006	-3.135363e+000
6.823672851562359e-006	-3.050591e+000
6.833438476562359e-006	-2.954706e+000
6.843204101562358e-006	-2.848068e+000
6.852969726562358e-006	-2.731079e+000
6.862735351562357e-006	-2.604178e+000
6.872500976562357e-006	-2.467845e+000
6.882266601562357e-006	-2.322592e+000
6.892032226562356e-006	-2.168967e+000
6.901797851562356e-006	-2.007546e+000
6.911563476562355e-006	-1.838939e+000
6.921329101562355e-006	-1.663780e+000
6.931094726562355e-006	-1.482728e+000
6.940860351562354e-006	-1.296464e+000
6.950625976562354e-006	-1.105691e+000
6.960391601562353e-006	-9.111256e-001
6.970157226562353e-006	-7.135010e-001
6.989688476562352e-006	-3.120580e-001
7.009219726562352e-006	9.259886e-002
7.028750976562351e-006	4.943823e-001
7.048282226562350e-006	8.872479e-001
7.067813476562349e-006	1.265286e+000
7.087344726562348e-006	1.622809e+000
7.106875976562348e-006	1.954438e+000
7.126407226562347e-006	2.255185e+000
7.136172851562346e-006	2.392544e+000
7.145938476562346e-006	2.520525e+000
7.155704101562346e-006	2.638648e+000
7.165469726562345e-006	2.746467e+000
7.175235351562345e-006	2.843576e+000
7.185000976562344e-006	2.929610e+000
7.194766601562344e-006	3.004244e+000
7.204532226562344e-006	3.067199e+000
7.214297851562343e-006	3.118236e+000
7.224063476562343e-006	3.157164e+000
7.233829101562342e-006	3.183835e+000
7.253360351562342e-006	3.200054e+000
7.272891601562341e-006	3.166648e+000
7.292422851562340e-006	3.084119e+000
7.311954101562339e-006	2.953707e+000
7.331485351562338e-006	2.777372e+000
7.351016601562338e-006	2.557766e+000
7.370547851562337e-006	2.298191e+000
7.390079101562336e-006	2.002551e+000
7.409610351562335e-006	1.675292e+000
7.429141601562334e-006	1.321334e+000
7.448672851562334e-006	9.460006e-001
7.468204101562333e-006	5.549370e-001
7.487735351562332e-006	1.540239e-001
7.507266601562331e-006	-2.507091e-001
7.526797851562330e-006	-6.531755e-001
7.536563476562330e-006	-8.516634e-001
7.546329101562330e-006	-1.047322e+000
7.556094726562329e-006	-1.239416e+000
7.565860351562329e-006	-1.427222e+000
7.575625976562328e-006	-1.610033e+000
7.585391601562328e-006	-1.787162e+000
7.595157226562328e-006	-1.957941e+000
7.604922851562327e-006	-2.121727e+000
7.614688476562327e-006	-2.277906e+000
7.624454101562326e-006	-2.425888e+000
7.634219726562327e-006	-2.565117e+000
7.643985351562326e-006	-2.695070e+000
7.653750976562326e-006	-2.815256e+000
7.663516601562326e-006	-2.925224e+000
7.673282226562325e-006	-3.024559e+000
7.683047851562325e-006	-3.112889e+000
7.692813476562325e-006	-3.189881e+000
7.702579101562324e-006	-3.255244e+000
7.712344726562324e-006	-3.308733e+000
7.722110351562323e-006	-3.350148e+000
7.731875976562323e-006	-3.379331e+000
7.741641601562323e-006	-3.396173e+000
7.751407226562322e-006	-3.400611e+000
7.761172851562322e-006	-3.392629e+000
7.770938476562321e-006	-3.372255e+000
7.780704101562321e-006	-3.339568e+000
7.790469726562321e-006	-3.294690e+000
7.800235351562320e-006	-3.237790e+000
7.810000976562320e-006	-3.169083e+000
7.819766601562319e-006	-3.088826e+000
7.829532226562319e-006	-2.997322e+000
7.839297851562319e-006	-2.894916e+000
7.849063476562318e-006	-2.781993e+000
7.858829101562318e-006	-2.658978e+000
7.868594726562317e-006	-2.526335e+000
7.878360351562317e-006	-2.384561e+000
7.888125976562317e-006	-2.234192e+000
7.897891601562316e-006	-2.075793e+000
7.907657226562316e-006	-1.909960e+000
7.917422851562315e-006	-1.737317e+000
7.927188476562315e-006	-1.558515e+000
7.936954101562315e-006	-1.374226e+000
7.946719726562314e-006	-1.185144e+000
7.956485351562314e-006	-9.919807e-001
7.966250976562313e-006	-7.954630e-001
7.985782226562313e-006	-3.953332e-001
8.005313476562312e-006	9.226762e-003
8.015079101562311e-006	2.112666e-001
8.034610351562311e-006	6.110666e-001
8.054141601562310e-006	1.000159e+000
8.073672851562309e-006	1.372692e+000
8.093204101562308e-006	1.723062e+000
8.112735351562307e-006	2.046000e+000
8.132266601562307e-006	2.336647e+000
8.151797851562306e-006	2.590632e+000
8.171329101562305e-006	2.804136e+000
8.190860351562304e-006	2.973947e+000
8.210391601562303e-006	3.097511e+000
8.229922851562303e-006	3.172969e+000
8.249454101562302e-006	3.199188e+000
8.259219726562301e-006	3.193680e+000
8.268985351562301e-006	3.175773e+000
8.278750976562301e-006	3.145534e+000
8.288516601562300e-006	3.103076e+000
8.298282226562300e-006	3.048560e+000
8.308047851562299e-006	2.982191e+000
8.317813476562299e-006	2.904219e+000
8.337344726562298e-006	2.714682e+000
8.356875976562297e-006	2.482800e+000
8.376407226562297e-006	2.212061e+000
8.395938476562296e-006	1.906538e+000
8.415469726562295e-006	1.570826e+000
8.435000976562294e-006	1.209977e+000
8.454532226562293e-006	8.294165e-001
8.474063476562293e-006	4.348709e-001
8.483829101562292e-006	2.342024e-001
8.493594726562292e-006	3.227472e-002
8.513125976562291e-006	-3.723159e-001
8.532657226562290e-006	-7.728148e-001
8.542422851562290e-006	-9.696423e-001
8.552188476562289e-006	-1.163197e+000
8.561954101562289e-006	-1.352751e+000
8.571719726562289e-006	-1.537591e+000
8.581485351562288e-006	-1.717020e+000
8.591250976562288e-006	-1.890363e+000
8.601016601562287e-006	-2.056968e+000
8.610782226562287e-006	-2.216208e+000
8.620547851562287e-006	-2.367482e+000
8.630313476562286e-006	-2.510222e+000
8.640079101562286e-006	-2.643891e+000
8.649844726562286e-006	-2.767984e+000
8.659610351562285e-006	-2.882035e+000
8.669375976562285e-006	-2.985614e+000
8.679141601562284e-006	-3.078332e+000
8.688907226562284e-006	-3.159839e+000
8.698672851562284e-006	-3.229828e+000
8.708438476562283e-006	-3.288037e+000
8.718204101562283e-006	-3.334244e+000
8.727969726562282e-006	-3.368278e+000
8.737735351562282e-006	-3.390008e+000
8.747500976562282e-006	-3.399354e+000
8.757266601562281e-006	-3.396280e+000
8.767032226562281e-006	-3.380797e+000
8.776797851562280e-006	-3.352964e+000
8.786563476562280e-006	-3.312885e+000
8.796329101562280e-006	-3.260711e+000
8.806094726562279e-006	-3.196638e+000
8.815860351562279e-006	-3.120907e+000
8.825625976562278e-006	-3.033803e+000
8.835391601562278e-006	-2.935653e+000
8.845157226562278e-006	-2.826828e+000
8.854922851562277e-006	-2.707735e+000
8.864688476562277e-006	-2.578824e+000
8.874454101562276e-006	-2.440578e+000
8.884219726562276e-006	-2.293520e+000
8.893985351562276e-006	-2.138201e+000
8.903750976562275e-006	-1.975206e+000
8.913516601562275e-006	-1.805149e+000
8.923282226562274e-006	-1.628669e+000
8.933047851562274e-006	-1.446430e+000
8.942813476562274e-006	-1.259119e+000
8.952579101562273e-006	-1.067439e+000
8.962344726562273e-006	-8.721119e-001
8.972110351562272e-006	-6.738731e-001
8.991641601562272e-006	-2.716515e-001
9.011172851562271e-006	1.331781e-001
9.030704101562270e-006	5.345283e-001
9.050235351562269e-006	9.263641e-001
9.069766601562268e-006	1.302794e+000
9.089297851562268e-006	1.658158e+000
9.108829101562267e-006	1.987112e+000
9.128360351562266e-006	2.284711e+000
9.147891601562265e-006	2.546481e+000
9.167422851562264e-006	2.768486e+000
9.186954101562264e-006	2.947389e+000
9.206485351562263e-006	3.080502e+000
9.226016601562262e-006	3.165823e+000
9.245547851562261e-006	3.202072e+000
9.265079101562260e-006	3.188707e+000
9.284610351562260e-006	3.125929e+000
9.294375976562259e-006	3.076278e+000
9.304141601562259e-006	3.014686e+000
9.313907226562258e-006	2.941385e+000
9.323672851562258e-006	2.856652e+000
9.333438476562258e-006	2.760806e+000
9.343204101562257e-006	2.654208e+000
9.352969726562257e-006	2.537259e+000
9.362735351562256e-006	2.410400e+000
9.372500976562256e-006	2.274108e+000
9.382266601562256e-006	2.128897e+000
9.392032226562255e-006	1.975314e+000
9.401797851562255e-006	1.813936e+000
9.411563476562254e-006	1.645373e+000
9.421329101562254e-006	1.470258e+000
9.431094726562254e-006	1.289250e+000
9.440860351562253e-006	1.103032e+000
9.450625976562253e-006	9.123046e-001
9.460391601562252e-006	7.177857e-001
9.470157226562252e-006	5.202080e-001
9.479922851562252e-006	3.203154e-001
9.489688476562251e-006	1.188605e-001
9.499454101562251e-006	-8.339807e-002
9.509219726562250e-006	-2.856988e-001
9.518985351562250e-006	-4.872800e-001
9.528750976562250e-006	-6.873826e-001
9.538516601562249e-006	-8.852532e-001
9.548282226562249e-006	-1.080147e+000
9.558047851562249e-006	-1.271329e+000
9.567813476562248e-006	-1.458081e+000
9.577579101562248e-006	-1.639698e+000
9.587344726562247e-006	-1.815498e+000
9.597110351562247e-006	-1.984817e+000
9.606875976562247e-006	-2.147019e+000
9.616641601562246e-006	-2.301493e+000
9.626407226562246e-006	-2.447657e+000
9.636172851562245e-006	-2.584960e+000
9.645938476562245e-006	-2.712885e+000
9.655704101562245e-006	-2.830950e+000
9.665469726562244e-006	-2.938712e+000
9.675235351562244e-006	-3.035764e+000
9.685000976562243e-006	-3.121739e+000
9.694766601562243e-006	-3.196315e+000
9.704532226562243e-006	-3.259210e+000
9.714297851562242e-006	-3.310188e+000
9.724063476562242e-006	-3.349055e+000
9.733829101562241e-006	-3.375666e+000
9.743594726562241e-006	-3.389920e+000
9.753360351562241e-006	-3.391762e+000
9.763125976562240e-006	-3.381186e+000
9.772891601562240e-006	-3.358232e+000
9.782657226562239e-006	-3.322984e+000
9.792422851562239e-006	-3.275575e+000
9.802188476562239e-006	-3.216185e+000
9.811954101562238e-006	-3.145034e+000
9.821719726562238e-006	-3.062392e+000
9.831485351562237e-006	-2.968569e+000
9.841250976562237e-006	-2.863917e+000
9.851016601562237e-006	-2.748830e+000
9.860782226562236e-006	-2.623742e+000
9.870547851562236e-006	-2.489121e+000
9.880313476562235e-006	-2.345475e+000
9.890079101562235e-006	-2.193345e+000
9.899844726562235e-006	-2.033301e+000
9.909610351562234e-006	-1.865946e+000
9.919375976562234e-006	-1.691911e+000
9.929141601562233e-006	-1.511848e+000
9.938907226562233e-006	-1.326436e+000
9.948672851562233e-006	-1.136372e+000
9.958438476562232e-006	-9.423720e-001
9.968204101562232e-006	-7.451645e-001
9.987735351562231e-006	-3.441051e-001
9.997500976562231e-006	-1.417862e-001
9.999999999999999e-006	-8.992068e-002
