time	V(out)
0.000000000000000e+000	4.617194e+001
4.882812226379360e-014	4.617194e+001
9.765624452758720e-014	4.617194e+001
1.953124890551744e-013	4.617194e+001
3.906249781103488e-013	4.617194e+001
7.812499562206976e-013	4.617194e+001
1.562499912441395e-012	4.617194e+001
3.124999824882790e-012	4.617194e+001
6.249999649765581e-012	4.617194e+001
1.249999929953116e-011	4.617194e+001
2.499999859906232e-011	4.617194e+001
4.999999719812465e-011	4.617194e+001
9.999999439624929e-011	4.617194e+001
1.999999887924986e-010	4.617194e+001
3.999999775849972e-010	4.617194e+001
7.199426452111489e-010	4.617194e+001
1.312946153795480e-009	4.617194e+001
2.180401499338474e-009	4.617195e+001
3.426336150685425e-009	4.617196e+001
5.084721159417898e-009	4.617196e+001
7.320733565235154e-009	4.617197e+001
1.024063127972541e-008	4.617197e+001
1.413494020182681e-008	4.617199e+001
1.901775270182681e-008	4.617200e+001
2.390056520182681e-008	4.617200e+001
2.878337770182681e-008	4.617201e+001
3.366619020182681e-008	4.617202e+001
3.854900270182681e-008	4.617203e+001
4.343181520182681e-008	4.617203e+001
4.831462770182681e-008	4.617204e+001
5.319744020182681e-008	4.617204e+001
5.808025270182681e-008	4.617204e+001
6.296306520182681e-008	4.617205e+001
6.784587770182681e-008	4.617205e+001
7.272869020182681e-008	4.617205e+001
7.761150270182680e-008	4.617205e+001
8.249431520182680e-008	4.617205e+001
8.737712770182680e-008	4.617205e+001
9.225994020182680e-008	4.617205e+001
9.714275270182680e-008	4.617206e+001
1.020255652018268e-007	4.617206e+001
1.069083777018268e-007	4.617206e+001
1.117911902018268e-007	4.617206e+001
1.166740027018268e-007	4.617206e+001
1.215568152018268e-007	4.617206e+001
1.264396277018268e-007	4.617206e+001
1.313224402018268e-007	4.617206e+001
1.362052527018268e-007	4.617206e+001
1.410880652018269e-007	4.617206e+001
1.459708777018269e-007	4.617206e+001
1.508536902018269e-007	4.617206e+001
1.557365027018269e-007	4.617206e+001
1.606193152018269e-007	4.617206e+001
1.655021277018269e-007	4.617206e+001
1.703849402018269e-007	4.617206e+001
1.752677527018269e-007	4.617206e+001
1.801505652018270e-007	4.617206e+001
1.850333777018270e-007	4.617206e+001
1.899161902018270e-007	4.617206e+001
1.947990027018270e-007	4.617206e+001
1.996818152018270e-007	4.617206e+001
2.045646277018270e-007	4.617206e+001
2.094474402018270e-007	4.617206e+001
2.143302527018270e-007	4.617206e+001
2.192130652018271e-007	4.617206e+001
2.240958777018271e-007	4.617206e+001
2.289786902018271e-007	4.617206e+001
2.338615027018271e-007	4.617206e+001
2.387443152018271e-007	4.617206e+001
2.436271277018271e-007	4.617206e+001
2.485099402018271e-007	4.617206e+001
2.533927527018272e-007	4.617206e+001
2.582755652018272e-007	4.617206e+001
2.631583777018272e-007	4.617206e+001
2.680411902018272e-007	4.617206e+001
2.778068152018272e-007	4.617206e+001
2.875724402018272e-007	4.617206e+001
2.973380652018273e-007	4.617206e+001
3.119865027018273e-007	4.617206e+001
3.266349402018273e-007	4.617206e+001
3.384931991303988e-007	4.617206e+001
3.503514580589703e-007	4.617206e+001
3.622097169875417e-007	4.617206e+001
3.740679759161132e-007	4.617206e+001
3.859262348446847e-007	4.617206e+001
3.977844937732561e-007	4.617206e+001
4.096427527018276e-007	4.617206e+001
4.821873955589706e-007	4.617206e+001
5.547320384161138e-007	4.617206e+001
6.272766812732568e-007	4.617206e+001
6.998213241303998e-007	4.617206e+001
7.723659669875429e-007	4.617206e+001
8.449106098446860e-007	4.617206e+001
9.174552527018288e-007	4.617206e+001
1.366674002701830e-006	4.617207e+001
2.577611502701804e-006	4.617207e+001
2.582494315201804e-006	4.617205e+001
2.587377127701804e-006	4.617200e+001
2.592259940201804e-006	4.617183e+001
2.597142752701803e-006	4.617152e+001
2.602025565201803e-006	4.617104e+001
2.606908377701803e-006	4.617038e+001
2.611791190201803e-006	4.616950e+001
2.616674002701803e-006	4.616840e+001
2.621556815201802e-006	4.616707e+001
2.626439627701802e-006	4.616549e+001
2.631322440201802e-006	4.616365e+001
2.636205252701802e-006	4.616154e+001
2.641088065201802e-006	4.615917e+001
2.645970877701801e-006	4.615652e+001
2.650853690201801e-006	4.615358e+001
2.655736502701801e-006	4.615036e+001
2.660619315201801e-006	4.614685e+001
2.665502127701801e-006	4.614304e+001
2.670384940201800e-006	4.613895e+001
2.675267752701800e-006	4.613455e+001
2.685033377701800e-006	4.612485e+001
2.694799002701799e-006	4.611395e+001
2.704564627701799e-006	4.610183e+001
2.714330252701799e-006	4.608848e+001
2.728978690201798e-006	4.606615e+001
2.743627127701797e-006	4.604102e+001
2.758275565201797e-006	4.601309e+001
2.772924002701796e-006	4.598232e+001
2.780596993773224e-006	4.596508e+001
2.788269984844653e-006	4.594704e+001
2.795942975916081e-006	4.592820e+001
2.803615966987509e-006	4.590856e+001
2.811288958058938e-006	4.588811e+001
2.818961949130366e-006	4.586687e+001
2.826634940201794e-006	4.584482e+001
2.831517752701794e-006	4.583036e+001
2.853141636630365e-006	4.576298e+001
2.874765520558935e-006	4.568814e+001
2.896389404487506e-006	4.560584e+001
2.918013288416076e-006	4.551609e+001
2.939637172344647e-006	4.541888e+001
2.961261056273217e-006	4.531421e+001
2.982884940201788e-006	4.520208e+001
3.003113734844644e-006	4.508998e+001
3.023342529487500e-006	4.496818e+001
3.043571324130357e-006	4.483670e+001
3.063800118773213e-006	4.469553e+001
3.084028913416069e-006	4.454467e+001
3.104257708058926e-006	4.438412e+001
3.124486502701782e-006	4.421388e+001
3.144017752701781e-006	4.403916e+001
3.163549002701780e-006	4.384882e+001
3.183080252701780e-006	4.364287e+001
3.202611502701779e-006	4.342131e+001
3.222142752701778e-006	4.318413e+001
3.241674002701777e-006	4.293134e+001
3.261205252701776e-006	4.266293e+001
3.277946324130347e-006	4.241673e+001
3.294687395558918e-006	4.215059e+001
3.311428466987489e-006	4.186450e+001
3.328169538416059e-006	4.155848e+001
3.344910609844630e-006	4.123252e+001
3.361651681273201e-006	4.088662e+001
3.378392752701772e-006	4.052078e+001
3.393041190201771e-006	4.017705e+001
3.407689627701770e-006	3.981308e+001
3.417455252701770e-006	3.955870e+001
3.427220877701770e-006	3.929457e+001
3.436986502701769e-006	3.902039e+001
3.446752127701769e-006	3.873589e+001
3.456517752701768e-006	3.844077e+001
3.466283377701768e-006	3.813475e+001
3.476049002701768e-006	3.781758e+001
3.480931815201767e-006	3.765473e+001
3.485814627701767e-006	3.748899e+001
3.490697440201767e-006	3.732035e+001
3.495580252701767e-006	3.714875e+001
3.500463065201767e-006	3.697418e+001
3.505345877701766e-006	3.679661e+001
3.510228690201766e-006	3.661601e+001
3.515111502701766e-006	3.643235e+001
3.519994315201766e-006	3.624561e+001
3.524877127701766e-006	3.605576e+001
3.529759940201765e-006	3.586279e+001
3.534642752701765e-006	3.566665e+001
3.539525565201765e-006	3.546734e+001
3.544408377701765e-006	3.526483e+001
3.549291190201765e-006	3.505909e+001
3.554174002701764e-006	3.485012e+001
3.559056815201764e-006	3.463788e+001
3.563939627701764e-006	3.442236e+001
3.568822440201764e-006	3.420354e+001
3.573705252701764e-006	3.398140e+001
3.578588065201763e-006	3.375593e+001
3.583470877701763e-006	3.352711e+001
3.588353690201763e-006	3.329492e+001
3.593236502701763e-006	3.305935e+001
3.598119315201763e-006	3.282038e+001
3.603002127701762e-006	3.257800e+001
3.607884940201762e-006	3.233220e+001
3.612767752701762e-006	3.208297e+001
3.617650565201762e-006	3.183028e+001
3.622533377701762e-006	3.157414e+001
3.627416190201761e-006	3.131453e+001
3.632299002701761e-006	3.105144e+001
3.637181815201761e-006	3.078485e+001
3.642064627701761e-006	3.051477e+001
3.646947440201761e-006	3.024118e+001
3.651830252701760e-006	2.996408e+001
3.656713065201760e-006	2.968345e+001
3.661595877701760e-006	2.939929e+001
3.666478690201760e-006	2.911159e+001
3.671361502701760e-006	2.882035e+001
3.676244315201759e-006	2.852556e+001
3.681127127701759e-006	2.822721e+001
3.686009940201759e-006	2.792530e+001
3.690892752701759e-006	2.761983e+001
3.695775565201759e-006	2.731080e+001
3.700658377701758e-006	2.699819e+001
3.705541190201758e-006	2.668201e+001
3.710424002701758e-006	2.636226e+001
3.715306815201758e-006	2.603893e+001
3.720189627701758e-006	2.571202e+001
3.725072440201757e-006	2.538153e+001
3.729955252701757e-006	2.504747e+001
3.734838065201757e-006	2.470983e+001
3.739720877701757e-006	2.436861e+001
3.744603690201757e-006	2.402382e+001
3.749486502701756e-006	2.367547e+001
3.754369315201756e-006	2.332355e+001
3.759252127701756e-006	2.296806e+001
3.764134940201756e-006	2.260903e+001
3.769017752701756e-006	2.224644e+001
3.773900565201755e-006	2.188031e+001
3.778783377701755e-006	2.151065e+001
3.783666190201755e-006	2.113747e+001
3.788549002701755e-006	2.076078e+001
3.793431815201755e-006	2.038058e+001
3.798314627701754e-006	1.999691e+001
3.803197440201754e-006	1.960977e+001
3.808080252701754e-006	1.921917e+001
3.812963065201754e-006	1.882515e+001
3.817845877701754e-006	1.842771e+001
3.822728690201753e-006	1.802689e+001
3.827611502701753e-006	1.762272e+001
3.832494315201753e-006	1.721521e+001
3.837377127701753e-006	1.680442e+001
3.842259940201753e-006	1.639037e+001
3.847142752701753e-006	1.597310e+001
3.852025565201752e-006	1.555266e+001
3.856908377701752e-006	1.512911e+001
3.861791190201752e-006	1.470250e+001
3.866674002701752e-006	1.427289e+001
3.871556815201752e-006	1.384037e+001
3.876439627701751e-006	1.340501e+001
3.881322440201751e-006	1.296691e+001
3.886205252701751e-006	1.252617e+001
3.891088065201751e-006	1.208292e+001
3.895970877701751e-006	1.163729e+001
3.900853690201750e-006	1.118945e+001
3.905736502701750e-006	1.073958e+001
3.910619315201750e-006	1.028789e+001
3.915502127701750e-006	9.834631e+000
3.920384940201750e-006	9.380105e+000
3.925267752701749e-006	8.924658e+000
3.930150565201749e-006	8.468706e+000
3.935033377701749e-006	8.012750e+000
3.939916190201749e-006	7.557395e+000
3.944799002701749e-006	7.103384e+000
3.949681815201748e-006	6.651628e+000
3.954564627701748e-006	6.203265e+000
3.959447440201748e-006	5.759714e+000
3.964330252701748e-006	5.322760e+000
3.969213065201748e-006	4.894639e+000
3.974095877701747e-006	4.478123e+000
3.978978690201747e-006	4.076530e+000
3.983861502701747e-006	3.693562e+000
3.988744315201747e-006	3.332778e+000
3.993627127701747e-006	2.996619e+000
3.998509940201746e-006	2.685313e+000
4.003392752701746e-006	2.396492e+000
4.008275565201746e-006	2.125974e+000
4.013158377701746e-006	1.869146e+000
4.018041190201746e-006	1.621939e+000
4.022924002701745e-006	1.381153e+000
4.027806815201745e-006	1.144414e+000
4.032689627701745e-006	9.102931e-001
4.037572440201745e-006	6.928908e-001
4.042455252701745e-006	5.221871e-001
4.047159433592497e-006	4.126994e-001
4.052042246092497e-006	3.399749e-001
4.056925058592496e-006	2.915471e-001
4.061807871092496e-006	2.584395e-001
4.066690683592496e-006	2.352627e-001
4.071573496092496e-006	2.187636e-001
4.076456308592496e-006	2.068661e-001
4.081339121092495e-006	1.982001e-001
4.086221933592495e-006	1.918303e-001
4.091104746092495e-006	1.871085e-001
4.095987558592495e-006	1.835760e-001
4.100870371092495e-006	1.809068e-001
4.105753183592494e-006	1.788657e-001
4.110635996092494e-006	1.772836e-001
4.115518808592494e-006	1.760371e-001
4.120401621092494e-006	1.750369e-001
4.125284433592494e-006	1.742174e-001
4.130167246092493e-006	1.735310e-001
4.135050058592493e-006	1.729427e-001
4.139932871092493e-006	1.724270e-001
4.144815683592493e-006	1.719649e-001
4.149698496092493e-006	1.715430e-001
4.154581308592492e-006	1.711510e-001
4.159464121092492e-006	1.707816e-001
4.164346933592492e-006	1.704293e-001
4.169229746092492e-006	1.700902e-001
4.174112558592492e-006	1.697613e-001
4.178995371092491e-006	1.694405e-001
4.183878183592491e-006	1.691262e-001
4.188760996092491e-006	1.688172e-001
4.193643808592491e-006	1.685126e-001
4.203409433592490e-006	1.679146e-001
4.213175058592490e-006	1.673287e-001
4.222243138949633e-006	1.667946e-001
4.231311219306775e-006	1.662674e-001
4.240379299663918e-006	1.657472e-001
4.249447380021060e-006	1.652340e-001
4.258515460378203e-006	1.647276e-001
4.267583540735345e-006	1.642282e-001
4.276651621092487e-006	1.637357e-001
4.296182871092487e-006	1.626944e-001
4.347801174663913e-006	1.601064e-001
4.399419478235339e-006	1.576541e-001
4.451037781806766e-006	1.553375e-001
4.502656085378193e-006	1.531566e-001
4.554274388949619e-006	1.511114e-001
4.605892692521045e-006	1.492018e-001
4.657510996092472e-006	1.474279e-001
4.706042494417809e-006	1.458328e-001
4.754573992743146e-006	1.443041e-001
4.803105491068483e-006	1.428418e-001
4.851636989393820e-006	1.414459e-001
4.900168487719156e-006	1.401164e-001
4.948699986044493e-006	1.388533e-001
4.997231484369830e-006	1.376565e-001
4.998539921890511e-006	1.376247e-001
5.000000000000000e-006	1.375886e-001
