time	Id(M1)
0.000000000000000e+000	1.257661e-010
9.765624940649698e-012	-4.437834e-007
1.953124988129940e-011	-8.679862e-007
3.906249976259879e-011	-1.662262e-006
7.812499952519758e-011	-3.162245e-006
1.562499990503952e-010	-6.068242e-006
3.124999981007903e-010	-1.175148e-005
6.249999962015806e-010	-2.270276e-005
1.180775115643149e-009	-4.101514e-005
1.986878997707171e-009	-6.516877e-005
3.152633191696289e-009	-9.565176e-005
4.713459977814556e-009	-1.295252e-004
6.825385808527684e-009	-1.652516e-004
9.585477220643248e-009	-1.989156e-004
1.326192742759337e-008	-2.281320e-004
1.813836697754939e-008	-2.502500e-004
2.484830483324450e-008	-2.646910e-004
3.439222508287573e-008	-2.721772e-004
4.910087366029926e-008	-2.749695e-004
7.451944550154457e-008	-2.755799e-004
1.253565891840352e-007	-2.756739e-004
2.270308765490165e-007	-2.757480e-004
4.303794512789790e-007	-2.757987e-004
8.370766007389041e-007	-2.758687e-004
1.650470899658754e-006	6.340651e-003
2.627033399658755e-006	1.707575e+000
3.247445030438836e-006	6.430821e+000
3.569325859562694e-006	1.122849e+001
3.783268842432384e-006	1.522389e+001
3.970052255673284e-006	1.884306e+001
4.120570661054884e-006	2.168088e+001
4.231745604025418e-006	2.315772e+001
4.287037981843643e-006	2.209686e+001
4.318125553671390e-006	1.993127e+001
4.348533101733493e-006	1.671253e+001
4.360440252581086e-006	1.452594e+001
4.368657167234920e-006	1.268425e+001
4.376982119580700e-006	1.138155e+001
4.384969241839470e-006	1.070705e+001
4.393505610494252e-006	1.035566e+001
4.403311926243393e-006	1.017389e+001
4.417152425905869e-006	1.007191e+001
4.432863012135187e-006	1.003317e+001
4.460560615423777e-006	1.001707e+001
4.491549880662535e-006	1.001336e+001
4.553528411140052e-006	1.001222e+001
4.648375047090522e-006	1.001091e+001
4.810306728099062e-006	1.000913e+001
5.000000000000000e-006	1.000459e+001
5.018969327190095e-006	1.000378e+001
5.056907981570283e-006	1.000151e+001
5.132785290330658e-006	9.999940e+000
5.284539907851409e-006	9.999994e+000
5.501687069197562e-006	9.999994e+000
5.935981391889867e-006	9.999990e+000
6.804570037274478e-006	9.999991e+000
7.781132537274479e-006	9.999991e+000
8.757695037274480e-006	9.999991e+000
9.734257537274481e-006	9.999991e+000
1.071082003727448e-005	9.999991e+000
1.168738253727448e-005	9.999991e+000
1.266394503727448e-005	9.999991e+000
1.364050753727448e-005	9.999991e+000
1.461707003727449e-005	9.999991e+000
1.559363253727449e-005	9.999991e+000
1.657019503727449e-005	9.999991e+000
1.754675753727449e-005	9.999991e+000
1.852332003727449e-005	9.999991e+000
1.949988253727449e-005	9.999991e+000
2.047644503727449e-005	9.999991e+000
2.145300753727449e-005	9.999991e+000
2.242957003727449e-005	9.999991e+000
2.340613253727449e-005	9.999991e+000
2.438269503727449e-005	9.999991e+000
2.535925753727450e-005	9.999991e+000
2.633582003727450e-005	9.999991e+000
2.731238253727450e-005	9.999991e+000
2.828894503727450e-005	9.999991e+000
2.926550753727450e-005	9.999992e+000
3.024207003727450e-005	9.999992e+000
3.121863253727450e-005	9.999991e+000
3.219519503727450e-005	9.999991e+000
3.317175753727450e-005	9.999991e+000
3.414832003727450e-005	9.999991e+000
3.512488253727450e-005	9.999991e+000
3.610144503727450e-005	9.999992e+000
3.707800753727450e-005	9.999992e+000
3.805457003727450e-005	9.999991e+000
3.903113253727450e-005	9.999991e+000
4.000769503727450e-005	9.999991e+000
4.098425753727451e-005	9.999991e+000
4.196082003727451e-005	9.999991e+000
4.293738253727451e-005	9.999991e+000
4.391394503727451e-005	9.999991e+000
4.489050753727451e-005	9.999991e+000
4.586707003727451e-005	9.999991e+000
4.684363253727451e-005	9.999991e+000
4.782019503727451e-005	9.999991e+000
4.879675753727451e-005	9.999991e+000
4.977332003727451e-005	9.999991e+000
5.074988253727451e-005	9.999991e+000
5.172644503727452e-005	9.999992e+000
5.270300753727452e-005	9.999991e+000
5.367957003727452e-005	9.999989e+000
5.402343750000000e-005	9.999992e+000
5.431226507454903e-005	9.999986e+000
5.442234485090194e-005	9.999987e+000
5.464250440360775e-005	9.999993e+000
5.500000000000000e-005	1.000004e+001
5.503574955963923e-005	9.996419e+000
5.510724867891768e-005	9.992702e+000
5.525024691747458e-005	9.990595e+000
5.549633496351736e-005	9.987240e+000
5.590053443673231e-005	9.975109e+000
5.621870717604115e-005	9.949911e+000
5.637057141469904e-005	9.916848e+000
5.646640106238216e-005	9.863315e+000
5.652754459937246e-005	9.768182e+000
5.657742199622696e-005	9.556009e+000
5.662727530755495e-005	9.186088e+000
5.668257281428441e-005	8.682618e+000
5.676226349064585e-005	7.774726e+000
5.680393501631283e-005	7.067072e+000
5.684203043306353e-005	6.259905e+000
5.688113769085415e-005	5.493871e+000
5.695137734161368e-005	4.374473e+000
5.702339170436318e-005	3.438747e+000
5.713264720286589e-005	2.312423e+000
5.732025051269831e-005	1.018586e+000
5.758228506395257e-005	1.635744e-001
5.774862044713406e-005	1.468024e-002
5.795134947232266e-005	1.787396e-003
5.811803605950700e-005	-2.015118e-004
5.829971418306851e-005	4.028596e-004
5.851694897285019e-005	2.362850e-004
5.891751436439603e-005	2.765082e-004
5.922525103233679e-005	2.771720e-004
5.938452666411849e-005	2.807459e-004
5.970307792768190e-005	2.755045e-004
6.000000000000000e-005	6.696236e-004
6.000072712728562e-005	3.925945e-004
6.000218138185687e-005	2.183692e-004
6.000508989099935e-005	1.491432e-004
6.000825975574208e-005	9.577505e-005
6.001114242831802e-005	6.357027e-005
6.001385802217266e-005	4.339571e-005
6.001660102175250e-005	2.958531e-005
6.001936637759688e-005	2.010289e-005
6.002217656988466e-005	1.354829e-005
6.002492880841853e-005	9.197611e-006
6.002775085809142e-005	6.171343e-006
6.003046466461421e-005	4.200890e-006
6.003333797669080e-005	2.784777e-006
6.003598577027832e-005	1.883563e-006
6.003850371413689e-005	1.298660e-006
6.004122417297346e-005	8.598709e-007
6.004361238478021e-005	5.920558e-007
6.004628621161662e-005	3.864447e-007
6.004869678585448e-005	2.596499e-007
6.005109140788163e-005	1.698639e-007
6.005351598685081e-005	1.032654e-007
6.005587930513313e-005	6.438287e-008
6.005849899201979e-005	2.432047e-008
6.006103352206770e-005	1.300559e-008
6.006424849619252e-005	-1.477646e-008
6.006725405128100e-005	-1.217876e-008
6.007174871535508e-005	-3.259766e-008
6.007591791999420e-005	-2.551703e-008
6.008248621832092e-005	-3.743948e-008
6.008941587773821e-005	-2.588394e-008
6.010115152244382e-005	-2.975323e-008
6.011585454272597e-005	-1.713841e-008
6.014376385933911e-005	-1.486495e-008
6.019053703179521e-005	-4.685186e-009
6.028408337670741e-005	-2.096385e-009
6.047117606653181e-005	4.189739e-010
6.084536144618061e-005	-3.509134e-011
6.159373220547821e-005	1.638688e-010
9.935933941095648e-005	3.029679e-010
1.000000000000000e-004	4.005935e-006
1.000014094543108e-004	-4.080973e-005
1.000042283629323e-004	-1.089294e-004
1.000098661801753e-004	-1.965127e-004
1.000141245541770e-004	-2.337210e-004
1.000187574988473e-004	-2.529265e-004
1.000249926007329e-004	-2.649506e-004
1.000351278948997e-004	-2.721713e-004
1.000503922567710e-004	-2.748830e-004
1.000776893533332e-004	-2.754780e-004
1.001322835464576e-004	-2.756318e-004
1.002414719327064e-004	-2.757439e-004
1.004598487052040e-004	-2.758041e-004
1.008966022501992e-004	-2.758790e-004
1.017701093401896e-004	9.147193e-002
1.027466718401896e-004	1.997369e+000
1.032417556048863e-004	6.091398e+000
1.035441078135050e-004	1.075222e+001
1.037554441998715e-004	1.468713e+001
1.039451129240725e-004	1.835938e+001
1.041092884504131e-004	2.148126e+001
1.042227430937596e-004	2.313509e+001
1.042816338429978e-004	2.238485e+001
1.043144782926079e-004	2.024980e+001
1.043436956178431e-004	1.735479e+001
1.043575806235418e-004	1.529862e+001
1.043648609108789e-004	1.372734e+001
1.043752317640201e-004	1.166775e+001
1.043814846872469e-004	1.095133e+001
1.043896661843758e-004	1.049839e+001
1.043983190427735e-004	1.025632e+001
1.044105164978718e-004	1.011192e+001
1.044252745255227e-004	1.004721e+001
1.044452438973760e-004	1.002281e+001
1.044763217728028e-004	1.001467e+001
1.045202665363752e-004	1.001272e+001
1.046081560635199e-004	1.001145e+001
1.047698816479075e-004	1.000956e+001
1.050000000000000e-004	1.000865e+001
1.050230118352093e-004	1.000488e+001
1.050690355056278e-004	1.000119e+001
1.051610828464648e-004	9.999880e+000
1.053451775281387e-004	1.000001e+001
1.056032106104143e-004	9.999982e+000
1.061192767749653e-004	9.999995e+000
1.070958392749653e-004	9.999991e+000
1.080724017749653e-004	9.999992e+000
1.090489642749653e-004	9.999991e+000
1.100255267749653e-004	9.999992e+000
1.110020892749653e-004	9.999991e+000
1.119786517749653e-004	9.999991e+000
1.129552142749653e-004	9.999991e+000
1.139317767749653e-004	9.999992e+000
1.149083392749654e-004	9.999991e+000
1.158849017749654e-004	9.999991e+000
1.168614642749654e-004	9.999991e+000
1.178380267749654e-004	9.999991e+000
1.188145892749654e-004	9.999991e+000
1.197911517749654e-004	9.999991e+000
1.207677142749654e-004	9.999991e+000
1.217442767749654e-004	9.999991e+000
1.227208392749654e-004	9.999991e+000
1.236974017749654e-004	9.999991e+000
1.246739642749654e-004	9.999991e+000
1.256505267749654e-004	9.999991e+000
1.266270892749654e-004	9.999991e+000
1.276036517749654e-004	9.999991e+000
1.285802142749654e-004	9.999991e+000
1.295567767749654e-004	9.999991e+000
1.305333392749654e-004	9.999991e+000
1.315099017749654e-004	9.999991e+000
1.324864642749654e-004	9.999991e+000
1.334630267749654e-004	9.999991e+000
1.344395892749654e-004	9.999992e+000
1.354161517749654e-004	9.999992e+000
1.363927142749654e-004	9.999991e+000
1.373692767749654e-004	9.999991e+000
1.383458392749654e-004	9.999991e+000
1.393224017749654e-004	9.999991e+000
1.402989642749654e-004	9.999992e+000
1.412755267749654e-004	9.999992e+000
1.422520892749654e-004	9.999991e+000
1.432286517749654e-004	9.999991e+000
1.442052142749654e-004	9.999991e+000
1.451817767749654e-004	9.999991e+000
1.461583392749654e-004	9.999991e+000
1.471349017749654e-004	9.999991e+000
1.481114642749654e-004	9.999991e+000
1.490880267749654e-004	9.999991e+000
1.500645892749654e-004	9.999991e+000
1.510411517749654e-004	9.999991e+000
1.520177142749654e-004	9.999991e+000
1.529942767749654e-004	9.999991e+000
1.539708392749654e-004	9.999972e+000
1.540234375000000e-004	9.999981e+000
1.541286339500693e-004	9.999995e+000
1.543390268502078e-004	9.999991e+000
1.545792141997230e-004	9.999992e+000
1.550000000000000e-004	1.000002e+001
1.550420785800277e-004	9.996193e+000
1.551262357400831e-004	9.992402e+000
1.552945500601939e-004	9.990116e+000
1.555657087676801e-004	9.985629e+000
1.560550104887904e-004	9.964881e+000
1.563261046008385e-004	9.925312e+000
1.564679501256393e-004	9.846243e+000
1.565553574060912e-004	9.636011e+000
1.566124612100259e-004	9.295128e+000
1.566764050930349e-004	8.745567e+000
1.567419982981349e-004	8.058693e+000
1.567851292066183e-004	7.424227e+000
1.568185262368100e-004	6.760567e+000
1.568533714713691e-004	6.021031e+000
1.569021391788203e-004	5.128196e+000
1.569760534075517e-004	4.033234e+000
1.570539397844021e-004	3.091481e+000
1.571859521135925e-004	1.879249e+000
1.574227464057999e-004	5.316883e-001
1.576262487508556e-004	7.073920e-002
1.577751603922672e-004	1.181479e-002
1.579593562713843e-004	1.210363e-003
1.581077408905246e-004	-7.555663e-005
1.582805134613686e-004	3.461092e-004
1.585231936761360e-004	2.615406e-004
1.589034931731915e-004	2.778644e-004
1.592964479952613e-004	2.731914e-004
1.600000000000000e-004	-2.004772e-005
1.600018954348022e-004	1.095268e-004
1.600056863044065e-004	1.268299e-004
1.600132680436151e-004	3.495349e-005
1.600148081805237e-004	2.441845e-005
1.600166607599029e-004	1.783652e-005
1.600189842917897e-004	1.163089e-005
1.600216764675518e-004	6.542133e-006
1.600246077508501e-004	2.774575e-006
1.600272906791657e-004	5.009496e-007
1.600300141848467e-004	-9.945621e-007
1.600325736332918e-004	-1.901733e-006
1.600352280755464e-004	-2.492640e-006
1.600376413217575e-004	-2.828870e-006
1.600397038905562e-004	-2.990622e-006
1.600419636760119e-004	-3.079842e-006
1.600440708157919e-004	-3.106145e-006
1.600460214475310e-004	-3.095786e-006
1.600480793540977e-004	-3.062230e-006
1.600504664003183e-004	-2.989837e-006
1.600529442640080e-004	-2.905660e-006
1.600559041522165e-004	-2.781718e-006
1.600591383589726e-004	-2.646627e-006
1.600630713206931e-004	-2.471128e-006
1.600675181735120e-004	-2.283988e-006
1.600728102533459e-004	-2.067458e-006
1.600798786256667e-004	-1.809806e-006
1.600871232357834e-004	-1.576620e-006
1.601016124560168e-004	-1.203130e-006
1.601172145414206e-004	-9.009605e-007
1.601484187122280e-004	-5.326291e-007
1.602037868812935e-004	-1.934609e-007
1.602583428628218e-004	-6.437708e-008
1.603490841843737e-004	-1.293066e-008
1.604706996489184e-004	-7.756474e-010
1.607139305780077e-004	2.441425e-010
1.612003924361863e-004	7.747758e-011
1.621733161525435e-004	1.266748e-010
1.990234375000000e-004	1.399679e-010
2.000000000000000e-004	1.232090e-006
2.000021484391954e-004	-5.747801e-005
2.000064453175863e-004	-1.415220e-004
2.000150390743679e-004	-2.333170e-004
2.000207079429657e-004	-2.594547e-004
2.000272357479326e-004	-2.686114e-004
2.000362907171798e-004	-2.729898e-004
2.000544006556742e-004	-2.750265e-004
2.000861793109661e-004	-2.755295e-004
2.001497366215499e-004	-2.756572e-004
2.002768512427176e-004	-2.757608e-004
2.005310804850531e-004	-2.758162e-004
2.010395389697239e-004	-2.759039e-004
2.020161014697239e-004	5.681750e-001
2.029926639697239e-004	3.831586e+000
2.033683316632071e-004	7.803320e+000
2.036241082019390e-004	1.219776e+001
2.038234199601616e-004	1.599726e+001
2.040077064847272e-004	1.957225e+001
2.041421147563343e-004	2.207104e+001
2.042365339220811e-004	2.322766e+001
2.042869793204864e-004	2.219440e+001
2.043169587751104e-004	2.005626e+001
2.043453538784820e-004	1.723420e+001
2.043581005217276e-004	1.522679e+001
2.043653222520109e-004	1.361262e+001
2.043752946068631e-004	1.167331e+001
2.043818729351304e-004	1.094152e+001
2.043909675274239e-004	1.045574e+001
2.043993239539761e-004	1.023720e+001
2.044123209285043e-004	1.010001e+001
2.044265294088756e-004	1.004417e+001
2.044489467717195e-004	1.002111e+001
2.044786476097074e-004	1.001432e+001
2.045310371557013e-004	1.001258e+001
2.046307061019164e-004	1.001115e+001
2.048006621075697e-004	1.000923e+001
2.050000000000000e-004	1.000781e+001
2.050199337892431e-004	1.000482e+001
2.050598013677291e-004	1.000143e+001
2.051395365247013e-004	9.999918e+000
2.052990068386455e-004	9.999999e+000
2.055255956447950e-004	9.999990e+000
2.059787732570939e-004	9.999991e+000
2.068851284816917e-004	9.999992e+000
2.078616909816917e-004	9.999992e+000
2.088382534816917e-004	9.999991e+000
2.098148159816917e-004	9.999992e+000
2.107913784816917e-004	9.999992e+000
2.117679409816917e-004	9.999992e+000
2.127445034816917e-004	9.999991e+000
2.137210659816917e-004	9.999991e+000
2.146976284816917e-004	9.999991e+000
2.156741909816917e-004	9.999991e+000
2.166507534816917e-004	9.999991e+000
2.176273159816917e-004	9.999991e+000
2.186038784816917e-004	9.999991e+000
2.195804409816917e-004	9.999991e+000
2.205570034816917e-004	9.999991e+000
2.215335659816917e-004	9.999991e+000
2.225101284816917e-004	9.999991e+000
2.234866909816917e-004	9.999991e+000
2.244632534816917e-004	9.999992e+000
2.254398159816917e-004	9.999992e+000
2.264163784816917e-004	9.999991e+000
2.273929409816917e-004	9.999991e+000
2.283695034816917e-004	9.999991e+000
2.293460659816917e-004	9.999991e+000
2.303226284816917e-004	9.999991e+000
2.312991909816917e-004	9.999991e+000
2.322757534816917e-004	9.999992e+000
2.332523159816917e-004	9.999992e+000
2.342288784816917e-004	9.999992e+000
2.352054409816917e-004	9.999992e+000
2.361820034816917e-004	9.999992e+000
2.371585659816917e-004	9.999991e+000
2.381351284816917e-004	9.999991e+000
2.391116909816917e-004	9.999991e+000
2.400882534816917e-004	9.999991e+000
2.410648159816917e-004	9.999991e+000
2.420413784816917e-004	9.999991e+000
2.430179409816917e-004	9.999991e+000
2.439945034816917e-004	9.999991e+000
2.449710659816917e-004	9.999991e+000
2.459476284816917e-004	9.999991e+000
2.469241909816917e-004	9.999991e+000
2.479007534816917e-004	9.999991e+000
2.488773159816917e-004	9.999991e+000
2.498538784816917e-004	9.999991e+000
2.508304409816917e-004	9.999991e+000
2.518070034816917e-004	9.999991e+000
2.527835659816917e-004	9.999991e+000
2.537601284816917e-004	9.999989e+000
2.540234375000000e-004	9.999990e+000
2.544733819633834e-004	9.999992e+000
2.550000000000000e-004	1.000007e+001
2.550526618036617e-004	9.995927e+000
2.551579854109850e-004	9.991971e+000
2.553686326256316e-004	9.989196e+000
2.556826710179723e-004	9.983250e+000
2.560297129420340e-004	9.968799e+000
2.562575506613772e-004	9.944715e+000
2.563897183116964e-004	9.910609e+000
2.564712713973931e-004	9.859851e+000
2.565300532048836e-004	9.762659e+000
2.565786244914660e-004	9.549984e+000
2.566286073786954e-004	9.175081e+000
2.566834934695993e-004	8.672795e+000
2.567652261540063e-004	7.728734e+000
2.568067158204567e-004	7.011281e+000
2.568457833494974e-004	6.181036e+000
2.568856636133686e-004	5.411490e+000
2.569565758316042e-004	4.300653e+000
2.570293761653097e-004	3.368826e+000
2.571433977511280e-004	2.218826e+000
2.573401423479999e-004	8.874805e-001
2.575707217793955e-004	1.468604e-001
2.577253886608654e-004	1.632525e-002
2.579057862992534e-004	3.203386e-003
2.580875753464869e-004	-9.438486e-006
2.582595390584865e-004	3.920796e-004
2.584617867880558e-004	2.419296e-004
2.588662822471943e-004	2.773553e-004
2.592154688992078e-004	2.780868e-004
2.593016266959730e-004	2.796944e-004
2.594739422895033e-004	2.763387e-004
2.596553688129393e-004	2.822356e-004
2.596836405939779e-004	2.804328e-004
2.597401841560551e-004	2.749038e-004
2.598532712802095e-004	2.746244e-004
2.598816084385232e-004	2.748609e-004
2.599382827551506e-004	2.758124e-004
2.600000000000000e-004	7.469742e-004
2.600003484528717e-004	4.276336e-004
2.600010453586151e-004	2.410919e-004
2.600024391701018e-004	2.004926e-004
2.600047334850430e-004	1.483030e-004
2.600074207282732e-004	1.028862e-004
2.600101590963290e-004	7.070183e-005
2.600130714503233e-004	4.737166e-005
2.600157932005301e-004	3.259294e-005
2.600186400372612e-004	2.214092e-005
2.600213392596144e-004	1.540478e-005
2.600242244143319e-004	1.050866e-005
2.600268956275568e-004	7.383200e-006
2.600294851366607e-004	5.306857e-006
2.600322422059790e-004	3.775719e-006
2.600347704682903e-004	2.793261e-006
2.600375131651792e-004	2.037351e-006
2.600398282593265e-004	1.590741e-006
2.600424929598923e-004	1.250886e-006
2.600451489686178e-004	9.971899e-007
2.600475857373380e-004	8.277543e-007
2.600502604697827e-004	6.762831e-007
2.600528607723634e-004	6.050033e-007
2.600561583942196e-004	4.919817e-007
2.600592110838395e-004	4.559348e-007
2.600634916655887e-004	3.649326e-007
2.600676152416407e-004	3.492689e-007
2.600741831406237e-004	2.693400e-007
2.600808718599734e-004	2.537690e-007
2.600927308069421e-004	1.794158e-007
2.601069507033564e-004	1.517706e-007
2.601349632297422e-004	8.236093e-008
2.601799781424101e-004	4.481429e-008
2.602700079677460e-004	9.318531e-009
2.604500676184177e-004	1.414416e-009
2.608101869197611e-004	-3.716802e-010
2.615304255224480e-004	2.514721e-010
2.625069880224480e-004	1.243734e-010
2.722726130224480e-004	1.252829e-010
2.986398005224480e-004	-3.645516e-010
2.992327260448961e-004	7.176887e-010
2.995814229102079e-004	-2.254253e-011
3.000000000000000e-004	-9.905272e-006
3.000009208723274e-004	-3.302711e-005
3.000027626169821e-004	-8.241643e-005
3.000047354806944e-004	-1.284705e-004
3.000065168867038e-004	-1.598447e-004
3.000093281920665e-004	-1.954827e-004
3.000126657575744e-004	-2.237050e-004
3.000176301714158e-004	-2.479939e-004
3.000238400912162e-004	-2.629320e-004
3.000332681735265e-004	-2.713841e-004
3.000467910019688e-004	-2.746090e-004
3.000709932928335e-004	-2.754217e-004
3.001192818698961e-004	-2.756081e-004
3.002158590240215e-004	-2.757277e-004
3.004090133322723e-004	-2.757948e-004
3.007953219487738e-004	-2.758614e-004
3.015679391817767e-004	-2.759964e-004
3.025445016817767e-004	1.690938e+000
3.032693284762290e-004	6.259939e+000
3.033724671301807e-004	7.629654e+000
3.035787444380842e-004	1.134004e+001
3.037677804377207e-004	1.492403e+001
3.039985679459404e-004	1.939602e+001
3.041515384731175e-004	2.221024e+001
3.042480012542761e-004	2.312803e+001
3.042963814982240e-004	2.157992e+001
3.043243540708358e-004	1.933110e+001
3.043512320835533e-004	1.641634e+001
3.043625601295199e-004	1.423893e+001
3.043715734854033e-004	1.223604e+001
3.043790765999311e-004	1.120373e+001
3.043876848523800e-004	1.059391e+001
3.043961053741970e-004	1.030170e+001
3.044067880426326e-004	1.014240e+001
3.044211122870296e-004	1.005895e+001
3.044379081454415e-004	1.002815e+001
3.044680135856858e-004	1.001574e+001
3.045008624744637e-004	1.001306e+001
3.045665602520194e-004	1.001202e+001
3.046734759164090e-004	1.001058e+001
3.047861686712209e-004	1.000934e+001
3.050000000000000e-004	1.000352e+001
3.050213831328780e-004	1.000324e+001
3.050641493986338e-004	1.000130e+001
3.051496819301454e-004	9.999903e+000
3.053112240218628e-004	1.000000e+001
3.055551666433259e-004	9.999988e+000
3.060430518862522e-004	9.999992e+000
3.070188223721048e-004	9.999991e+000
3.079953848721048e-004	9.999992e+000
3.089719473721048e-004	9.999991e+000
3.099485098721048e-004	9.999992e+000
3.109250723721048e-004	9.999991e+000
3.119016348721048e-004	9.999991e+000
3.128781973721048e-004	9.999991e+000
3.138547598721048e-004	9.999991e+000
3.148313223721048e-004	9.999991e+000
3.158078848721048e-004	9.999991e+000
3.167844473721048e-004	9.999991e+000
3.177610098721048e-004	9.999992e+000
3.187375723721048e-004	9.999991e+000
3.197141348721048e-004	9.999991e+000
3.206906973721048e-004	9.999991e+000
3.216672598721048e-004	9.999991e+000
3.226438223721048e-004	9.999991e+000
3.236203848721048e-004	9.999991e+000
3.245969473721048e-004	9.999991e+000
3.255735098721048e-004	9.999991e+000
3.265500723721048e-004	9.999991e+000
3.275266348721048e-004	9.999991e+000
3.285031973721048e-004	9.999991e+000
3.294797598721048e-004	9.999991e+000
3.304563223721048e-004	9.999991e+000
3.314328848721048e-004	9.999991e+000
3.324094473721048e-004	9.999991e+000
3.333860098721048e-004	9.999991e+000
3.343625723721048e-004	9.999991e+000
3.353391348721048e-004	9.999992e+000
3.363156973721048e-004	9.999992e+000
3.372922598721048e-004	9.999991e+000
3.382688223721048e-004	9.999991e+000
3.392453848721048e-004	9.999991e+000
3.402219473721048e-004	9.999991e+000
3.411985098721049e-004	9.999991e+000
3.421750723721049e-004	9.999991e+000
3.431516348721049e-004	9.999991e+000
3.441281973721049e-004	9.999991e+000
3.451047598721049e-004	9.999991e+000
3.460813223721049e-004	9.999991e+000
3.470578848721049e-004	9.999991e+000
3.480344473721049e-004	9.999992e+000
3.490110098721049e-004	9.999992e+000
3.499875723721049e-004	9.999991e+000
3.509641348721049e-004	9.999991e+000
3.519406973721049e-004	9.999991e+000
3.529172598721049e-004	9.999991e+000
3.538938223721049e-004	9.999983e+000
3.540234375000001e-004	9.999987e+000
3.542826677557905e-004	9.999990e+000
3.544815394884192e-004	9.999993e+000
3.546022565347425e-004	9.999993e+000
3.547585659073535e-004	9.999990e+000
3.550000000000000e-004	9.999950e+000
3.550241434092647e-004	9.996951e+000
3.550724302277940e-004	9.993446e+000
3.551690038648526e-004	9.991402e+000
3.553621511389699e-004	9.989434e+000
3.556277456872891e-004	9.984394e+000
3.560636903333040e-004	9.966482e+000
3.562492084274478e-004	9.947332e+000
3.563693783840361e-004	9.919636e+000
3.564482266274407e-004	9.879802e+000
3.565120635961231e-004	9.805039e+000
3.565621048547895e-004	9.639355e+000
3.566086972378363e-004	9.334181e+000
3.566656584435795e-004	8.846298e+000
3.567315619268814e-004	8.187373e+000
3.567763587786724e-004	7.578331e+000
3.568108992667227e-004	6.926285e+000
3.568463850699646e-004	6.167204e+000
3.568884239785808e-004	5.362205e+000
3.569588907634220e-004	4.267280e+000
3.570320531305257e-004	3.337901e+000
3.571486146058484e-004	2.174926e+000
3.573503382635335e-004	8.371763e-001
3.575778142577953e-004	1.357597e-001
3.577311699965527e-004	1.608917e-002
3.579340397406382e-004	2.411684e-003
3.581206587113183e-004	-8.521985e-005
3.582920099924260e-004	4.581405e-004
3.585084652522556e-004	2.313842e-004
3.588954224524421e-004	2.810104e-004
3.593255448155252e-004	2.717412e-004
3.600000000000000e-004	-2.862695e-005
3.600022801645758e-004	1.151561e-004
3.600068404937274e-004	1.202818e-004
3.600126206461245e-004	3.878417e-005
3.600141888071233e-004	2.610711e-005
3.600162472535044e-004	1.623376e-005
3.600187351725047e-004	7.485248e-006
3.600213837253569e-004	1.068297e-006
3.600242217305255e-004	-3.478609e-006
3.600268124717548e-004	-6.141748e-006
3.600294306327307e-004	-7.810660e-006
3.600318467336834e-004	-8.752346e-006
3.600339520134677e-004	-9.215465e-006
3.600358888578929e-004	-9.443085e-006
3.600376048679762e-004	-9.515007e-006
3.600393148226619e-004	-9.500646e-006
3.600410631413902e-004	-9.426585e-006
3.600431154637659e-004	-9.259278e-006
3.600458302694050e-004	-8.992442e-006
3.600487046558534e-004	-8.646723e-006
3.600523742674683e-004	-8.175122e-006
3.600562632800200e-004	-7.653224e-006
3.600617943633596e-004	-6.932857e-006
3.600669775392844e-004	-6.294626e-006
3.600746470463125e-004	-5.446138e-006
3.600826398400137e-004	-4.685552e-006
3.600986254274161e-004	-3.463605e-006
3.601134754548946e-004	-2.621801e-006
3.601431755098516e-004	-1.527056e-006
3.601757884693639e-004	-8.025282e-007
3.602104255761768e-004	-4.097348e-007
3.602548367386621e-004	-1.775724e-007
3.603107852475488e-004	-6.521491e-008
3.604075805260468e-004	-1.228752e-008
3.605444399674752e-004	-3.292560e-010
3.608181588503319e-004	2.249105e-010
3.613655966160454e-004	8.763991e-011
3.623421591160454e-004	1.261355e-010
3.990234375000000e-004	1.582473e-010
4.000000000000000e-004	1.261211e-006
4.000021484391939e-004	-5.746822e-005
4.000064453175818e-004	-1.415220e-004
4.000150390743576e-004	-2.333170e-004
4.000207079373500e-004	-2.594547e-004
4.000272357442833e-004	-2.686114e-004
4.000362907090458e-004	-2.729898e-004
4.000544006385709e-004	-2.750265e-004
4.000861792732099e-004	-2.755295e-004
4.001497365424878e-004	-2.756572e-004
4.002768510810438e-004	-2.757608e-004
4.005310801581556e-004	-2.758162e-004
4.010395383123794e-004	-2.759039e-004
4.020161008123794e-004	5.681732e-001
4.029926633123794e-004	3.831579e+000
4.033683309959764e-004	7.803309e+000
4.036241075127125e-004	1.219775e+001
4.038234193522563e-004	1.599725e+001
4.040077059960768e-004	1.957224e+001
4.041421145336290e-004	2.207104e+001
4.042365339191869e-004	2.322765e+001
4.042869793682422e-004	2.219440e+001
4.043169588267097e-004	2.005626e+001
4.043453539460399e-004	1.723419e+001
4.043581005645191e-004	1.522678e+001
4.043653223026328e-004	1.361261e+001
4.043752946483920e-004	1.167330e+001
4.043818730199654e-004	1.094152e+001
4.043909675870511e-004	1.045573e+001
4.043993240427819e-004	1.023720e+001
4.044123210228118e-004	1.010001e+001
4.044265295503702e-004	1.004417e+001
4.044489469823108e-004	1.002111e+001
4.044786478810833e-004	1.001432e+001
4.045310378219663e-004	1.001258e+001
4.046307067259487e-004	1.001115e+001
4.048006621920352e-004	1.000923e+001
4.050000000000000e-004	1.000781e+001
4.050199337807965e-004	1.000482e+001
4.050598013423895e-004	1.000143e+001
4.051395364655754e-004	9.999918e+000
4.052990067119472e-004	9.999999e+000
4.055255954363933e-004	9.999990e+000
4.059787728852854e-004	9.999991e+000
4.068851277830698e-004	9.999992e+000
4.078616902830698e-004	9.999992e+000
4.088382527830698e-004	9.999991e+000
4.098148152830698e-004	9.999992e+000
4.107913777830698e-004	9.999992e+000
4.117679402830698e-004	9.999992e+000
4.127445027830698e-004	9.999991e+000
4.137210652830698e-004	9.999991e+000
4.146976277830698e-004	9.999991e+000
4.156741902830698e-004	9.999991e+000
4.166507527830698e-004	9.999991e+000
4.176273152830698e-004	9.999991e+000
4.186038777830698e-004	9.999991e+000
4.195804402830698e-004	9.999991e+000
4.205570027830698e-004	9.999991e+000
4.215335652830698e-004	9.999991e+000
4.225101277830698e-004	9.999991e+000
4.234866902830698e-004	9.999991e+000
4.244632527830698e-004	9.999992e+000
4.254398152830698e-004	9.999992e+000
4.264163777830698e-004	9.999991e+000
4.273929402830698e-004	9.999991e+000
4.283695027830698e-004	9.999991e+000
4.293460652830698e-004	9.999991e+000
4.303226277830698e-004	9.999991e+000
4.312991902830698e-004	9.999991e+000
4.322757527830698e-004	9.999992e+000
4.332523152830698e-004	9.999992e+000
4.342288777830698e-004	9.999992e+000
4.352054402830698e-004	9.999992e+000
4.361820027830698e-004	9.999992e+000
4.371585652830698e-004	9.999991e+000
4.381351277830698e-004	9.999991e+000
4.391116902830698e-004	9.999991e+000
4.400882527830698e-004	9.999991e+000
4.410648152830698e-004	9.999991e+000
4.420413777830698e-004	9.999991e+000
4.430179402830698e-004	9.999991e+000
4.439945027830698e-004	9.999991e+000
4.449710652830698e-004	9.999991e+000
4.459476277830698e-004	9.999991e+000
4.469241902830698e-004	9.999991e+000
4.479007527830698e-004	9.999991e+000
4.488773152830698e-004	9.999991e+000
4.498538777830698e-004	9.999991e+000
4.508304402830698e-004	9.999991e+000
4.518070027830698e-004	9.999991e+000
4.527835652830698e-004	9.999991e+000
4.537601277830698e-004	9.999989e+000
4.540234375000001e-004	9.999990e+000
4.544733805661396e-004	9.999992e+000
4.550000000000000e-004	1.000007e+001
4.550526619433861e-004	9.995927e+000
4.551579858301582e-004	9.991971e+000
4.553686336037023e-004	9.989196e+000
4.556826725664499e-004	9.983250e+000
4.560297134417731e-004	9.968799e+000
4.562575503319696e-004	9.944715e+000
4.563897178472449e-004	9.910609e+000
4.564712708346985e-004	9.859852e+000
4.565300527209304e-004	9.762661e+000
4.565786240331241e-004	9.549987e+000
4.566286067476144e-004	9.175086e+000
4.566834927921087e-004	8.672802e+000
4.567652248554349e-004	7.728754e+000
4.568067146318593e-004	7.011304e+000
4.568457817283582e-004	6.181070e+000
4.568856616551026e-004	5.411526e+000
4.569565734934631e-004	4.300686e+000
4.570293734158170e-004	3.368858e+000
4.571433928487818e-004	2.218868e+000
4.573401331753473e-004	8.875271e-001
4.575707156216352e-004	1.468704e-001
4.577253838203129e-004	1.632562e-002
4.579057766478608e-004	3.203703e-003
4.580875620251170e-004	-9.432983e-006
4.582595296687560e-004	3.920535e-004
4.584617684466425e-004	2.419321e-004
4.588662460024154e-004	2.773554e-004
4.592154177311527e-004	2.780837e-004
4.593016565425254e-004	2.796913e-004
4.594741341652709e-004	2.763285e-004
4.596550447545091e-004	2.822437e-004
4.596832567441946e-004	2.804405e-004
4.597396807235655e-004	2.749041e-004
4.598525286823074e-004	2.746653e-004
4.598816711547745e-004	2.748848e-004
4.599399560997087e-004	2.757913e-004
4.600000000000000e-004	7.469855e-004
4.600003537565665e-004	4.273653e-004
4.600010612696995e-004	2.406047e-004
4.600024762959654e-004	1.995540e-004
4.600047851934741e-004	1.472904e-004
4.600074752853940e-004	1.021248e-004
4.600102130061859e-004	7.018076e-005
4.600131225467605e-004	4.704288e-005
4.600158451106083e-004	3.236586e-005
4.600186914691575e-004	2.198929e-005
4.600213916212151e-004	1.529848e-005
4.600242758876820e-004	1.043843e-005
4.600269479485703e-004	7.334427e-006
4.600295386978666e-004	5.271967e-006
4.600322960436348e-004	3.751738e-006
4.600348258323968e-004	2.775863e-006
4.600375690135399e-004	2.025530e-006
4.600398866535208e-004	1.581729e-006
4.600425525368192e-004	1.243784e-006
4.600452056222837e-004	9.923065e-007
4.600476414682612e-004	8.241067e-007
4.600503132511862e-004	6.739227e-007
4.600529107415539e-004	6.029991e-007
4.600562038364649e-004	4.908715e-007
4.600592514120063e-004	4.548369e-007
4.600635219549118e-004	3.645480e-007
4.600676348078140e-004	3.487712e-007
4.600741826018434e-004	2.693826e-007
4.600808447776318e-004	2.537047e-007
4.600926512276465e-004	1.797524e-007
4.601067862905242e-004	1.521016e-007
4.601346184803339e-004	8.288286e-008
4.601792300772319e-004	4.526995e-008
4.602684532710278e-004	9.573644e-009
4.604468996586195e-004	1.452160e-009
4.608037924338030e-004	-3.750150e-010
4.615175779841701e-004	2.552556e-010
4.624941404841701e-004	1.236913e-010
4.634707029841701e-004	1.275566e-010
4.986269529841700e-004	-3.324261e-010
4.992070309683401e-004	9.592137e-010
4.995742179050202e-004	1.088570e-011
5.000000000000000e-004	-9.781316e-006
5.000009367232980e-004	-3.342031e-005
5.000028101698939e-004	-8.349253e-005
5.000048383979837e-004	-1.303911e-004
5.000066645975417e-004	-1.620688e-004
5.000095129978028e-004	-1.973969e-004
5.000129101203092e-004	-2.253142e-004
5.000179546900221e-004	-2.490966e-004
5.000242944725759e-004	-2.636136e-004
5.000339282090279e-004	-2.716857e-004
5.000478406527381e-004	-2.747027e-004
5.000729283021620e-004	-2.754394e-004
5.001231036010099e-004	-2.756156e-004
5.002234541987058e-004	-2.757329e-004
5.004241553940976e-004	-2.757977e-004
5.008255577848811e-004	-2.758666e-004
5.016283625664482e-004	1.361843e-003
5.026049250664482e-004	1.691313e+000
5.032520769930315e-004	6.556564e+000
5.035781413460160e-004	1.139445e+001
5.037949152987843e-004	1.544917e+001
5.039811593779072e-004	1.905832e+001
5.041259754311803e-004	2.177519e+001
5.042357133147040e-004	2.315478e+001
5.042893538901246e-004	2.195986e+001
5.043196932657813e-004	1.976052e+001
5.043492355697139e-004	1.660957e+001
5.043609233761795e-004	1.442133e+001
5.043693756311929e-004	1.252632e+001
5.043773558376251e-004	1.133725e+001
5.043862813136205e-004	1.063583e+001
5.043944290200711e-004	1.032618e+001
5.044049293530562e-004	1.015486e+001
5.044186148865724e-004	1.006544e+001
5.044353679851553e-004	1.003036e+001
5.044636373023458e-004	1.001638e+001
5.044963939392853e-004	1.001323e+001
5.045619072131641e-004	1.001209e+001
5.046600124580686e-004	1.001076e+001
5.048037895101911e-004	1.000918e+001
5.050000000000000e-004	1.000411e+001
5.050196210489809e-004	1.000356e+001
5.050588631469427e-004	1.000144e+001
5.051373473428662e-004	9.999928e+000
5.052943157347133e-004	9.999997e+000
5.055179002063150e-004	9.999992e+000
5.059650691495185e-004	9.999990e+000
5.068594070359254e-004	9.999991e+000
5.078359695359254e-004	9.999991e+000
5.088125320359254e-004	9.999991e+000
5.097890945359254e-004	9.999991e+000
5.107656570359254e-004	9.999991e+000
5.117422195359254e-004	9.999991e+000
5.127187820359254e-004	9.999991e+000
5.136953445359254e-004	9.999991e+000
5.146719070359254e-004	9.999991e+000
5.156484695359254e-004	9.999991e+000
5.166250320359254e-004	9.999991e+000
5.176015945359254e-004	9.999991e+000
5.185781570359254e-004	9.999991e+000
5.195547195359254e-004	9.999991e+000
5.205312820359254e-004	9.999991e+000
5.215078445359254e-004	9.999992e+000
5.224844070359254e-004	9.999992e+000
5.234609695359254e-004	9.999991e+000
5.244375320359254e-004	9.999991e+000
5.254140945359254e-004	9.999991e+000
5.263906570359254e-004	9.999991e+000
5.273672195359254e-004	9.999991e+000
5.283437820359254e-004	9.999991e+000
5.293203445359254e-004	9.999991e+000
5.302969070359254e-004	9.999991e+000
5.312734695359254e-004	9.999991e+000
5.322500320359254e-004	9.999991e+000
5.332265945359254e-004	9.999991e+000
5.342031570359254e-004	9.999991e+000
5.351797195359254e-004	9.999991e+000
5.361562820359254e-004	9.999991e+000
5.371328445359254e-004	9.999991e+000
5.381094070359254e-004	9.999991e+000
5.390859695359254e-004	9.999991e+000
5.400625320359254e-004	9.999991e+000
5.410390945359254e-004	9.999992e+000
5.420156570359254e-004	9.999992e+000
5.429922195359254e-004	9.999991e+000
5.439687820359254e-004	9.999991e+000
5.449453445359254e-004	9.999991e+000
5.459219070359254e-004	9.999991e+000
5.468984695359254e-004	9.999991e+000
5.478750320359254e-004	9.999991e+000
5.488515945359254e-004	9.999991e+000
5.498281570359254e-004	9.999991e+000
5.508047195359254e-004	9.999991e+000
5.517812820359254e-004	9.999991e+000
5.527578445359254e-004	9.999991e+000
5.537344070359254e-004	9.999989e+000
5.540234375000001e-004	9.999990e+000
5.544219390718508e-004	9.999992e+000
5.550000000000001e-004	1.000007e+001
5.550578060928150e-004	9.995815e+000
5.551734182784448e-004	9.991776e+000
5.554046426497045e-004	9.988681e+000
5.557397634962328e-004	9.981748e+000
5.560466364311319e-004	9.968542e+000
5.562273578088709e-004	9.951148e+000
5.563408704171709e-004	9.927275e+000
5.564505660253597e-004	9.876640e+000
5.565142204667594e-004	9.799473e+000
5.565662029163151e-004	9.616699e+000
5.566138355406320e-004	9.294117e+000
5.566705541543210e-004	8.800456e+000
5.567390469794251e-004	8.096486e+000
5.567827459365490e-004	7.470245e+000
5.568162190196546e-004	6.814382e+000
5.568505838713086e-004	6.080906e+000
5.568968569275502e-004	5.217861e+000
5.569689438559354e-004	4.128992e+000
5.570446674841209e-004	3.194468e+000
5.571699134964945e-004	2.002741e+000
5.573933132171312e-004	6.461855e-001
5.576073014841730e-004	9.434435e-002
5.577571960592009e-004	1.356368e-002
5.579482805517768e-004	1.481024e-003
5.580952768467636e-004	-2.065074e-004
5.582746982489174e-004	3.555017e-004
5.584951853253210e-004	2.520471e-004
5.589084741194279e-004	2.747794e-004
5.591734224117863e-004	2.731537e-004
5.594701034152832e-004	2.775117e-004
5.600000000000001e-004	6.222477e-004
5.600010126085806e-004	3.615350e-004
5.600030378257417e-004	1.910319e-004
5.600070882600638e-004	1.118274e-004
5.600096426705305e-004	7.757172e-005
5.600120394054322e-004	5.670614e-005
5.600147718612293e-004	4.012045e-005
5.600176234224916e-004	2.810134e-005
5.600204576656814e-004	1.995844e-005
5.600232663894580e-004	1.446173e-005
5.600260509441085e-004	1.073403e-005
5.600289048973746e-004	8.099709e-006
5.600316994500422e-004	6.317975e-006
5.600346474542914e-004	5.005490e-006
5.600374385509329e-004	4.125153e-006
5.600402225405936e-004	3.494570e-006
5.600431602855070e-004	3.011277e-006
5.600460144328722e-004	2.656497e-006
5.600490939604420e-004	2.367889e-006
5.600519854349584e-004	2.151215e-006
5.600552681163131e-004	1.964016e-006
5.600587347618643e-004	1.792893e-006
5.600621175707046e-004	1.662451e-006
5.600666932554880e-004	1.495929e-006
5.600708761485353e-004	1.378270e-006
5.600778062016140e-004	1.190205e-006
5.600843873199082e-004	1.054238e-006
5.600975495564966e-004	8.138822e-007
5.601114814686117e-004	6.321972e-007
5.601393452928417e-004	3.835534e-007
5.601799081017180e-004	1.952457e-007
5.602610337194705e-004	5.350125e-008
5.603855154487106e-004	5.580963e-009
5.606344789071907e-004	-3.656927e-010
5.611324058241509e-004	2.905773e-010
5.621089683241509e-004	1.219291e-010
5.630855308241509e-004	1.290346e-010
5.640620933241509e-004	1.226681e-010
5.650386558241509e-004	1.279545e-010
5.660152183241509e-004	1.242029e-010
5.990234375000001e-004	9.977101e-011
6.000000000000001e-004	-3.177456e-006
6.000021484393856e-004	-5.895870e-005
6.000064453181565e-004	-1.415221e-004
6.000150390756984e-004	-2.333160e-004
6.000207086622448e-004	-2.594561e-004
6.000272362150592e-004	-2.686119e-004
6.000362917594682e-004	-2.729901e-004
6.000544028482863e-004	-2.750266e-004
6.000861841596466e-004	-2.755295e-004
6.001497467823671e-004	-2.756572e-004
6.002768720278080e-004	-2.757608e-004
6.005311225186898e-004	-2.758162e-004
6.010396235004536e-004	-2.759039e-004
6.020161860004536e-004	5.683966e-001
6.029927485004536e-004	3.832555e+000
6.033684174652498e-004	7.804725e+000
6.036241968329734e-004	1.219942e+001
6.038234981366560e-004	1.599877e+001
6.040077693217457e-004	1.957346e+001
6.041421434024923e-004	2.207156e+001
6.042365343090424e-004	2.322777e+001
6.042869731915958e-004	2.219484e+001
6.043169521496802e-004	2.005676e+001
6.043453451986182e-004	1.723522e+001
6.043580950253187e-004	1.522819e+001
6.043653157515481e-004	1.361438e+001
6.043752892756617e-004	1.167398e+001
6.043818620367689e-004	1.094236e+001
6.043909598739161e-004	1.045604e+001
6.043993125508824e-004	1.023740e+001
6.044123088270979e-004	1.010009e+001
6.044265112414482e-004	1.004420e+001
6.044489197520382e-004	1.002113e+001
6.044786127719663e-004	1.001432e+001
6.045309517055738e-004	1.001258e+001
6.046306260072221e-004	1.001115e+001
6.048006513967034e-004	1.000923e+001
6.050000000000001e-004	1.000782e+001
6.050199348603297e-004	1.000482e+001
6.050598045809891e-004	1.000143e+001
6.051395440223078e-004	9.999919e+000
6.052990229049451e-004	9.999999e+000
6.055256220675024e-004	9.999990e+000
6.059788203926170e-004	9.999991e+000
6.068852170428461e-004	9.999992e+000
6.078617795428461e-004	9.999992e+000
6.088383420428461e-004	9.999991e+000
6.098149045428461e-004	9.999992e+000
6.107914670428461e-004	9.999992e+000
6.117680295428461e-004	9.999992e+000
6.127445920428461e-004	9.999991e+000
6.137211545428461e-004	9.999991e+000
6.146977170428461e-004	9.999991e+000
6.156742795428461e-004	9.999991e+000
6.166508420428461e-004	9.999991e+000
6.176274045428461e-004	9.999991e+000
6.186039670428461e-004	9.999991e+000
6.195805295428461e-004	9.999991e+000
6.205570920428461e-004	9.999991e+000
6.215336545428461e-004	9.999991e+000
6.225102170428461e-004	9.999991e+000
6.234867795428461e-004	9.999991e+000
6.244633420428461e-004	9.999991e+000
6.254399045428461e-004	9.999991e+000
6.264164670428461e-004	9.999991e+000
6.273930295428461e-004	9.999991e+000
6.283695920428461e-004	9.999991e+000
6.293461545428461e-004	9.999991e+000
6.303227170428461e-004	9.999991e+000
6.312992795428461e-004	9.999991e+000
6.322758420428461e-004	9.999992e+000
6.332524045428461e-004	9.999992e+000
6.342289670428461e-004	9.999992e+000
6.352055295428461e-004	9.999992e+000
6.361820920428461e-004	9.999992e+000
6.371586545428461e-004	9.999991e+000
6.381352170428461e-004	9.999991e+000
6.391117795428461e-004	9.999991e+000
6.400883420428461e-004	9.999991e+000
6.410649045428461e-004	9.999991e+000
6.420414670428461e-004	9.999991e+000
6.430180295428461e-004	9.999991e+000
6.439945920428461e-004	9.999991e+000
6.449711545428461e-004	9.999991e+000
6.459477170428461e-004	9.999991e+000
6.469242795428461e-004	9.999991e+000
6.479008420428461e-004	9.999991e+000
6.488774045428461e-004	9.999991e+000
6.498539670428461e-004	9.999991e+000
6.508305295428461e-004	9.999991e+000
6.518070920428461e-004	9.999991e+000
6.527836545428461e-004	9.999991e+000
6.537602170428461e-004	9.999989e+000
6.540234375000001e-004	9.999990e+000
6.544735590856922e-004	9.999992e+000
6.550000000000001e-004	1.000007e+001
6.550526440914308e-004	9.995927e+000
6.551579322742925e-004	9.991971e+000
6.553685086400157e-004	9.989197e+000
6.556824747253820e-004	9.983254e+000
6.560296495795508e-004	9.968801e+000
6.562575923559768e-004	9.944704e+000
6.563897771311102e-004	9.910580e+000
6.564713426732590e-004	9.859776e+000
6.565301145256304e-004	9.762479e+000
6.565786825744938e-004	9.549623e+000
6.566286874040137e-004	9.174412e+000
6.566835794345314e-004	8.671916e+000
6.567653909438680e-004	7.726158e+000
6.568068666412159e-004	7.008236e+000
6.568459891995853e-004	6.176727e+000
6.568859123533691e-004	5.407010e+000
6.569568733917886e-004	4.296470e+000
6.570297264581699e-004	3.364762e+000
6.571440220312702e-004	2.213486e+000
6.573413112349169e-004	8.815553e-001
6.575715056622699e-004	1.455782e-001
6.577260057027305e-004	1.627706e-002
6.579070219063302e-004	3.163217e-003
6.580892863882010e-004	-1.004663e-005
6.582607533026422e-004	3.954316e-004
6.584641515307146e-004	2.416158e-004
6.588709479868596e-004	2.773527e-004
6.592218957673853e-004	2.784806e-004
6.592981044389487e-004	2.801058e-004
6.594505217820756e-004	2.775007e-004
6.596951653137464e-004	2.819512e-004
6.597261342041978e-004	2.800191e-004
6.597880719851006e-004	2.751939e-004
6.598761244381944e-004	8.317002e-005
6.598761701211144e-004	1.536464e-004
6.598762614869542e-004	2.852834e-004
6.598764442186338e-004	2.692152e-004
6.598768096819930e-004	2.740447e-004
6.598775406087115e-004	2.725017e-004
6.598790024621484e-004	2.737697e-004
6.598819261690222e-004	2.740617e-004
6.598877735827698e-004	2.750015e-004
6.598994684102651e-004	2.754792e-004
6.599228580652558e-004	2.757375e-004
6.599532206900189e-004	2.757320e-004
6.600000000000001e-004	2.444756e-004
6.600004080266946e-004	2.507750e-004
6.600012240800836e-004	2.349620e-004
6.600028561868617e-004	1.906232e-004
6.600058799279551e-004	1.279856e-004
6.600088408863574e-004	8.481582e-005
6.600117945028631e-004	5.621060e-005
6.600144534280239e-004	3.892740e-005
6.600172704376062e-004	2.654581e-005
6.600199955983506e-004	1.836281e-005
6.600228380510371e-004	1.256605e-005
6.600255839331572e-004	8.752620e-006
6.600284103758767e-004	6.086153e-006
6.600311665073706e-004	4.312724e-006
6.600339972380239e-004	3.070813e-006
6.600367672614831e-004	2.239297e-006
6.600396177558516e-004	1.652675e-006
6.600424014647145e-004	1.258333e-006
6.600452998707591e-004	9.739917e-007
6.600481015669134e-004	7.827007e-007
6.600511030163146e-004	6.381751e-007
6.600539305772303e-004	5.418088e-007
6.600571819503377e-004	4.611508e-007
6.600605509892135e-004	4.032129e-007
6.600652314804245e-004	3.429344e-007
6.600696160517791e-004	3.032389e-007
6.600758852935600e-004	2.593545e-007
6.600824501452675e-004	2.261390e-007
6.600942940981067e-004	1.776182e-007
6.601050612379416e-004	1.449994e-007
6.601265955176115e-004	9.700217e-008
6.601516049944601e-004	6.226672e-008
6.602016239481574e-004	2.593296e-008
6.602596319613659e-004	9.235284e-009
6.603756479877829e-004	1.350387e-009
6.605042020751105e-004	8.197768e-011
6.607613102497656e-004	1.058330e-010
6.612755265990758e-004	1.363216e-010
6.990234375000001e-004	1.192805e-010
7.000000000000001e-004	-4.659320e-007
7.000021484392649e-004	-5.804807e-005
7.000064453177946e-004	-1.415220e-004
7.000150390748538e-004	-2.333167e-004
7.000207082054044e-004	-2.594552e-004
7.000272359183148e-004	-2.686116e-004
7.000362910975183e-004	-2.729899e-004
7.000544014559252e-004	-2.750265e-004
7.000861810816446e-004	-2.755295e-004
7.001497403330835e-004	-2.756572e-004
7.002768588359612e-004	-2.757608e-004
7.005310958417167e-004	-2.758162e-004
7.010395698532277e-004	-2.759039e-004
7.020161323532277e-004	5.682559e-001
7.029926948532277e-004	3.831940e+000
7.033683630111702e-004	7.803833e+000
7.036241405833759e-004	1.219837e+001
7.038234485213424e-004	1.599781e+001
7.040077294425140e-004	1.957269e+001
7.041421252205370e-004	2.207123e+001
7.042365340600467e-004	2.322770e+001
7.042869770784632e-004	2.219456e+001
7.043169563522024e-004	2.005644e+001
7.043453507055064e-004	1.723457e+001
7.043580985123143e-004	1.522730e+001
7.043653198751453e-004	1.361327e+001
7.043752926572123e-004	1.167355e+001
7.043818689511764e-004	1.094183e+001
7.043909647282122e-004	1.045585e+001
7.043993197842807e-004	1.023727e+001
7.044123165017586e-004	1.010004e+001
7.044265227654089e-004	1.004418e+001
7.044489368871665e-004	1.002112e+001
7.044786348686850e-004	1.001432e+001
7.045310058882591e-004	1.001258e+001
7.046306768025998e-004	1.001115e+001
7.048006581713187e-004	1.000923e+001
7.050000000000000e-004	1.000782e+001
7.050199341828681e-004	1.000482e+001
7.050598025486044e-004	1.000143e+001
7.051395392800769e-004	9.999918e+000
7.052990127430220e-004	9.999999e+000
7.055256053557853e-004	9.999990e+000
7.059787905813119e-004	9.999991e+000
7.068851610323652e-004	9.999992e+000
7.078617235323652e-004	9.999992e+000
7.088382860323652e-004	9.999991e+000
7.098148485323652e-004	9.999992e+000
7.107914110323652e-004	9.999992e+000
7.117679735323652e-004	9.999992e+000
7.127445360323652e-004	9.999991e+000
7.137210985323652e-004	9.999991e+000
7.146976610323652e-004	9.999991e+000
7.156742235323652e-004	9.999991e+000
7.166507860323652e-004	9.999991e+000
7.176273485323652e-004	9.999991e+000
7.186039110323652e-004	9.999991e+000
7.195804735323652e-004	9.999991e+000
7.205570360323652e-004	9.999991e+000
7.215335985323652e-004	9.999991e+000
7.225101610323652e-004	9.999991e+000
7.234867235323652e-004	9.999991e+000
7.244632860323652e-004	9.999992e+000
7.254398485323652e-004	9.999992e+000
7.264164110323652e-004	9.999991e+000
7.273929735323652e-004	9.999991e+000
7.283695360323652e-004	9.999991e+000
7.293460985323652e-004	9.999991e+000
7.303226610323652e-004	9.999991e+000
7.312992235323652e-004	9.999991e+000
7.322757860323652e-004	9.999992e+000
7.332523485323652e-004	9.999992e+000
7.342289110323652e-004	9.999992e+000
7.352054735323652e-004	9.999992e+000
7.361820360323652e-004	9.999992e+000
7.371585985323652e-004	9.999991e+000
7.381351610323652e-004	9.999991e+000
7.391117235323652e-004	9.999991e+000
7.400882860323652e-004	9.999991e+000
7.410648485323652e-004	9.999991e+000
7.420414110323652e-004	9.999991e+000
7.430179735323652e-004	9.999991e+000
7.439945360323652e-004	9.999991e+000
7.449710985323652e-004	9.999991e+000
7.459476610323652e-004	9.999991e+000
7.469242235323652e-004	9.999991e+000
7.479007860323652e-004	9.999991e+000
7.488773485323652e-004	9.999991e+000
7.498539110323652e-004	9.999991e+000
7.508304735323652e-004	9.999991e+000
7.518070360323652e-004	9.999991e+000
7.527835985323652e-004	9.999991e+000
7.537601610323652e-004	9.999989e+000
7.540234375000000e-004	9.999990e+000
7.544734470647304e-004	9.999992e+000
7.550000000000000e-004	1.000007e+001
7.550526552935270e-004	9.995927e+000
7.551579658805809e-004	9.991971e+000
7.553685870546888e-004	9.989196e+000
7.556825988703585e-004	9.983252e+000
7.560296896560932e-004	9.968800e+000
7.562575660007390e-004	9.944711e+000
7.563897399439253e-004	9.910598e+000
7.564712976073914e-004	9.859823e+000
7.565300757497528e-004	9.762592e+000
7.565786458442538e-004	9.549851e+000
7.566286367860066e-004	9.174834e+000
7.566835250469921e-004	8.672472e+000
7.567652866819833e-004	7.727788e+000
7.568067712205878e-004	7.010162e+000
7.568458589299623e-004	6.179454e+000
7.568857549224826e-004	5.409845e+000
7.569566849311454e-004	4.299119e+000
7.570295045111937e-004	3.367337e+000
7.571436265517943e-004	2.216867e+000
7.573405705614144e-004	8.853070e-001
7.575710091350984e-004	1.463899e-001
7.577256146620657e-004	1.630758e-002
7.579062376334969e-004	3.188639e-003
7.580881990568086e-004	-9.682467e-006
7.582599798023953e-004	3.933021e-004
7.584626467478791e-004	2.418137e-004
7.588679806388466e-004	2.773551e-004
7.592178447503852e-004	2.782322e-004
7.593002717769229e-004	2.798425e-004
7.594651258299983e-004	2.767895e-004
7.596702918938492e-004	2.819944e-004
7.597005589674082e-004	2.801739e-004
7.597610931145260e-004	2.749018e-004
7.598821614087618e-004	2.757916e-004
7.600000000000000e-004	7.525048e-004
7.600003324661306e-004	4.318895e-004
7.600009973983918e-004	2.447128e-004
7.600023272629141e-004	2.051437e-004
7.600045770415570e-004	1.527411e-004
7.600072547859746e-004	1.061603e-004
7.600099950203152e-004	7.294488e-005
7.600129159930352e-004	4.880789e-005
7.600156353932540e-004	3.358128e-005
7.600184835866940e-004	2.280242e-005
7.600211800121707e-004	1.586587e-005
7.600240677111612e-004	1.081455e-005
7.600267364135457e-004	7.594858e-006
7.600293222558610e-004	5.457117e-006
7.600320784292269e-004	3.878746e-006
7.600346021502531e-004	2.867316e-006
7.600373432612218e-004	2.088242e-006
7.600396571809644e-004	1.628138e-006
7.600423152570450e-004	1.279585e-006
7.600449794099837e-004	1.016981e-006
7.600474185535572e-004	8.424822e-007
7.600501018086486e-004	6.859094e-007
7.600527102488963e-004	6.130898e-007
7.600560213697669e-004	4.965303e-007
7.600590892577022e-004	4.603112e-007
7.600634003379587e-004	3.665561e-007
7.600675563208369e-004	3.513136e-007
7.600741870306002e-004	2.693257e-007
7.600809572602422e-004	2.542083e-007
7.600929826207044e-004	1.783661e-007
7.601074676997330e-004	1.508423e-007
7.601360561526754e-004	8.071668e-008
7.601823571884826e-004	4.343368e-008
7.602749592600968e-004	8.532122e-009
7.604601634033254e-004	1.312249e-009
7.608305716897826e-004	-3.627368e-010
7.615713882626971e-004	2.409423e-010
7.625479507626971e-004	1.243734e-010
7.990234375000000e-004	2.932929e-010
7.994175719492116e-004	-1.449735e-009
7.996234127968463e-004	8.393715e-010
8.000000000000000e-004	1.036109e-005
8.000008284921119e-004	-2.356351e-005
8.000024854763356e-004	-7.593262e-005
8.000041543182129e-004	-1.170692e-004
8.000056867206089e-004	-1.464935e-004
8.000082857514459e-004	-1.837719e-004
8.000112867745049e-004	-2.135825e-004
8.000158082378075e-004	-2.408550e-004
8.000213095116958e-004	-2.583127e-004
8.000296398519494e-004	-2.692091e-004
8.000411363757499e-004	-2.738557e-004
8.000609342921029e-004	-2.752712e-004
8.000969380849419e-004	-2.755575e-004
8.001689456706198e-004	-2.756854e-004
8.003129608419756e-004	-2.757723e-004
8.006009911846873e-004	-2.758283e-004
8.011770518701108e-004	-2.759277e-004
8.021536143701108e-004	9.773096e-001
8.031301768701108e-004	5.538109e+000
8.035063536845863e-004	1.015712e+001
8.037589087553570e-004	1.475891e+001
8.039540802726041e-004	1.853360e+001
8.041051436369189e-004	2.140747e+001
8.042196289298811e-004	2.311795e+001
8.042790131723049e-004	2.248866e+001
8.043124798801949e-004	2.037325e+001
8.043412633335995e-004	1.758061e+001
8.043562586647089e-004	1.554660e+001
8.043636607097601e-004	1.398852e+001
8.043743885642880e-004	1.177035e+001
8.043812733770107e-004	1.095814e+001
8.043900472944200e-004	1.047317e+001
8.043984095993142e-004	1.024626e+001
8.044106484948834e-004	1.010896e+001
8.044257281064306e-004	1.004556e+001
8.044455326776808e-004	1.002246e+001
8.044782671963505e-004	1.001450e+001
8.045202050006733e-004	1.001270e+001
8.046040806093189e-004	1.001150e+001
8.047645942204410e-004	1.000961e+001
8.050000000000001e-004	1.000967e+001
8.050235405779560e-004	1.000520e+001
8.050706217338678e-004	1.000116e+001
8.051647840456915e-004	9.999875e+000
8.053531086693387e-004	1.000001e+001
8.056166775966668e-004	9.999980e+000
8.061438154513229e-004	9.999995e+000
8.071203779513230e-004	9.999991e+000
8.080969404513230e-004	9.999991e+000
8.090735029513230e-004	9.999991e+000
8.100500654513230e-004	9.999992e+000
8.110266279513230e-004	9.999991e+000
8.120031904513230e-004	9.999991e+000
8.129797529513230e-004	9.999991e+000
8.139563154513230e-004	9.999992e+000
8.149328779513230e-004	9.999991e+000
8.159094404513230e-004	9.999991e+000
8.168860029513230e-004	9.999991e+000
8.178625654513230e-004	9.999992e+000
8.188391279513230e-004	9.999991e+000
8.198156904513230e-004	9.999992e+000
8.207922529513230e-004	9.999992e+000
8.217688154513230e-004	9.999992e+000
8.227453779513230e-004	9.999991e+000
8.237219404513230e-004	9.999992e+000
8.246985029513230e-004	9.999992e+000
8.256750654513230e-004	9.999992e+000
8.266516279513230e-004	9.999991e+000
8.276281904513230e-004	9.999991e+000
8.286047529513230e-004	9.999991e+000
8.295813154513230e-004	9.999991e+000
8.305578779513230e-004	9.999991e+000
8.315344404513230e-004	9.999991e+000
8.325110029513230e-004	9.999991e+000
8.334875654513230e-004	9.999991e+000
8.344641279513230e-004	9.999991e+000
8.354406904513230e-004	9.999992e+000
8.364172529513230e-004	9.999992e+000
8.373938154513230e-004	9.999992e+000
8.383703779513230e-004	9.999992e+000
8.393469404513230e-004	9.999992e+000
8.403235029513230e-004	9.999992e+000
8.413000654513230e-004	9.999992e+000
8.422766279513230e-004	9.999992e+000
8.432531904513230e-004	9.999992e+000
8.442297529513230e-004	9.999992e+000
8.452063154513230e-004	9.999992e+000
8.461828779513230e-004	9.999992e+000
8.471594404513230e-004	9.999991e+000
8.481360029513230e-004	9.999991e+000
8.491125654513230e-004	9.999991e+000
8.500891279513230e-004	9.999991e+000
8.510656904513230e-004	9.999991e+000
8.520422529513230e-004	9.999991e+000
8.530188154513230e-004	9.999991e+000
8.539953779513230e-004	9.999961e+000
8.540234375000001e-004	9.999973e+000
8.540795565973543e-004	9.999996e+000
8.541917947920626e-004	9.999990e+000
8.544162711814793e-004	9.999990e+000
8.545510472211667e-004	9.999991e+000
8.547304479206252e-004	9.999992e+000
8.550000000000001e-004	9.999998e+000
8.550269552079375e-004	9.996804e+000
8.550808656238125e-004	9.993230e+000
8.551886864555624e-004	9.991203e+000
8.554011267750759e-004	9.988886e+000
8.556969770392544e-004	9.982797e+000
8.560681998034644e-004	9.966695e+000
8.562351485705208e-004	9.949472e+000
8.563702759590356e-004	9.918995e+000
8.564497131928661e-004	9.878525e+000
8.565139620002680e-004	9.801102e+000
8.565639016532794e-004	9.630601e+000
8.566106959076582e-004	9.318825e+000
8.566672051049125e-004	8.831798e+000
8.567344599761397e-004	8.152828e+000
8.567787282735170e-004	7.539057e+000
8.568128718784626e-004	6.885163e+000
8.568477197408790e-004	6.139721e+000
8.568912117569598e-004	5.313952e+000
8.569620614127453e-004	4.223175e+000
8.570359827690567e-004	3.292792e+000
8.571552628841319e-004	2.119740e+000
8.573635207397169e-004	7.749810e-001
8.575869162919038e-004	1.221793e-001
8.577388696877133e-004	1.534490e-002
8.579379472014899e-004	1.987692e-003
8.581015003759811e-004	-2.099079e-004
8.582801960236369e-004	3.971698e-004
8.584890324154559e-004	2.372213e-004
8.588897692379499e-004	2.773758e-004
8.592272861724430e-004	2.801193e-004
8.593249661310138e-004	2.816994e-004
8.595203260481554e-004	2.745562e-004
8.596092801657169e-004	2.744028e-004
8.597871884008400e-004	2.759710e-004
8.600000000000001e-004	-2.999813e-005
8.600007981091666e-004	1.510627e-004
8.600023943274996e-004	2.112069e-004
8.600055867641655e-004	1.380342e-004
8.600081346804007e-004	9.609804e-005
8.600106407827755e-004	6.823483e-005
8.600134759868854e-004	4.640018e-005
8.600162566114251e-004	3.171393e-005
8.600191068994726e-004	2.152471e-005
8.600218372689828e-004	1.490285e-005
8.600246673537972e-004	1.024281e-005
8.600273970985993e-004	7.183277e-006
8.600302609314365e-004	4.996951e-006
8.600329679761899e-004	3.589962e-006
8.600358947980549e-004	2.550400e-006
8.600385450823202e-004	1.891925e-006
8.600410818800564e-004	1.455380e-006
8.600438477228725e-004	1.119609e-006
8.600462907677618e-004	9.068377e-007
8.600490518896359e-004	7.398561e-007
8.600516568667221e-004	6.243627e-007
8.600541775416894e-004	5.428648e-007
8.600568965543917e-004	4.705732e-007
8.600595507009038e-004	4.269767e-007
8.600627484805421e-004	3.724583e-007
8.600658558448047e-004	3.478509e-007
8.600703475927688e-004	2.978502e-007
8.600745898690964e-004	2.787916e-007
8.600821853155372e-004	2.265540e-007
8.600895067672654e-004	2.023036e-007
8.601041496707218e-004	1.463034e-007
8.601213847088520e-004	1.106484e-007
8.601558547851124e-004	5.905637e-008
8.602165881022667e-004	2.417422e-008
8.603380547365751e-004	3.514704e-009
8.605809880051920e-004	1.530983e-010
8.610668545424257e-004	5.915505e-011
8.620385876168933e-004	1.237867e-010
8.630151501168933e-004	1.278977e-010
8.639917126168933e-004	1.239187e-010
8.990234375000001e-004	1.422913e-010
9.000000000000001e-004	3.350442e-006
9.000021484391036e-004	-5.676667e-005
9.000064453173107e-004	-1.415219e-004
9.000150390737248e-004	-2.333175e-004
9.000207075952176e-004	-2.594540e-004
9.000272355221083e-004	-2.686112e-004
9.000362902133019e-004	-2.729897e-004
9.000543995956890e-004	-2.750265e-004
9.000861769672023e-004	-2.755295e-004
9.001497317102290e-004	-2.756572e-004
9.002768411962824e-004	-2.757608e-004
9.005310601683893e-004	-2.758162e-004
9.010394981126030e-004	-2.759039e-004
9.020160606126030e-004	5.680678e-001
9.029926231126030e-004	3.831119e+000
9.033682901916457e-004	7.802641e+000
9.036240653633368e-004	1.219696e+001
9.038233821767167e-004	1.599653e+001
9.040076761126298e-004	1.957166e+001
9.041421009158464e-004	2.207079e+001
9.042365337455768e-004	2.322760e+001
9.042869822915299e-004	2.219419e+001
9.043169619845236e-004	2.005602e+001
9.043453580792758e-004	1.723370e+001
9.043581031825464e-004	1.522611e+001
9.043653254000987e-004	1.361177e+001
9.043752971897433e-004	1.167299e+001
9.043818782099507e-004	1.094112e+001
9.043909712362415e-004	1.045559e+001
9.043993294769110e-004	1.023711e+001
9.044123267951268e-004	1.009998e+001
9.044265382089175e-004	1.004415e+001
9.044489598726240e-004	1.002111e+001
9.044786644892228e-004	1.001432e+001
9.045310786110548e-004	1.001258e+001
9.046307449263333e-004	1.001115e+001
9.048006673694431e-004	1.000923e+001
9.050000000000001e-004	1.000781e+001
9.050199332630558e-004	1.000482e+001
9.050597997891671e-004	1.000143e+001
9.051395328413899e-004	9.999918e+000
9.052989989458356e-004	9.999999e+000
9.055255826618960e-004	9.999990e+000
9.059787500940166e-004	9.999991e+000
9.068850849582580e-004	9.999991e+000
9.078616474582580e-004	9.999991e+000
9.088382099582580e-004	9.999991e+000
9.098147724582580e-004	9.999992e+000
9.107913349582580e-004	9.999992e+000
9.117678974582580e-004	9.999992e+000
9.127444599582580e-004	9.999991e+000
9.137210224582580e-004	9.999991e+000
9.146975849582580e-004	9.999991e+000
9.156741474582580e-004	9.999991e+000
9.166507099582580e-004	9.999991e+000
9.176272724582580e-004	9.999991e+000
9.186038349582580e-004	9.999991e+000
9.195803974582580e-004	9.999991e+000
9.205569599582580e-004	9.999991e+000
9.215335224582580e-004	9.999991e+000
9.225100849582580e-004	9.999991e+000
9.234866474582580e-004	9.999991e+000
9.244632099582580e-004	9.999992e+000
9.254397724582580e-004	9.999992e+000
9.264163349582580e-004	9.999991e+000
9.273928974582580e-004	9.999991e+000
9.283694599582580e-004	9.999991e+000
9.293460224582580e-004	9.999991e+000
9.303225849582580e-004	9.999991e+000
9.312991474582580e-004	9.999991e+000
9.322757099582580e-004	9.999991e+000
9.332522724582580e-004	9.999991e+000
9.342288349582580e-004	9.999992e+000
9.352053974582580e-004	9.999992e+000
9.361819599582580e-004	9.999992e+000
9.371585224582580e-004	9.999991e+000
9.381350849582580e-004	9.999991e+000
9.391116474582580e-004	9.999991e+000
9.400882099582580e-004	9.999991e+000
9.410647724582580e-004	9.999991e+000
9.420413349582580e-004	9.999991e+000
9.430178974582580e-004	9.999991e+000
9.439944599582580e-004	9.999991e+000
9.449710224582580e-004	9.999991e+000
9.459475849582580e-004	9.999991e+000
9.469241474582580e-004	9.999991e+000
9.479007099582580e-004	9.999991e+000
9.488772724582580e-004	9.999991e+000
9.498538349582580e-004	9.999991e+000
9.508303974582580e-004	9.999991e+000
9.518069599582580e-004	9.999991e+000
9.527835224582580e-004	9.999991e+000
9.537600849582580e-004	9.999989e+000
9.540234375000001e-004	9.999990e+000
9.544732949165159e-004	9.999992e+000
9.550000000000001e-004	1.000007e+001
9.550526705083486e-004	9.995926e+000
9.551580115250455e-004	9.991970e+000
9.553686935584392e-004	9.989194e+000
9.556827674867938e-004	9.983247e+000
9.560297440722428e-004	9.968798e+000
9.562575301247443e-004	9.944719e+000
9.563896893633663e-004	9.910623e+000
9.564712363292343e-004	9.859887e+000
9.565300230485124e-004	9.762748e+000
9.565785959327630e-004	9.550160e+000
9.566285680690980e-004	9.175409e+000
9.566834512820263e-004	8.673226e+000
9.567651452956741e-004	7.729996e+000
9.568066418067516e-004	7.012774e+000
9.568456824353205e-004	6.183150e+000
9.568855417325783e-004	5.413688e+000
9.569564304416478e-004	4.302700e+000
9.570292052868108e-004	3.370810e+000
9.571430930055129e-004	2.221436e+000
9.573395723346768e-004	8.903787e-001
9.575703389270890e-004	1.474881e-001
9.577250878979603e-004	1.634879e-002
9.579051878396193e-004	3.223074e-003
9.580867505952933e-004	-9.075863e-006
9.582589596228004e-004	3.904621e-004
9.584606532964369e-004	2.420856e-004
9.588640406437098e-004	2.773543e-004
9.592122668989566e-004	2.778925e-004
9.593035474895065e-004	2.795025e-004
9.594861086706064e-004	2.756422e-004
9.596348776378003e-004	2.777467e-004
9.597024620656123e-004	2.779593e-004
9.598376309212363e-004	2.754286e-004
9.600000000000001e-004	-2.056136e-004
9.600006025651595e-004	8.543290e-005
9.600018076954780e-004	2.112669e-004
9.600042179561152e-004	1.540318e-004
9.600067888936389e-004	1.082760e-004
9.600094315949720e-004	7.550705e-005
9.600123592359805e-004	5.055748e-005
9.600150957846371e-004	3.469540e-005
9.600179485686376e-004	2.353488e-005
9.600206521668125e-004	1.634582e-005
9.600235150953574e-004	1.117404e-005
9.600262148981066e-004	7.856365e-006
9.600291218013506e-004	5.425167e-006
9.600317769965095e-004	3.885387e-006
9.600343361202988e-004	2.864868e-006
9.600370925445165e-004	2.098324e-006
9.600395749302415e-004	1.610786e-006
9.600423181913000e-004	1.230972e-006
9.600447306709906e-004	9.941490e-007
9.600473167233732e-004	8.153747e-007
9.600498401036254e-004	6.839583e-007
9.600523066887893e-004	5.969550e-007
9.600550579662775e-004	5.076596e-007
9.600577240489497e-004	4.659185e-007
9.600611535907383e-004	3.940070e-007
9.600643788457351e-004	3.732480e-007
9.600693481528002e-004	3.067528e-007
9.600739787881869e-004	2.885928e-007
9.600817821415149e-004	2.269247e-007
9.600899994759982e-004	2.043448e-007
9.601051440744390e-004	1.423098e-007
9.601246587474770e-004	1.071330e-007
9.601636880935528e-004	5.160958e-008
9.602345653960775e-004	1.946690e-008
9.603763200011269e-004	1.507412e-009
9.606598292112257e-004	2.742127e-010
9.612268476314233e-004	2.574127e-011
9.622034101314233e-004	1.223270e-010
9.631799726314233e-004	1.292619e-010
9.641565351314233e-004	1.236913e-010
9.651330976314233e-004	1.278977e-010
9.698764012028516e-004	1.135914e-010
9.746197047742798e-004	1.079140e-010
9.793630083457080e-004	1.108656e-010
9.841063119171362e-004	1.224460e-010
9.888496154885644e-004	1.426553e-010
9.935929190599928e-004	1.714935e-010
9.983362226314210e-004	2.089606e-010
9.990234375000001e-004	2.086789e-010
1.000000000000000e-003	-7.185008e-011
