time	Id(M1)
0.000000000000000e+000	1.250555e-010
9.765625114122045e-011	-3.555262e-006
9.996967105358201e-011	-4.981647e-006
1.005480260316724e-010	-5.849526e-006
1.017047359878532e-010	-6.274973e-006
1.040181559002147e-010	-4.486415e-006
1.086449957249379e-010	-3.425079e-006
1.178986753743841e-010	-3.793817e-006
1.364060346732766e-010	-4.823957e-006
1.734207532710616e-010	-6.376088e-006
2.474501904666315e-010	-8.997069e-006
3.955090648577715e-010	-1.434652e-005
6.916268136400514e-010	-2.460868e-005
1.283862311204611e-009	-4.387276e-005
2.130027618995674e-009	-6.880512e-005
3.365502388909666e-009	-1.003553e-004
4.990471990683351e-009	-1.344996e-004
7.203669921306264e-009	-1.703527e-004
1.007333055210205e-008	-2.034265e-004
1.392141558262125e-008	-2.318132e-004
1.901619323103202e-008	-2.527746e-004
2.608931103765423e-008	-2.661323e-004
3.620669706725832e-008	-2.727860e-004
5.206860425791790e-008	-2.751530e-004
8.011466614881808e-008	-2.756754e-004
1.362067899306185e-007	-2.758203e-004
2.483910374942192e-007	-2.759295e-004
4.727595326214206e-007	-2.759895e-004
9.214965228758235e-007	-2.760689e-004
1.818970503384629e-006	1.544553e-001
2.795533003384629e-006	2.207003e+000
3.247118001284838e-006	6.068847e+000
3.531967837258418e-006	1.051401e+001
3.736552539429184e-006	1.431751e+001
3.927540193779002e-006	1.800865e+001
4.097143981684352e-006	2.123401e+001
4.212131828016458e-006	2.294271e+001
4.272341042508366e-006	2.228182e+001
4.305796862820511e-006	2.018688e+001
4.334937906519074e-006	1.738721e+001
4.349564467224940e-006	1.535518e+001
4.356869900685540e-006	1.382267e+001
4.367522964218361e-006	1.169319e+001
4.374186193146376e-006	1.093583e+001
4.383195681642738e-006	1.045632e+001
4.391539023611704e-006	1.023806e+001
4.404182381814014e-006	1.010341e+001
4.419085777761072e-006	1.004411e+001
4.439836844056681e-006	1.002186e+001
4.472623739142849e-006	1.001444e+001
4.517348694446828e-006	1.001273e+001
4.606798605054788e-006	1.001145e+001
4.780728288647562e-006	1.000942e+001
5.000000000000000e-006	1.000924e+001
5.021927171135245e-006	1.000516e+001
5.065781513405732e-006	1.000127e+001
5.153490197946707e-006	9.999889e+000
5.328907567028659e-006	1.000001e+001
5.575679936662857e-006	9.999984e+000
6.069224675931255e-006	9.999993e+000
7.045787175931255e-006	9.999991e+000
8.022349675931255e-006	9.999992e+000
8.998912175931256e-006	9.999991e+000
9.975474675931257e-006	9.999992e+000
1.095203717593126e-005	9.999991e+000
1.192859967593126e-005	9.999991e+000
1.290516217593126e-005	9.999991e+000
1.388172467593126e-005	9.999991e+000
1.485828717593126e-005	9.999991e+000
1.583484967593126e-005	9.999991e+000
1.681141217593126e-005	9.999991e+000
1.778797467593126e-005	9.999991e+000
1.876453717593127e-005	9.999991e+000
1.974109967593127e-005	9.999991e+000
2.071766217593127e-005	9.999991e+000
2.169422467593127e-005	9.999991e+000
2.267078717593127e-005	9.999991e+000
2.364734967593127e-005	9.999991e+000
2.462391217593127e-005	9.999991e+000
2.560047467593127e-005	9.999991e+000
2.657703717593127e-005	9.999990e+000
2.755359967593127e-005	9.999991e+000
2.853016217593127e-005	9.999991e+000
2.950672467593127e-005	9.999991e+000
3.048328717593128e-005	9.999991e+000
3.145984967593128e-005	9.999991e+000
3.243641217593128e-005	9.999991e+000
3.341297467593128e-005	9.999991e+000
3.438953717593128e-005	9.999991e+000
3.536609967593128e-005	9.999991e+000
3.634266217593128e-005	9.999991e+000
3.731922467593128e-005	9.999991e+000
3.829578717593128e-005	9.999991e+000
3.927234967593128e-005	9.999991e+000
4.024891217593128e-005	9.999991e+000
4.122547467593129e-005	9.999991e+000
4.220203717593129e-005	9.999991e+000
4.317859967593129e-005	9.999991e+000
4.415516217593129e-005	9.999991e+000
4.513172467593129e-005	9.999991e+000
4.610828717593129e-005	9.999991e+000
4.708484967593129e-005	9.999991e+000
4.806141217593129e-005	9.999991e+000
4.903797467593129e-005	9.999991e+000
5.001453717593129e-005	9.999991e+000
5.099109967593129e-005	9.999991e+000
5.196766217593129e-005	9.999991e+000
5.294422467593130e-005	9.999991e+000
5.392078717593130e-005	9.999982e+000
5.402343750000000e-005	9.999986e+000
5.422873814813741e-005	9.999993e+000
5.458939870372518e-005	9.999991e+000
5.500000000000000e-005	9.999936e+000
5.504106012962748e-005	9.996197e+000
5.512318038888245e-005	9.992460e+000
5.528742090739238e-005	9.990216e+000
5.555442323868900e-005	9.985951e+000
5.602947154933876e-005	9.967031e+000
5.630958888939305e-005	9.930533e+000
5.645310469459095e-005	9.864037e+000
5.654235354739578e-005	9.692204e+000
5.659942970828608e-005	9.392839e+000
5.665864553527421e-005	8.911187e+000
5.672194271736431e-005	8.292726e+000
5.677318438814670e-005	7.623357e+000
5.680904342159533e-005	6.961324e+000
5.684635033543360e-005	6.164929e+000
5.688711808787651e-005	5.383595e+000
5.695808967445963e-005	4.279538e+000
5.703122548193634e-005	3.348811e+000
5.714761340722624e-005	2.185004e+000
5.734851768439312e-005	8.364058e-001
5.756727929638415e-005	1.387804e-001
5.771659635194190e-005	1.622177e-002
5.791579245779472e-005	2.514137e-003
5.810001372980192e-005	-7.738981e-005
5.826904623714698e-005	4.472174e-004
5.848195357683963e-005	2.349508e-004
5.887393478204981e-005	2.805488e-004
5.931327360833379e-005	2.725494e-004
6.000000000000000e-005	1.652240e-004
6.000212455230865e-005	1.844321e-004
6.000637365692592e-005	1.314372e-004
6.001330947044144e-005	3.498876e-005
6.001489749474480e-005	2.262188e-005
6.001679681898275e-005	1.459400e-005
6.001917514586303e-005	7.165245e-006
6.002182500467132e-005	1.389744e-006
6.002469046403832e-005	-2.765285e-006
6.002730011756699e-005	-5.195016e-006
6.002991441283646e-005	-6.707197e-006
6.003234704670387e-005	-7.567553e-006
6.003449445145085e-005	-8.003173e-006
6.003642985678699e-005	-8.213781e-006
6.003812475639647e-005	-8.285894e-006
6.003981912517897e-005	-8.282425e-006
6.004151376673525e-005	-8.224790e-006
6.004359888760896e-005	-8.086409e-006
6.004645056656756e-005	-7.844523e-006
6.004933615100055e-005	-7.546926e-006
6.005332791281846e-005	-7.099726e-006
6.005713036053656e-005	-6.659077e-006
6.006263657297564e-005	-6.036212e-006
6.006793778196092e-005	-5.472790e-006
6.007630788162125e-005	-4.674454e-006
6.008445229335498e-005	-4.010687e-006
6.010000403292458e-005	-2.999339e-006
6.011685651454838e-005	-2.180132e-006
6.014112887522824e-005	-1.377300e-006
6.016616073998651e-005	-8.421134e-007
6.019271937235159e-005	-5.043781e-007
6.022500501918646e-005	-2.728384e-007
6.026298756378304e-005	-1.352009e-007
6.031960776450717e-005	-4.829777e-008
6.038950127469533e-005	-1.345951e-008
6.051829201895711e-005	-1.393521e-009
6.071693935776331e-005	2.223715e-010
6.111423403537571e-005	1.236155e-010
6.190882339060053e-005	1.254300e-010
6.483851089060053e-005	1.246150e-010
9.804163589060056e-005	1.250413e-010
9.901819839060056e-005	3.566975e-009
9.903391571879890e-005	-7.303906e-010
9.913240862309281e-005	2.969026e-010
9.991956208035544e-005	1.764581e-010
1.000000000000000e-004	5.456233e-007
1.000001769636352e-004	-6.182213e-006
1.000005308909056e-004	-1.902653e-005
1.000008117240889e-004	-2.876136e-005
1.000010882769945e-004	-3.787877e-005
1.000016413828059e-004	-5.481652e-005
1.000027475944287e-004	-8.516877e-005
1.000041171988568e-004	-1.170248e-004
1.000061218404715e-004	-1.541061e-004
1.000085802727426e-004	-1.878057e-004
1.000120135369061e-004	-2.195082e-004
1.000163743953164e-004	-2.436601e-004
1.000225086935790e-004	-2.608379e-004
1.000308753745985e-004	-2.703099e-004
1.000436949610196e-004	-2.743989e-004
1.000644700722335e-004	-2.755316e-004
1.001060202946614e-004	-2.757563e-004
1.001891207395170e-004	-2.758872e-004
1.003553216292284e-004	-2.759656e-004
1.006877234086512e-004	-2.760274e-004
1.013525269674967e-004	-2.761464e-004
1.023290894674967e-004	1.626840e+000
1.033056519674967e-004	8.048081e+000
1.036839448511050e-004	1.340091e+001
1.039245108740840e-004	1.795291e+001
1.040815700674808e-004	2.093845e+001
1.042096604154270e-004	2.286111e+001
1.042713155413652e-004	2.211548e+001
1.043052406916584e-004	1.998105e+001
1.043345836151119e-004	1.713725e+001
1.043478342206167e-004	1.512088e+001
1.043551536807862e-004	1.354323e+001
1.043653725001668e-004	1.160560e+001
1.043718575315474e-004	1.090840e+001
1.043811192185106e-004	1.043652e+001
1.043894957115607e-004	1.022768e+001
1.044027984580879e-004	1.009536e+001
1.044172181840961e-004	1.004225e+001
1.044401199169017e-004	1.002065e+001
1.044707158762766e-004	1.001430e+001
1.045242828024627e-004	1.001266e+001
1.046313552443259e-004	1.001112e+001
1.047858551162737e-004	1.000936e+001
1.050000000000000e-004	1.000784e+001
1.050214144883726e-004	1.000471e+001
1.050642434651179e-004	1.000130e+001
1.051499014186084e-004	9.999897e+000
1.053212173255894e-004	1.000000e+001
1.055627665293818e-004	9.999986e+000
1.060458649369667e-004	9.999992e+000
1.070120617521364e-004	9.999991e+000
1.079886242521364e-004	9.999991e+000
1.089651867521364e-004	9.999991e+000
1.099417492521364e-004	9.999991e+000
1.109183117521364e-004	9.999991e+000
1.118948742521364e-004	9.999991e+000
1.128714367521364e-004	9.999991e+000
1.138479992521364e-004	9.999991e+000
1.148245617521364e-004	9.999991e+000
1.158011242521364e-004	9.999991e+000
1.167776867521364e-004	9.999991e+000
1.177542492521364e-004	9.999991e+000
1.187308117521364e-004	9.999991e+000
1.197073742521364e-004	9.999991e+000
1.206839367521364e-004	9.999991e+000
1.216604992521364e-004	9.999991e+000
1.226370617521364e-004	9.999991e+000
1.236136242521364e-004	9.999991e+000
1.245901867521364e-004	9.999991e+000
1.255667492521364e-004	9.999991e+000
1.265433117521364e-004	9.999991e+000
1.275198742521364e-004	9.999991e+000
1.284964367521364e-004	9.999991e+000
1.294729992521364e-004	9.999991e+000
1.304495617521364e-004	9.999991e+000
1.314261242521364e-004	9.999991e+000
1.324026867521364e-004	9.999991e+000
1.333792492521364e-004	9.999991e+000
1.343558117521364e-004	9.999991e+000
1.353323742521364e-004	9.999991e+000
1.363089367521364e-004	9.999991e+000
1.372854992521364e-004	9.999991e+000
1.382620617521364e-004	9.999991e+000
1.392386242521364e-004	9.999991e+000
1.402151867521365e-004	9.999991e+000
1.411917492521365e-004	9.999991e+000
1.421683117521365e-004	9.999991e+000
1.431448742521365e-004	9.999991e+000
1.441214367521365e-004	9.999991e+000
1.450979992521365e-004	9.999991e+000
1.460745617521365e-004	9.999991e+000
1.470511242521365e-004	9.999991e+000
1.480276867521365e-004	9.999991e+000
1.490042492521365e-004	9.999991e+000
1.499808117521365e-004	9.999991e+000
1.509573742521365e-004	9.999991e+000
1.519339367521365e-004	9.999991e+000
1.529104992521365e-004	9.999991e+000
1.538870617521365e-004	9.999984e+000
1.540234375000000e-004	9.999987e+000
1.542961889957271e-004	9.999989e+000
1.544544970085458e-004	9.999990e+000
1.546833839743627e-004	9.999992e+000
1.550000000000000e-004	1.000004e+001
1.550316616025637e-004	9.996593e+000
1.550949848076912e-004	9.992939e+000
1.552216312179461e-004	9.990901e+000
1.554518575643749e-004	9.988095e+000
1.558043573024219e-004	9.979363e+000
1.561454402409703e-004	9.959676e+000
1.563036355107603e-004	9.937352e+000
1.564053317046341e-004	9.905231e+000
1.564772702303654e-004	9.854501e+000
1.565337922254306e-004	9.753040e+000
1.565812756449293e-004	9.534876e+000
1.566320201370305e-004	9.147213e+000
1.566868429042731e-004	8.638689e+000
1.567732073735444e-004	7.601161e+000
1.568140301511733e-004	6.864029e+000
1.568575015331004e-004	5.941833e+000
1.568996321683026e-004	5.168803e+000
1.569749332951303e-004	4.051441e+000
1.570519872280117e-004	3.114647e+000
1.571833794652676e-004	1.899477e+000
1.574163006940814e-004	5.443345e-001
1.576122601053231e-004	7.657143e-002
1.577578147186282e-004	1.217466e-002
1.579392809335952e-004	1.323910e-003
1.580850650793282e-004	-9.012274e-005
1.582567214679075e-004	3.429927e-004
1.584940520290392e-004	2.619892e-004
1.588798242227688e-004	2.777945e-004
1.592740437058319e-004	2.735860e-004
1.600000000000000e-004	8.958429e-004
1.600010591345101e-004	4.384839e-004
1.600031774035303e-004	1.678217e-004
1.600068414093133e-004	9.947034e-005
1.600094574547031e-004	6.595701e-005
1.600119273433939e-004	4.521571e-005
1.600146634772241e-004	2.941694e-005
1.600174676210737e-004	1.831970e-005
1.600202460662016e-004	1.092865e-005
1.600230061900052e-004	6.015899e-006
1.600256966719523e-004	2.825693e-006
1.600284640391872e-004	6.476847e-007
1.600310624263810e-004	-7.188357e-007
1.600334705484817e-004	-1.541978e-006
1.600360489004017e-004	-2.123095e-006
1.600381974354263e-004	-2.422141e-006
1.600405896305775e-004	-2.623219e-006
1.600426999806433e-004	-2.710321e-006
1.600447394769958e-004	-2.752216e-006
1.600467553625089e-004	-2.754639e-006
1.600487233644941e-004	-2.728529e-006
1.600507410948805e-004	-2.687948e-006
1.600526929195476e-004	-2.624199e-006
1.600548859911469e-004	-2.558432e-006
1.600569102690602e-004	-2.479240e-006
1.600592593443390e-004	-2.402071e-006
1.600615555906309e-004	-2.303559e-006
1.600642460532317e-004	-2.209723e-006
1.600669170979811e-004	-2.094112e-006
1.600703893595782e-004	-1.977429e-006
1.600738166639780e-004	-1.844344e-006
1.600784889137951e-004	-1.701993e-006
1.600836483622892e-004	-1.532545e-006
1.600910839990955e-004	-1.341839e-006
1.601004831090193e-004	-1.115964e-006
1.601154932656889e-004	-8.549888e-007
1.601393745161449e-004	-5.548177e-007
1.601786895815411e-004	-2.928174e-007
1.602573197123334e-004	-8.249056e-008
1.603724232932212e-004	-9.885222e-009
1.606026304549968e-004	7.272168e-010
1.610630447785481e-004	-8.435563e-011
1.619838734256505e-004	1.396576e-010
1.629604359256505e-004	1.222134e-010
1.639369984256505e-004	1.277840e-010
1.649135609256505e-004	1.235776e-010
1.697963734256505e-004	1.260096e-010
1.746791859256505e-004	1.272219e-010
1.795619984256505e-004	1.272145e-010
1.844448109256505e-004	1.259874e-010
1.893276234256505e-004	1.235406e-010
1.942104359256505e-004	1.198740e-010
1.990932484256505e-004	1.149878e-010
2.000000000000000e-004	4.180124e-006
2.000019948549179e-004	-5.351687e-005
2.000059845647535e-004	-1.356833e-004
2.000139639844249e-004	-2.279077e-004
2.000191478163552e-004	-2.554101e-004
2.000253503630788e-004	-2.665978e-004
2.000336225474324e-004	-2.721521e-004
2.000501669161397e-004	-2.749632e-004
2.000765657930125e-004	-2.756707e-004
2.001293635467581e-004	-2.758032e-004
2.002349590542494e-004	-2.759228e-004
2.004461500692320e-004	-2.759842e-004
2.008685320991971e-004	-2.760596e-004
2.017132961591274e-004	3.877858e-002
2.026898586591274e-004	1.797099e+000
2.032350516176382e-004	6.094110e+000
2.035451519260355e-004	1.077487e+001
2.037577581120994e-004	1.472664e+001
2.039451217740828e-004	1.834907e+001
2.041042098140359e-004	2.136205e+001
2.042157612396243e-004	2.296644e+001
2.042738203803778e-004	2.221132e+001
2.043064605638525e-004	2.015050e+001
2.043386841676766e-004	1.688840e+001
2.043514853964260e-004	1.476773e+001
2.043592173518892e-004	1.311005e+001
2.043694224529512e-004	1.140105e+001
2.043770650924877e-004	1.071338e+001
2.043858105150667e-004	1.035495e+001
2.043950908520705e-004	1.017940e+001
2.044089955394596e-004	1.007495e+001
2.044250291137950e-004	1.003357e+001
2.044510870625015e-004	1.001763e+001
2.044844281418233e-004	1.001357e+001
2.045511103004670e-004	1.001223e+001
2.046652197810737e-004	1.001066e+001
2.048170703761501e-004	1.000897e+001
2.048792284336973e-004	1.000836e+001
2.049650683268583e-004	1.000771e+001
2.050000000000000e-004	1.000662e+001
2.050034931673142e-004	1.000671e+001
2.050104795019425e-004	1.000571e+001
2.050244521711992e-004	1.000330e+001
2.050523975097126e-004	1.000093e+001
2.051082881867394e-004	1.000000e+001
2.052200695407929e-004	9.999989e+000
2.054436322489000e-004	9.999992e+000
2.058907576651142e-004	9.999991e+000
2.067850084975425e-004	9.999991e+000
2.077615709975425e-004	9.999991e+000
2.087381334975425e-004	9.999991e+000
2.097146959975425e-004	9.999991e+000
2.106912584975425e-004	9.999991e+000
2.116678209975425e-004	9.999991e+000
2.126443834975425e-004	9.999991e+000
2.136209459975425e-004	9.999991e+000
2.145975084975425e-004	9.999991e+000
2.155740709975425e-004	9.999991e+000
2.165506334975425e-004	9.999991e+000
2.175271959975425e-004	9.999991e+000
2.185037584975425e-004	9.999991e+000
2.194803209975425e-004	9.999991e+000
2.204568834975425e-004	9.999991e+000
2.214334459975425e-004	9.999991e+000
2.224100084975425e-004	9.999991e+000
2.233865709975425e-004	9.999991e+000
2.243631334975425e-004	9.999991e+000
2.253396959975425e-004	9.999991e+000
2.263162584975425e-004	9.999991e+000
2.272928209975425e-004	9.999991e+000
2.282693834975425e-004	9.999991e+000
2.292459459975425e-004	9.999991e+000
2.302225084975425e-004	9.999991e+000
2.311990709975425e-004	9.999991e+000
2.321756334975425e-004	9.999991e+000
2.331521959975425e-004	9.999991e+000
2.341287584975425e-004	9.999991e+000
2.351053209975425e-004	9.999991e+000
2.360818834975425e-004	9.999991e+000
2.370584459975425e-004	9.999991e+000
2.380350084975425e-004	9.999991e+000
2.390115709975425e-004	9.999991e+000
2.399881334975425e-004	9.999991e+000
2.409646959975425e-004	9.999991e+000
2.419412584975425e-004	9.999991e+000
2.429178209975425e-004	9.999991e+000
2.438943834975425e-004	9.999991e+000
2.448709459975425e-004	9.999991e+000
2.458475084975425e-004	9.999991e+000
2.468240709975425e-004	9.999991e+000
2.478006334975425e-004	9.999991e+000
2.487771959975425e-004	9.999991e+000
2.497537584975425e-004	9.999991e+000
2.507303209975425e-004	9.999991e+000
2.517068834975425e-004	9.999991e+000
2.526834459975425e-004	9.999991e+000
2.536600084975425e-004	9.999991e+000
2.540234375000000e-004	9.999991e+000
2.542731419950850e-004	9.999991e+000
2.545005910098300e-004	9.999991e+000
2.545451019705101e-004	9.999991e+000
2.546341238918702e-004	9.999991e+000
2.548121677345904e-004	9.999991e+000
2.550000000000000e-004	9.999996e+000
2.550187832265410e-004	9.997368e+000
2.550563496796229e-004	9.993993e+000
2.551314825857867e-004	9.991823e+000
2.552817483981144e-004	9.990426e+000
2.554943881300001e-004	9.987291e+000
2.559196675937716e-004	9.974636e+000
2.561917107572737e-004	9.954679e+000
2.563410072150733e-004	9.927844e+000
2.564336272291469e-004	9.889628e+000
2.564997050610824e-004	9.826162e+000
2.565521954511168e-004	9.683286e+000
2.565986395981203e-004	9.409176e+000
2.566602222535571e-004	8.897963e+000
2.567197201936512e-004	8.319905e+000
2.567709135205026e-004	7.662889e+000
2.568069964182640e-004	7.007016e+000
2.568448558477934e-004	6.199176e+000
2.568843130569181e-004	5.435228e+000
2.569548785602194e-004	4.325428e+000
2.570272291119867e-004	3.395327e+000
2.571403886522248e-004	2.246467e+000
2.573343848329763e-004	9.075562e-001
2.575578716206252e-004	1.542482e-001
2.577089424915657e-004	1.663846e-002
2.578848556361128e-004	3.431593e-003
2.580625056368958e-004	5.131138e-006
2.582341545094411e-004	3.720292e-004
2.584296260901831e-004	2.470794e-004
2.588205692516672e-004	2.781516e-004
2.592181136770318e-004	2.737513e-004
2.600000000000000e-004	1.983433e-004
2.600024248085280e-004	1.964190e-004
2.600072744255840e-004	1.239108e-004
2.600126229161142e-004	4.890083e-005
2.600143034844301e-004	3.536879e-005
2.600164931646816e-004	2.453430e-005
2.600190266644199e-004	1.537272e-005
2.600217106516340e-004	8.631040e-006
2.600245799578851e-004	3.773846e-006
2.600272600529060e-004	7.724151e-007
2.600299777161511e-004	-1.209378e-006
2.600325676295910e-004	-2.430175e-006
2.600351913682913e-004	-3.208805e-006
2.600376554922606e-004	-3.658926e-006
2.600398177210582e-004	-3.886341e-006
2.600417972009800e-004	-3.999834e-006
2.600435427523733e-004	-4.040179e-006
2.600454710893766e-004	-4.034789e-006
2.600477469934211e-004	-3.991335e-006
2.600499346191063e-004	-3.914531e-006
2.600530070253804e-004	-3.778581e-006
2.600558920856389e-004	-3.628222e-006
2.600596841713485e-004	-3.418751e-006
2.600637368765659e-004	-3.189004e-006
2.600695591663688e-004	-2.871631e-006
2.600750640759623e-004	-2.592174e-006
2.600841215258700e-004	-2.184479e-006
2.600924964198399e-004	-1.865787e-006
2.601092462077797e-004	-1.368137e-006
2.601283556502853e-004	-9.572565e-007
2.601576698080114e-004	-5.544742e-007
2.601893384074142e-004	-2.985644e-007
2.602247733199518e-004	-1.521074e-007
2.602715057149371e-004	-6.375384e-008
2.603309555630963e-004	-2.200005e-008
2.604330091725150e-004	-3.738273e-009
2.605823377569201e-004	6.549309e-011
2.608809949257304e-004	1.502277e-010
2.995797758931921e-004	9.989430e-011
3.000000000000000e-004	-4.304484e-007
3.000009244938780e-004	-2.993096e-005
3.000027734816338e-004	-8.271608e-005
3.000047535132352e-004	-1.288843e-004
3.000065410777400e-004	-1.603015e-004
3.000093592549512e-004	-1.959205e-004
3.000127065148161e-004	-2.241094e-004
3.000176853891005e-004	-2.483367e-004
3.000239160332609e-004	-2.632132e-004
3.000333795299352e-004	-2.716092e-004
3.000469648866911e-004	-2.748016e-004
3.000713142471413e-004	-2.756028e-004
3.001200129680417e-004	-2.757889e-004
3.002174104098425e-004	-2.759099e-004
3.004122052934442e-004	-2.759782e-004
3.008017950606475e-004	-2.760475e-004
3.015809745950540e-004	-2.761880e-004
3.025575370950540e-004	1.663828e+000
3.032582485724139e-004	6.069854e+000
3.033602623927298e-004	7.418988e+000
3.035642900333615e-004	1.106729e+001
3.037542831546048e-004	1.465812e+001
3.039821018758864e-004	1.906505e+001
3.041389392219007e-004	2.195419e+001
3.042398683749273e-004	2.292686e+001
3.042891962539914e-004	2.135878e+001
3.043173566283455e-004	1.910512e+001
3.043447226498666e-004	1.612930e+001
3.043560316044818e-004	1.398574e+001
3.043656572539139e-004	1.195188e+001
3.043729187228901e-004	1.105389e+001
3.043814928491484e-004	1.052679e+001
3.043901673309680e-004	1.026584e+001
3.044012912757637e-004	1.012406e+001
3.044164348446534e-004	1.005081e+001
3.044339454271200e-004	1.002515e+001
3.044666044558253e-004	1.001508e+001
3.045013595822213e-004	1.001295e+001
3.045708698350131e-004	1.001194e+001
3.046966981227380e-004	1.001022e+001
3.047483434245503e-004	1.000964e+001
3.048516340281749e-004	1.000868e+001
3.050000000000000e-004	1.001154e+001
3.050148365971826e-004	1.000656e+001
3.050445097915476e-004	1.000204e+001
3.051038561802776e-004	1.000008e+001
3.052225489577378e-004	9.999969e+000
3.054006548652359e-004	1.000001e+001
3.057568666802321e-004	9.999985e+000
3.064692903102245e-004	9.999993e+000
3.074458528102245e-004	9.999991e+000
3.084224153102245e-004	9.999991e+000
3.093989778102245e-004	9.999991e+000
3.103755403102245e-004	9.999991e+000
3.113521028102245e-004	9.999991e+000
3.123286653102245e-004	9.999991e+000
3.133052278102245e-004	9.999991e+000
3.142817903102245e-004	9.999991e+000
3.152583528102245e-004	9.999991e+000
3.162349153102245e-004	9.999991e+000
3.172114778102245e-004	9.999991e+000
3.181880403102245e-004	9.999991e+000
3.191646028102245e-004	9.999991e+000
3.201411653102245e-004	9.999991e+000
3.211177278102245e-004	9.999991e+000
3.220942903102245e-004	9.999991e+000
3.230708528102245e-004	9.999991e+000
3.240474153102245e-004	9.999991e+000
3.250239778102245e-004	9.999991e+000
3.260005403102245e-004	9.999991e+000
3.269771028102245e-004	9.999991e+000
3.279536653102245e-004	9.999991e+000
3.289302278102245e-004	9.999991e+000
3.299067903102245e-004	9.999991e+000
3.308833528102245e-004	9.999991e+000
3.318599153102245e-004	9.999991e+000
3.328364778102245e-004	9.999991e+000
3.338130403102245e-004	9.999991e+000
3.347896028102245e-004	9.999991e+000
3.357661653102245e-004	9.999991e+000
3.367427278102245e-004	9.999991e+000
3.377192903102245e-004	9.999991e+000
3.386958528102245e-004	9.999991e+000
3.396724153102245e-004	9.999991e+000
3.406489778102245e-004	9.999991e+000
3.416255403102245e-004	9.999991e+000
3.426021028102245e-004	9.999991e+000
3.435786653102245e-004	9.999991e+000
3.445552278102245e-004	9.999991e+000
3.455317903102245e-004	9.999991e+000
3.465083528102245e-004	9.999991e+000
3.474849153102245e-004	9.999991e+000
3.484614778102245e-004	9.999991e+000
3.494380403102245e-004	9.999991e+000
3.504146028102245e-004	9.999991e+000
3.513911653102245e-004	9.999991e+000
3.523677278102245e-004	9.999991e+000
3.533442903102245e-004	9.999991e+000
3.540234375000001e-004	9.999991e+000
3.550000000000000e-004	9.999931e+000
3.550976562500000e-004	9.995144e+000
3.552929687500000e-004	9.990271e+000
3.556835937500000e-004	9.982010e+000
3.561890861180644e-004	9.951862e+000
3.563708607502358e-004	9.912930e+000
3.564909992092024e-004	9.822077e+000
3.565637202768497e-004	9.608641e+000
3.566177739072879e-004	9.257973e+000
3.566836854988881e-004	8.676743e+000
3.567512449986571e-004	7.938306e+000
3.567933728703912e-004	7.272762e+000
3.568283852733852e-004	6.550154e+000
3.568648520049148e-004	5.799288e+000
3.569265833894527e-004	4.743898e+000
3.570028927995178e-004	3.689635e+000
3.570927710059886e-004	2.687253e+000
3.572517986933029e-004	1.408540e+000
3.575039598159641e-004	2.753271e-001
3.576733286622939e-004	2.526980e-002
3.578283505459875e-004	6.333249e-003
3.579978973254322e-004	3.744117e-004
3.581560336852699e-004	2.459399e-004
3.583260845043425e-004	2.881642e-004
3.586661861424875e-004	2.749133e-004
3.590722169286305e-004	2.753235e-004
3.593610838934401e-004	2.842842e-004
3.594222660703810e-004	2.821069e-004
3.595446304242628e-004	2.748483e-004
3.597229590001782e-004	2.746049e-004
3.598128109930560e-004	2.856802e-004
3.598202960142446e-004	2.838036e-004
3.598352660566220e-004	2.773244e-004
3.598652061413768e-004	2.760178e-004
3.599250863108863e-004	2.759047e-004
3.600000000000000e-004	8.252299e-005
3.600003526960999e-004	1.962464e-004
3.600010580882997e-004	2.399467e-004
3.600024688726992e-004	2.003915e-004
3.600052904414982e-004	1.386288e-004
3.600083294118694e-004	9.121212e-005
3.600112861485906e-004	6.036162e-005
3.600139826928420e-004	4.156118e-005
3.600167688919911e-004	2.843324e-005
3.600195031803739e-004	1.964569e-005
3.600223434284974e-004	1.343398e-005
3.600250813657421e-004	9.362128e-006
3.600279336915178e-004	6.477674e-006
3.600306460226968e-004	4.611574e-006
3.600335532159416e-004	3.246311e-006
3.600362164839907e-004	2.376051e-006
3.600387766029187e-004	1.798202e-006
3.600415422101188e-004	1.360346e-006
3.600440194890492e-004	1.080992e-006
3.600467791742352e-004	8.612855e-007
3.600492491091750e-004	7.194623e-007
3.600518390340302e-004	6.128102e-007
3.600544151232949e-004	5.305977e-007
3.600569296173611e-004	4.759833e-007
3.600597722039615e-004	4.171104e-007
3.600625247629241e-004	3.884811e-007
3.600661617481091e-004	3.375227e-007
3.600695651845580e-004	3.187835e-007
3.600748452166475e-004	2.692767e-007
3.600798663238352e-004	2.501154e-007
3.600883379095868e-004	2.005749e-007
3.600975413995536e-004	1.750198e-007
3.601145921616896e-004	1.213965e-007
3.601375473018267e-004	8.486139e-008
3.601834575821008e-004	3.835699e-008
3.602698797571035e-004	1.158188e-008
3.604427241071087e-004	3.462143e-010
3.607884128071193e-004	2.178240e-010
3.614797902071404e-004	8.975062e-011
3.624563527071404e-004	1.228955e-010
3.634329152071404e-004	1.275566e-010
3.985891652071404e-004	2.804609e-010
3.991314554142808e-004	-4.334500e-010
3.995679283428768e-004	-1.426342e-010
4.000000000000000e-004	-3.864724e-006
4.000009505587004e-004	-3.180994e-005
4.000028516761011e-004	-8.479023e-005
4.000047152946880e-004	-1.281783e-004
4.000065192824976e-004	-1.599123e-004
4.000092799943919e-004	-1.950425e-004
4.000126621944221e-004	-2.237631e-004
4.000175602718017e-004	-2.478975e-004
4.000238083428639e-004	-2.630258e-004
4.000331333532605e-004	-2.714974e-004
4.000466855727651e-004	-2.747685e-004
4.000706185976897e-004	-2.755978e-004
4.001184846475390e-004	-2.757856e-004
4.002142167472376e-004	-2.759077e-004
4.004056809466347e-004	-2.759768e-004
4.007886093454291e-004	-2.760452e-004
4.015544661430178e-004	-2.761831e-004
4.025310286430178e-004	1.668467e+000
4.032665982207333e-004	6.965383e+000
4.036065436310014e-004	1.192763e+001
4.038307966591332e-004	1.613733e+001
4.040108321063199e-004	1.961738e+001
4.041421568795470e-004	2.203106e+001
4.042308558065677e-004	2.304064e+001
4.042792896096917e-004	2.194984e+001
4.043086989549207e-004	1.983518e+001
4.043361229608148e-004	1.721798e+001
4.043489111916228e-004	1.529060e+001
4.043560273538534e-004	1.371454e+001
4.043660083589569e-004	1.172678e+001
4.043722136893851e-004	1.099893e+001
4.043803243892000e-004	1.052671e+001
4.043889716302653e-004	1.027072e+001
4.044010381373354e-004	1.011809e+001
4.044152912279750e-004	1.005064e+001
4.044352268133705e-004	1.002390e+001
4.044643501891434e-004	1.001512e+001
4.045089051444968e-004	1.001293e+001
4.045980150552036e-004	1.001157e+001
4.047680774114184e-004	1.000956e+001
4.050000000000000e-004	1.000827e+001
4.050231922588582e-004	1.000474e+001
4.050695767765746e-004	1.000118e+001
4.051623458120072e-004	9.999878e+000
4.053478838828725e-004	1.000001e+001
4.056077657220815e-004	9.999981e+000
4.061275294004994e-004	9.999995e+000
4.071040919004994e-004	9.999991e+000
4.080806544004994e-004	9.999991e+000
4.090572169004994e-004	9.999991e+000
4.100337794004994e-004	9.999991e+000
4.110103419004994e-004	9.999991e+000
4.119869044004994e-004	9.999991e+000
4.129634669004994e-004	9.999991e+000
4.139400294004994e-004	9.999991e+000
4.149165919004994e-004	9.999991e+000
4.158931544004994e-004	9.999991e+000
4.168697169004994e-004	9.999991e+000
4.178462794004994e-004	9.999991e+000
4.188228419004994e-004	9.999991e+000
4.197994044004994e-004	9.999991e+000
4.207759669004994e-004	9.999991e+000
4.217525294004994e-004	9.999991e+000
4.227290919004994e-004	9.999991e+000
4.237056544004994e-004	9.999991e+000
4.246822169004994e-004	9.999991e+000
4.256587794004994e-004	9.999991e+000
4.266353419004994e-004	9.999991e+000
4.276119044004994e-004	9.999991e+000
4.285884669004994e-004	9.999991e+000
4.295650294004994e-004	9.999991e+000
4.305415919004994e-004	9.999990e+000
4.315181544004994e-004	9.999990e+000
4.324947169004994e-004	9.999991e+000
4.334712794004994e-004	9.999991e+000
4.344478419004994e-004	9.999991e+000
4.354244044004994e-004	9.999991e+000
4.364009669004994e-004	9.999991e+000
4.373775294004994e-004	9.999991e+000
4.383540919004994e-004	9.999991e+000
4.393306544004994e-004	9.999991e+000
4.403072169004994e-004	9.999991e+000
4.412837794004994e-004	9.999991e+000
4.422603419004994e-004	9.999991e+000
4.432369044004994e-004	9.999991e+000
4.442134669004994e-004	9.999991e+000
4.451900294004994e-004	9.999991e+000
4.461665919004994e-004	9.999991e+000
4.471431544004994e-004	9.999991e+000
4.481197169004994e-004	9.999991e+000
4.490962794004994e-004	9.999991e+000
4.500728419004994e-004	9.999991e+000
4.510494044004994e-004	9.999991e+000
4.520259669004994e-004	9.999991e+000
4.530025294004994e-004	9.999991e+000
4.539790919004994e-004	9.999969e+000
4.540234375000001e-004	9.999979e+000
4.541121286990013e-004	9.999995e+000
4.542895110970037e-004	9.999990e+000
4.546442758930086e-004	9.999991e+000
4.550000000000000e-004	1.000002e+001
4.550355724106991e-004	9.996422e+000
4.551067172320974e-004	9.992724e+000
4.552490068748940e-004	9.990627e+000
4.554943814863058e-004	9.987304e+000
4.558962734219660e-004	9.975371e+000
4.562155286275407e-004	9.950508e+000
4.563676619460504e-004	9.918138e+000
4.564637137857097e-004	9.866146e+000
4.565251252207396e-004	9.775121e+000
4.565751692071366e-004	9.569849e+000
4.566243183353553e-004	9.211281e+000
4.566795435951411e-004	8.714227e+000
4.567565626549032e-004	7.861087e+000
4.567986737889884e-004	7.172562e+000
4.568351976781032e-004	6.406406e+000
4.568730525404747e-004	5.649844e+000
4.569487622652176e-004	4.416403e+000
4.570190161512146e-004	3.490577e+000
4.571240790673044e-004	2.390211e+000
4.573038383169104e-004	1.072590e+000
4.575358229358563e-004	1.918002e-001
4.576914554998848e-004	1.820343e-002
4.578539620139674e-004	4.741014e-003
4.580235318228735e-004	1.466454e-004
4.581938794681815e-004	3.095529e-004
4.583703591911568e-004	2.659963e-004
4.587233186371075e-004	2.768575e-004
4.592554809128937e-004	2.632106e-004
4.592806748926057e-004	2.688493e-004
4.593310628520299e-004	2.794393e-004
4.594318387708782e-004	2.761117e-004
4.595470526701327e-004	2.763449e-004
4.597774804686418e-004	2.759429e-004
4.600000000000000e-004	-1.729616e-005
4.600006853578887e-004	1.513580e-004
4.600020560736660e-004	2.099111e-004
4.600047975052207e-004	1.463254e-004
4.600074643723291e-004	1.010169e-004
4.600100754063671e-004	7.061654e-005
4.600129521688047e-004	4.765495e-005
4.600156969744721e-004	3.270534e-005
4.600185451415331e-004	2.221263e-005
4.600212684035952e-004	1.539373e-005
4.600241084042380e-004	1.056533e-005
4.600268362618669e-004	7.407798e-006
4.600296993365769e-004	5.151970e-006
4.600324100800562e-004	3.697232e-006
4.600353265368811e-004	2.627971e-006
4.600379914312651e-004	1.947002e-006
4.600405600460235e-004	1.492561e-006
4.600433351891182e-004	1.147514e-006
4.600458323678496e-004	9.253397e-007
4.600486104376593e-004	7.487115e-007
4.600510422781185e-004	6.364209e-007
4.600536946289561e-004	5.536758e-007
4.600565472194838e-004	4.791545e-007
4.600592061221076e-004	4.336950e-007
4.600625206329521e-004	3.776313e-007
4.600656618616099e-004	3.498414e-007
4.600700245265008e-004	3.037463e-007
4.600739631302354e-004	2.834454e-007
4.600803135964787e-004	2.382253e-007
4.600863721177336e-004	2.168641e-007
4.600971421878829e-004	1.689870e-007
4.601090893260279e-004	1.397566e-007
4.601320338593474e-004	8.880909e-008
4.601653743028714e-004	5.259578e-008
4.602320551899193e-004	1.805541e-008
4.603649584659430e-004	3.040062e-009
4.606307650179903e-004	-2.473068e-010
4.611623781220849e-004	2.509877e-010
4.621389406220849e-004	1.222134e-010
4.631155031220849e-004	1.278408e-010
4.640920656220849e-004	1.234639e-010
4.670217531220849e-004	1.260219e-010
4.990234375000000e-004	9.615578e-011
5.000000000000000e-004	-3.157577e-006
5.000021484393769e-004	-5.898394e-005
5.000064453181309e-004	-1.416035e-004
5.000150390756387e-004	-2.334574e-004
5.000207084841031e-004	-2.596164e-004
5.000272362722717e-004	-2.687812e-004
5.000362915353864e-004	-2.731642e-004
5.000544020616156e-004	-2.752035e-004
5.000861774162717e-004	-2.757080e-004
5.001497281255841e-004	-2.758373e-004
5.002768295442087e-004	-2.759426e-004
5.005310323814580e-004	-2.759996e-004
5.010394380559566e-004	-2.760901e-004
5.020160005559566e-004	5.678574e-001
5.029925630559566e-004	3.829804e+000
5.033682556938812e-004	7.799538e+000
5.036234356953012e-004	1.218105e+001
5.038212823993657e-004	1.594927e+001
5.040028166362677e-004	1.946426e+001
5.041355231826480e-004	2.192126e+001
5.042291299115193e-004	2.305148e+001
5.042792108814014e-004	2.201739e+001
5.043091636417113e-004	1.990746e+001
5.043374191330915e-004	1.717158e+001
5.043502340104119e-004	1.520027e+001
5.043574462304904e-004	1.360809e+001
5.043674564091151e-004	1.166898e+001
5.043739499208700e-004	1.094735e+001
5.043831473562214e-004	1.045607e+001
5.043914652630883e-004	1.023793e+001
5.044045193292445e-004	1.010023e+001
5.044186757722525e-004	1.004442e+001
5.044411032693838e-004	1.002130e+001
5.044708176985953e-004	1.001444e+001
5.045228709417560e-004	1.001269e+001
5.046232901707269e-004	1.001123e+001
5.047991615420581e-004	1.000923e+001
5.050000000000000e-004	1.000793e+001
5.050200838457943e-004	1.000484e+001
5.050602515373826e-004	1.000142e+001
5.051405869205594e-004	9.999915e+000
5.053012576869130e-004	9.999999e+000
5.055293353310357e-004	9.999990e+000
5.059854906192811e-004	9.999991e+000
5.068978011957719e-004	9.999991e+000
5.078743636957719e-004	9.999991e+000
5.088509261957719e-004	9.999991e+000
5.098274886957719e-004	9.999991e+000
5.108040511957719e-004	9.999991e+000
5.117806136957719e-004	9.999991e+000
5.127571761957719e-004	9.999991e+000
5.137337386957719e-004	9.999991e+000
5.147103011957719e-004	9.999991e+000
5.156868636957719e-004	9.999991e+000
5.166634261957719e-004	9.999991e+000
5.176399886957719e-004	9.999991e+000
5.186165511957719e-004	9.999990e+000
5.195931136957719e-004	9.999991e+000
5.205696761957719e-004	9.999991e+000
5.215462386957719e-004	9.999991e+000
5.225228011957719e-004	9.999991e+000
5.234993636957719e-004	9.999991e+000
5.244759261957719e-004	9.999991e+000
5.254524886957719e-004	9.999991e+000
5.264290511957719e-004	9.999991e+000
5.274056136957719e-004	9.999991e+000
5.283821761957719e-004	9.999991e+000
5.293587386957719e-004	9.999991e+000
5.303353011957719e-004	9.999991e+000
5.313118636957719e-004	9.999991e+000
5.322884261957719e-004	9.999991e+000
5.332649886957719e-004	9.999991e+000
5.342415511957719e-004	9.999991e+000
5.352181136957719e-004	9.999991e+000
5.361946761957719e-004	9.999991e+000
5.371712386957719e-004	9.999991e+000
5.381478011957719e-004	9.999991e+000
5.391243636957719e-004	9.999991e+000
5.401009261957719e-004	9.999991e+000
5.410774886957719e-004	9.999991e+000
5.420540511957719e-004	9.999991e+000
5.430306136957719e-004	9.999991e+000
5.440071761957720e-004	9.999991e+000
5.449837386957720e-004	9.999991e+000
5.459603011957720e-004	9.999991e+000
5.469368636957720e-004	9.999991e+000
5.479134261957720e-004	9.999991e+000
5.488899886957720e-004	9.999991e+000
5.498665511957720e-004	9.999991e+000
5.508431136957720e-004	9.999991e+000
5.518196761957720e-004	9.999991e+000
5.527962386957720e-004	9.999991e+000
5.537728011957720e-004	9.999988e+000
5.540234375000001e-004	9.999989e+000
5.545247101084562e-004	9.999991e+000
5.550000000000001e-004	1.000007e+001
5.550475289891545e-004	9.996060e+000
5.551425869674633e-004	9.992188e+000
5.553327029240808e-004	9.989683e+000
5.556258723109902e-004	9.984585e+000
5.560184382785496e-004	9.968950e+000
5.562731489609234e-004	9.940942e+000
5.564104135185471e-004	9.899463e+000
5.564955098283054e-004	9.828942e+000
5.565523435046760e-004	9.677862e+000
5.566006847600867e-004	9.391539e+000
5.566645063684876e-004	8.858813e+000
5.567249191096949e-004	8.263422e+000
5.567735099556025e-004	7.622764e+000
5.568088135519828e-004	6.969460e+000
5.568454570051189e-004	6.186184e+000
5.568860585478183e-004	5.404119e+000
5.569565643017760e-004	4.301333e+000
5.570292775610412e-004	3.371511e+000
5.571440019847072e-004	2.215570e+000
5.573415117908478e-004	8.714998e-001
5.575628141374996e-004	1.462722e-001
5.577130209793494e-004	1.631214e-002
5.578930454855196e-004	3.158151e-003
5.580738934814187e-004	-3.088230e-006
5.582423056674781e-004	3.938874e-004
5.584452184973433e-004	2.446959e-004
5.588510441570737e-004	2.775975e-004
5.592116711899178e-004	2.786651e-004
5.592787459343119e-004	2.801266e-004
5.594128954231002e-004	2.782987e-004
5.596811944006767e-004	2.784067e-004
5.597460682467622e-004	2.777998e-004
5.598758159389331e-004	2.758666e-004
5.600000000000001e-004	3.790816e-004
5.600003603483906e-004	2.950887e-004
5.600010810451717e-004	2.334021e-004
5.600025224387340e-004	1.936456e-004
5.600052087584502e-004	1.365620e-004
5.600083698820904e-004	8.848753e-005
5.600112371012865e-004	5.921048e-005
5.600140139479778e-004	4.035785e-005
5.600167237526139e-004	2.789164e-005
5.600195325447113e-004	1.908834e-005
5.600222926179050e-004	1.319612e-005
5.600251206767121e-004	9.092255e-006
5.600278643862971e-004	6.384491e-006
5.600307138633302e-004	4.468553e-006
5.600334353096554e-004	3.221945e-006
5.600363489474808e-004	2.308657e-006
5.600390202518801e-004	1.724475e-006
5.600415902708625e-004	1.334512e-006
5.600443690933580e-004	1.037284e-006
5.600468616572254e-004	8.458194e-007
5.600496460616261e-004	6.965847e-007
5.600523019621197e-004	5.916552e-007
5.600548786178711e-004	5.222760e-007
5.600580432338685e-004	4.478378e-007
5.600609130312342e-004	4.073601e-007
5.600649503584785e-004	3.494322e-007
5.600686583731034e-004	3.222740e-007
5.600747050920212e-004	2.700972e-007
5.600804264273164e-004	2.454169e-007
5.600918690979070e-004	1.887718e-007
5.601035633740788e-004	1.550739e-007
5.601269519264223e-004	9.869776e-008
5.601622144172970e-004	5.641982e-008
5.602327393990464e-004	1.865199e-008
5.603737893625450e-004	2.691157e-009
5.606558892895424e-004	-2.333991e-010
5.612200891435370e-004	2.354735e-010
5.621966516435370e-004	1.212470e-010
5.631732141435370e-004	1.282956e-010
5.641497766435370e-004	1.227818e-010
5.651263391435370e-004	1.276135e-010
5.684745534292513e-004	1.265130e-010
5.718227677149656e-004	1.256764e-010
5.751709820006800e-004	1.251039e-010
5.785191962863941e-004	1.247953e-010
5.818674105721085e-004	1.247507e-010
5.852156248578228e-004	1.249701e-010
5.885638391435371e-004	1.254534e-010
5.990234375000001e-004	8.858001e-011
6.000000000000001e-004	-2.645781e-006
6.000021484393698e-004	-5.881253e-005
6.000064453181095e-004	-1.416034e-004
6.000150390755888e-004	-2.334574e-004
6.000207084574489e-004	-2.596163e-004
6.000272362551806e-004	-2.687812e-004
6.000362914965764e-004	-2.731641e-004
6.000544019793681e-004	-2.752035e-004
6.000861772312133e-004	-2.757080e-004
6.001497277349038e-004	-2.758373e-004
6.002768287422848e-004	-2.759426e-004
6.005310307570468e-004	-2.759996e-004
6.010394347865708e-004	-2.760901e-004
6.020159972865708e-004	5.678489e-001
6.029925597865708e-004	3.829767e+000
6.033682523750599e-004	7.799485e+000
6.036234336063720e-004	1.218101e+001
6.038212802445832e-004	1.594923e+001
6.040028145600270e-004	1.946422e+001
6.041355220926017e-004	2.192124e+001
6.042291297772962e-004	2.305148e+001
6.042792109935697e-004	2.201738e+001
6.043091637893124e-004	1.990745e+001
6.043374193722163e-004	1.717155e+001
6.043502341642604e-004	1.520023e+001
6.043574464143578e-004	1.360804e+001
6.043674565615475e-004	1.166896e+001
6.043739502409576e-004	1.094733e+001
6.043831475742398e-004	1.045606e+001
6.043914655940228e-004	1.023793e+001
6.044045196753551e-004	1.010023e+001
6.044186763075967e-004	1.004442e+001
6.044411040460374e-004	1.002130e+001
6.044708187364926e-004	1.001444e+001
6.045228733764438e-004	1.001269e+001
6.046232926863385e-004	1.001123e+001
6.047991613802108e-004	1.000923e+001
6.050000000000001e-004	1.000793e+001
6.050200838619789e-004	1.000484e+001
6.050602515859368e-004	1.000142e+001
6.051405870338525e-004	9.999915e+000
6.053012579296839e-004	9.999999e+000
6.055293357457344e-004	9.999990e+000
6.059854913778353e-004	9.999991e+000
6.068978026420371e-004	9.999991e+000
6.078743651420371e-004	9.999991e+000
6.088509276420371e-004	9.999991e+000
6.098274901420371e-004	9.999991e+000
6.108040526420371e-004	9.999991e+000
6.117806151420371e-004	9.999991e+000
6.127571776420371e-004	9.999991e+000
6.137337401420371e-004	9.999991e+000
6.147103026420371e-004	9.999991e+000
6.156868651420371e-004	9.999991e+000
6.166634276420371e-004	9.999991e+000
6.176399901420371e-004	9.999991e+000
6.186165526420371e-004	9.999990e+000
6.195931151420371e-004	9.999991e+000
6.205696776420371e-004	9.999991e+000
6.215462401420371e-004	9.999991e+000
6.225228026420371e-004	9.999991e+000
6.234993651420371e-004	9.999991e+000
6.244759276420371e-004	9.999991e+000
6.254524901420371e-004	9.999991e+000
6.264290526420371e-004	9.999991e+000
6.274056151420371e-004	9.999991e+000
6.283821776420371e-004	9.999991e+000
6.293587401420371e-004	9.999991e+000
6.303353026420371e-004	9.999991e+000
6.313118651420371e-004	9.999991e+000
6.322884276420371e-004	9.999991e+000
6.332649901420371e-004	9.999991e+000
6.342415526420371e-004	9.999991e+000
6.352181151420371e-004	9.999991e+000
6.361946776420371e-004	9.999991e+000
6.371712401420371e-004	9.999991e+000
6.381478026420371e-004	9.999991e+000
6.391243651420371e-004	9.999991e+000
6.401009276420371e-004	9.999991e+000
6.410774901420371e-004	9.999991e+000
6.420540526420371e-004	9.999991e+000
6.430306151420371e-004	9.999991e+000
6.440071776420371e-004	9.999991e+000
6.449837401420371e-004	9.999991e+000
6.459603026420371e-004	9.999991e+000
6.469368651420371e-004	9.999991e+000
6.479134276420371e-004	9.999991e+000
6.488899901420371e-004	9.999991e+000
6.498665526420371e-004	9.999991e+000
6.508431151420371e-004	9.999991e+000
6.518196776420371e-004	9.999991e+000
6.527962401420371e-004	9.999991e+000
6.537728026420371e-004	9.999988e+000
6.540234375000001e-004	9.999989e+000
6.545247072159261e-004	9.999991e+000
6.550000000000001e-004	1.000007e+001
6.550475292784075e-004	9.996060e+000
6.551425878352223e-004	9.992188e+000
6.553327049488519e-004	9.989683e+000
6.556258755068961e-004	9.984585e+000
6.560184384734228e-004	9.968950e+000
6.562731478062773e-004	9.940942e+000
6.564104120748524e-004	9.899464e+000
6.564955081890581e-004	9.828945e+000
6.565523419255558e-004	9.677869e+000
6.566006831140332e-004	9.391551e+000
6.566645054821998e-004	8.858822e+000
6.567249173488628e-004	8.263441e+000
6.567735092135174e-004	7.622776e+000
6.568088130466592e-004	6.969470e+000
6.568454568565265e-004	6.186187e+000
6.568860580490389e-004	5.404128e+000
6.569565638270424e-004	4.301340e+000
6.570292769838588e-004	3.371517e+000
6.571440009820655e-004	2.215579e+000
6.573415098084035e-004	8.715097e-001
6.575628127579786e-004	1.462744e-001
6.577130198257176e-004	1.631223e-002
6.578930431118073e-004	3.158226e-003
6.580738901136876e-004	-3.087116e-006
6.582423031566512e-004	3.938810e-004
6.584452137800265e-004	2.446965e-004
6.588510350267769e-004	2.775975e-004
6.592116581618735e-004	2.786645e-004
6.592787537298069e-004	2.801257e-004
6.594129448656737e-004	2.782975e-004
6.596813271374074e-004	2.784157e-004
6.597460149260363e-004	2.778050e-004
6.598753905032942e-004	2.758607e-004
6.600000000000001e-004	3.790503e-004
6.600003611802590e-004	2.950505e-004
6.600010835407769e-004	2.333335e-004
6.600025282618126e-004	1.935063e-004
6.600052162861376e-004	1.364265e-004
6.600083764752087e-004	8.840836e-005
6.600112435508772e-004	5.915965e-005
6.600140200770442e-004	4.032537e-005
6.600167302171499e-004	2.786817e-005
6.600195388438361e-004	1.907279e-005
6.600222990945765e-004	1.318521e-005
6.600251269697778e-004	9.085084e-006
6.600278708412290e-004	6.379452e-006
6.600307201603086e-004	4.465226e-006
6.600334417870577e-004	3.219574e-006
6.600363552220851e-004	2.307104e-006
6.600390267790298e-004	1.723373e-006
6.600415972134289e-004	1.333681e-006
6.600443761649051e-004	1.036700e-006
6.600468693388986e-004	8.453591e-007
6.600496539777965e-004	6.962164e-007
6.600523092436543e-004	5.913888e-007
6.600548869383798e-004	5.220349e-007
6.600580514239270e-004	4.476795e-007
6.600609210625065e-004	4.072238e-007
6.600649574167356e-004	3.493526e-007
6.600686645066217e-004	3.221961e-007
6.600747091129569e-004	2.700720e-007
6.600804284268656e-004	2.453928e-007
6.600918670546827e-004	1.887791e-007
6.601035541027255e-004	1.550907e-007
6.601269281988110e-004	9.873922e-008
6.601621566720011e-004	5.646784e-008
6.602326136183811e-004	1.868678e-008
6.603735275111412e-004	2.700934e-009
6.606553552966615e-004	-2.332854e-010
6.612190108677020e-004	2.356111e-010
6.621955733677020e-004	1.213039e-010
6.631721358677020e-004	1.282956e-010
6.641486983677020e-004	1.228386e-010
6.651252608677020e-004	1.278408e-010
6.686129840819877e-004	1.267163e-010
6.721007072962734e-004	1.258421e-010
6.755884305105591e-004	1.252182e-010
6.790761537248450e-004	1.248447e-010
6.825638769391307e-004	1.247215e-010
6.860516001534164e-004	1.248486e-010
6.895393233677021e-004	1.252261e-010
6.963752608677021e-004	1.254534e-010
6.990234375000001e-004	8.907816e-011
7.000000000000001e-004	-2.640052e-006
7.000021484393697e-004	-5.881060e-005
7.000064453181088e-004	-1.416034e-004
7.000150390755870e-004	-2.334574e-004
7.000207084563155e-004	-2.596163e-004
7.000272362544779e-004	-2.687812e-004
7.000362914949943e-004	-2.731641e-004
7.000544019760271e-004	-2.752035e-004
7.000861772264310e-004	-2.757080e-004
7.001497277272386e-004	-2.758373e-004
7.002768287288539e-004	-2.759426e-004
7.005310307320845e-004	-2.759996e-004
7.010394347385457e-004	-2.760901e-004
7.020159972385457e-004	5.678487e-001
7.029925597385457e-004	3.829766e+000
7.033682523263176e-004	7.799484e+000
7.036234335756809e-004	1.218101e+001
7.038212802129290e-004	1.594923e+001
7.040028145295284e-004	1.946422e+001
7.041355220766009e-004	2.192124e+001
7.042291297753375e-004	2.305148e+001
7.042792109952284e-004	2.201738e+001
7.043091637914900e-004	1.990745e+001
7.043374193757409e-004	1.717155e+001
7.043502341665313e-004	1.520023e+001
7.043574464170709e-004	1.360804e+001
7.043674565637980e-004	1.166896e+001
7.043739502456764e-004	1.094733e+001
7.043831475774558e-004	1.045606e+001
7.043914655989015e-004	1.023793e+001
7.044045196804579e-004	1.010022e+001
7.044186763154865e-004	1.004442e+001
7.044411040574822e-004	1.002130e+001
7.044708187517852e-004	1.001444e+001
7.045228734123084e-004	1.001269e+001
7.046232927233948e-004	1.001123e+001
7.047991613778271e-004	1.000923e+001
7.050000000000000e-004	1.000793e+001
7.050200838622173e-004	1.000484e+001
7.050602515866519e-004	1.000142e+001
7.051405870355210e-004	9.999915e+000
7.053012579332594e-004	9.999999e+000
7.055293357518416e-004	9.999990e+000
7.059854913890060e-004	9.999991e+000
7.068978026633348e-004	9.999991e+000
7.078743651633348e-004	9.999991e+000
7.088509276633348e-004	9.999991e+000
7.098274901633348e-004	9.999991e+000
7.108040526633348e-004	9.999991e+000
7.117806151633348e-004	9.999991e+000
7.127571776633348e-004	9.999991e+000
7.137337401633348e-004	9.999991e+000
7.147103026633348e-004	9.999991e+000
7.156868651633348e-004	9.999991e+000
7.166634276633349e-004	9.999991e+000
7.176399901633349e-004	9.999991e+000
7.186165526633349e-004	9.999990e+000
7.195931151633349e-004	9.999991e+000
7.205696776633349e-004	9.999991e+000
7.215462401633349e-004	9.999991e+000
7.225228026633349e-004	9.999991e+000
7.234993651633349e-004	9.999991e+000
7.244759276633349e-004	9.999991e+000
7.254524901633349e-004	9.999991e+000
7.264290526633349e-004	9.999991e+000
7.274056151633349e-004	9.999991e+000
7.283821776633349e-004	9.999991e+000
7.293587401633349e-004	9.999991e+000
7.303353026633349e-004	9.999991e+000
7.313118651633349e-004	9.999991e+000
7.322884276633349e-004	9.999991e+000
7.332649901633349e-004	9.999991e+000
7.342415526633349e-004	9.999991e+000
7.352181151633349e-004	9.999991e+000
7.361946776633349e-004	9.999991e+000
7.371712401633349e-004	9.999991e+000
7.381478026633349e-004	9.999991e+000
7.391243651633349e-004	9.999991e+000
7.401009276633349e-004	9.999991e+000
7.410774901633349e-004	9.999991e+000
7.420540526633349e-004	9.999991e+000
7.430306151633349e-004	9.999991e+000
7.440071776633349e-004	9.999991e+000
7.449837401633349e-004	9.999991e+000
7.459603026633349e-004	9.999991e+000
7.469368651633349e-004	9.999991e+000
7.479134276633349e-004	9.999991e+000
7.488899901633349e-004	9.999991e+000
7.498665526633349e-004	9.999991e+000
7.508431151633349e-004	9.999991e+000
7.518196776633349e-004	9.999991e+000
7.527962401633349e-004	9.999991e+000
7.537728026633349e-004	9.999988e+000
7.540234375000000e-004	9.999989e+000
7.545247071733303e-004	9.999991e+000
7.550000000000000e-004	1.000007e+001
7.550475292826670e-004	9.996060e+000
7.551425878480010e-004	9.992188e+000
7.553327049786688e-004	9.989683e+000
7.556258755539588e-004	9.984585e+000
7.560184384762920e-004	9.968950e+000
7.562731477892698e-004	9.940942e+000
7.564104120535874e-004	9.899464e+000
7.564955081649128e-004	9.828945e+000
7.565523419022962e-004	9.677869e+000
7.566006830897875e-004	9.391551e+000
7.566645054691460e-004	8.858822e+000
7.567249173229162e-004	8.263442e+000
7.567735092025822e-004	7.622776e+000
7.568088130392117e-004	6.969471e+000
7.568454568543339e-004	6.186187e+000
7.568860580416873e-004	5.404128e+000
7.569565638200486e-004	4.301340e+000
7.570292769753566e-004	3.371517e+000
7.571440009672990e-004	2.215579e+000
7.573415097791762e-004	8.715098e-001
7.575628127375718e-004	1.462744e-001
7.577130198086404e-004	1.631223e-002
7.578930430766792e-004	3.158227e-003
7.580738900638520e-004	-3.087066e-006
7.582423031195260e-004	3.938809e-004
7.584452137102326e-004	2.446965e-004
7.588510348916459e-004	2.775975e-004
7.592116579673365e-004	2.786645e-004
7.592787538486189e-004	2.801257e-004
7.594129456111837e-004	2.782975e-004
7.596813291363132e-004	2.784159e-004
7.597460141231707e-004	2.778051e-004
7.598753840968857e-004	2.758606e-004
7.600000000000000e-004	3.790498e-004
7.600003611927851e-004	2.950499e-004
7.600010835783552e-004	2.333325e-004
7.600025283494955e-004	1.935042e-004
7.600052164011876e-004	1.364244e-004
7.600083765749592e-004	8.840716e-005
7.600112436493116e-004	5.915887e-005
7.600140201699427e-004	4.032487e-005
7.600167303155915e-004	2.786781e-005
7.600195389392191e-004	1.907256e-005
7.600222991933192e-004	1.318504e-005
7.600251270653945e-004	9.084974e-006
7.600278709388772e-004	6.379377e-006
7.600307202565931e-004	4.465176e-006
7.600334418856243e-004	3.219539e-006
7.600363553165278e-004	2.307083e-006
7.600390268804661e-004	1.723357e-006
7.600415973224765e-004	1.333668e-006
7.600443762756653e-004	1.036692e-006
7.600468694750220e-004	8.453515e-007
7.600496541173034e-004	6.962096e-007
7.600523093566817e-004	5.913852e-007
7.600548870805474e-004	5.220327e-007
7.600580515652513e-004	4.476791e-007
7.600609212074013e-004	4.072218e-007
7.600649575121654e-004	3.493519e-007
7.600686645712483e-004	3.221946e-007
7.600747090147944e-004	2.700714e-007
7.600804281017637e-004	2.453934e-007
7.600918662757022e-004	1.887804e-007
7.601035521673522e-004	1.550974e-007
7.601269239506524e-004	9.874717e-008
7.601621454325737e-004	5.647739e-008
7.602325883964165e-004	1.869360e-008
7.603734743241019e-004	2.702450e-009
7.606552461794726e-004	-2.329443e-010
7.612187898902140e-004	2.361941e-010
7.621953523902140e-004	1.211902e-010
7.631719148902140e-004	1.282388e-010
7.641484773902140e-004	1.227818e-010
7.651250398902140e-004	1.278408e-010
7.688917809616426e-004	1.266541e-010
7.726585220330711e-004	1.257466e-010
7.764252631044997e-004	1.251182e-010
7.801920041759284e-004	1.247690e-010
7.839587452473570e-004	1.246990e-010
7.877254863187855e-004	1.249082e-010
7.914922273902141e-004	1.253966e-010
7.990234375000000e-004	8.943564e-011
8.000000000000000e-004	-2.639904e-006
8.000021484393696e-004	-5.881055e-005
8.000064453181087e-004	-1.416034e-004
8.000150390755869e-004	-2.334574e-004
8.000207084565018e-004	-2.596163e-004
8.000272362546217e-004	-2.687812e-004
8.000362914949814e-004	-2.731641e-004
8.000544019757009e-004	-2.752035e-004
8.000861772254741e-004	-2.757080e-004
8.001497277250203e-004	-2.758373e-004
8.002768287241129e-004	-2.759426e-004
8.005310307222980e-004	-2.759996e-004
8.010394347186683e-004	-2.760901e-004
8.020159972186683e-004	5.678487e-001
8.029925597186683e-004	3.829766e+000
8.033682523061389e-004	7.799484e+000
8.036234335629823e-004	1.218101e+001
8.038212801998292e-004	1.594923e+001
8.040028145169081e-004	1.946422e+001
8.041355220699720e-004	2.192124e+001
8.042291297745170e-004	2.305148e+001
8.042792109959069e-004	2.201738e+001
8.043091637923847e-004	1.990745e+001
8.043374193771897e-004	1.717155e+001
8.043502341674671e-004	1.520023e+001
8.043574464181894e-004	1.360804e+001
8.043674565647262e-004	1.166896e+001
8.043739502476220e-004	1.094733e+001
8.043831475787828e-004	1.045606e+001
8.043914656009129e-004	1.023793e+001
8.044045196825664e-004	1.010022e+001
8.044186763187385e-004	1.004442e+001
8.044411040622150e-004	1.002130e+001
8.044708187580833e-004	1.001444e+001
8.045228734271582e-004	1.001269e+001
8.046232927385634e-004	1.001123e+001
8.047991613771895e-004	1.000923e+001
8.050000000000001e-004	1.000793e+001
8.050200838622811e-004	1.000484e+001
8.050602515868432e-004	1.000142e+001
8.051405870359673e-004	9.999915e+000
8.053012579342158e-004	9.999999e+000
8.055293357534982e-004	9.999990e+000
8.059854913920631e-004	9.999991e+000
8.068978026691928e-004	9.999991e+000
8.078743651691928e-004	9.999991e+000
8.088509276691928e-004	9.999991e+000
8.098274901691928e-004	9.999991e+000
8.108040526691928e-004	9.999991e+000
8.117806151691928e-004	9.999991e+000
8.127571776691928e-004	9.999991e+000
8.137337401691928e-004	9.999991e+000
8.147103026691928e-004	9.999991e+000
8.156868651691928e-004	9.999991e+000
8.166634276691928e-004	9.999991e+000
8.176399901691928e-004	9.999991e+000
8.186165526691928e-004	9.999990e+000
8.195931151691928e-004	9.999991e+000
8.205696776691928e-004	9.999991e+000
8.215462401691928e-004	9.999991e+000
8.225228026691928e-004	9.999991e+000
8.234993651691928e-004	9.999991e+000
8.244759276691928e-004	9.999991e+000
8.254524901691928e-004	9.999991e+000
8.264290526691928e-004	9.999991e+000
8.274056151691929e-004	9.999991e+000
8.283821776691929e-004	9.999991e+000
8.293587401691929e-004	9.999991e+000
8.303353026691929e-004	9.999991e+000
8.313118651691929e-004	9.999991e+000
8.322884276691929e-004	9.999991e+000
8.332649901691929e-004	9.999991e+000
8.342415526691929e-004	9.999991e+000
8.352181151691929e-004	9.999991e+000
8.361946776691929e-004	9.999991e+000
8.371712401691929e-004	9.999991e+000
8.381478026691929e-004	9.999991e+000
8.391243651691929e-004	9.999991e+000
8.401009276691929e-004	9.999991e+000
8.410774901691929e-004	9.999991e+000
8.420540526691929e-004	9.999991e+000
8.430306151691929e-004	9.999991e+000
8.440071776691929e-004	9.999991e+000
8.449837401691929e-004	9.999991e+000
8.459603026691929e-004	9.999991e+000
8.469368651691929e-004	9.999991e+000
8.479134276691929e-004	9.999991e+000
8.488899901691929e-004	9.999991e+000
8.498665526691929e-004	9.999991e+000
8.508431151691929e-004	9.999991e+000
8.518196776691929e-004	9.999991e+000
8.527962401691929e-004	9.999991e+000
8.537728026691929e-004	9.999988e+000
8.540234375000001e-004	9.999989e+000
8.545247071616145e-004	9.999991e+000
8.550000000000001e-004	1.000007e+001
8.550475292838386e-004	9.996060e+000
8.551425878515158e-004	9.992188e+000
8.553327049868700e-004	9.989683e+000
8.556258755669021e-004	9.984585e+000
8.560184384770776e-004	9.968950e+000
8.562731477845935e-004	9.940942e+000
8.564104120477403e-004	9.899464e+000
8.564955081582737e-004	9.828945e+000
8.565523418959005e-004	9.677869e+000
8.566006830831210e-004	9.391551e+000
8.566645054655576e-004	8.858822e+000
8.567249173157857e-004	8.263442e+000
8.567735091995776e-004	7.622776e+000
8.568088130371658e-004	6.969471e+000
8.568454568537344e-004	6.186187e+000
8.568860580396675e-004	5.404128e+000
8.569565638181232e-004	4.301340e+000
8.570292769730121e-004	3.371517e+000
8.571440009632229e-004	2.215579e+000
8.573415097711881e-004	8.715099e-001
8.575628127320504e-004	1.462744e-001
8.577130198040186e-004	1.631224e-002
8.578930430671590e-004	3.158228e-003
8.580738900503410e-004	-3.087095e-006
8.582423031094365e-004	3.938808e-004
8.584452136912995e-004	2.446965e-004
8.588510348550255e-004	2.775975e-004
8.592116579150184e-004	2.786645e-004
8.592787538800144e-004	2.801257e-004
8.594129458100064e-004	2.782975e-004
8.596813296699905e-004	2.784159e-004
8.597460139086770e-004	2.778051e-004
8.598753823860502e-004	2.758606e-004
8.600000000000001e-004	3.790497e-004
8.600003611961317e-004	2.950498e-004
8.600010835883948e-004	2.333322e-004
8.600025283729210e-004	1.935036e-004
8.600052164308519e-004	1.364239e-004
8.600083766011064e-004	8.840686e-005
8.600112436746611e-004	5.915867e-005
8.600140201940011e-004	4.032475e-005
8.600167303413193e-004	2.786772e-005
8.600195389640744e-004	1.907250e-005
8.600222992188391e-004	1.318500e-005
8.600251270898259e-004	9.084945e-006
8.600278709647900e-004	6.379355e-006
8.600307202811515e-004	4.465162e-006
8.600334419109494e-004	3.219529e-006
8.600363553422924e-004	2.307075e-006
8.600390269041364e-004	1.723352e-006
8.600415973445882e-004	1.333665e-006
8.600443762991890e-004	1.036687e-006
8.600468694906791e-004	8.453492e-007
8.600496541304857e-004	6.962108e-007
8.600523093577270e-004	5.913846e-007
8.600548870707224e-004	5.220314e-007
8.600580515755850e-004	4.476770e-007
8.600609212469980e-004	4.072164e-007
8.600649576264540e-004	3.493473e-007
8.600686647242368e-004	3.221917e-007
8.600747090357666e-004	2.700667e-007
8.600804279201833e-004	2.453912e-007
8.600918656890166e-004	1.887840e-007
8.601035516489192e-004	1.550992e-007
8.601269235687244e-004	9.874824e-008
8.601621468678246e-004	5.647723e-008
8.602325934660248e-004	1.869247e-008
8.603734866624251e-004	2.702374e-009
8.606552730552259e-004	-2.330201e-010
8.612188458408274e-004	2.359650e-010
8.621954083408274e-004	1.214744e-010
8.631719708408274e-004	1.280682e-010
8.641485333408274e-004	1.224407e-010
8.651250958408274e-004	1.274998e-010
8.687523279836845e-004	1.264487e-010
8.723795601265417e-004	1.256478e-010
8.760067922693988e-004	1.250971e-010
8.796340244122560e-004	1.247966e-010
8.832612565551131e-004	1.247464e-010
8.868884886979703e-004	1.249464e-010
8.905157208408274e-004	1.253966e-010
8.990234375000001e-004	8.910956e-011
9.000000000000001e-004	-2.639910e-006
9.000021484393696e-004	-5.881056e-005
9.000064453181087e-004	-1.416035e-004
9.000150390755868e-004	-2.334574e-004
9.000207084564016e-004	-2.596163e-004
9.000272362545422e-004	-2.687812e-004
9.000362914947842e-004	-2.731641e-004
9.000544019752681e-004	-2.752035e-004
9.000861772247691e-004	-2.757080e-004
9.001497277237709e-004	-2.758373e-004
9.002768287217747e-004	-2.759426e-004
9.005310307177822e-004	-2.759996e-004
9.010394347097971e-004	-2.760901e-004
9.020159972097971e-004	5.678487e-001
9.029925597097971e-004	3.829766e+000
9.033682522971243e-004	7.799484e+000
9.036234335573187e-004	1.218101e+001
9.038212801939678e-004	1.594923e+001
9.040028145112705e-004	1.946422e+001
9.041355220670141e-004	2.192124e+001
9.042291297741582e-004	2.305148e+001
9.042792109962166e-004	2.201738e+001
9.043091637927901e-004	1.990745e+001
9.043374193778431e-004	1.717155e+001
9.043502341678887e-004	1.520023e+001
9.043574464186929e-004	1.360804e+001
9.043674565651440e-004	1.166896e+001
9.043739502484963e-004	1.094733e+001
9.043831475793792e-004	1.045606e+001
9.043914656018167e-004	1.023793e+001
9.044045196835122e-004	1.010022e+001
9.044186763201990e-004	1.004442e+001
9.044411040643351e-004	1.002130e+001
9.044708187609127e-004	1.001444e+001
9.045228734338030e-004	1.001269e+001
9.046232927454031e-004	1.001123e+001
9.047991613767997e-004	1.000923e+001
9.050000000000001e-004	1.000793e+001
9.050200838623202e-004	1.000484e+001
9.050602515869602e-004	1.000142e+001
9.051405870362404e-004	9.999915e+000
9.053012579348008e-004	9.999999e+000
9.055293357544985e-004	9.999990e+000
9.059854913938940e-004	9.999991e+000
9.068978026726851e-004	9.999991e+000
9.078743651726851e-004	9.999991e+000
9.088509276726851e-004	9.999991e+000
9.098274901726851e-004	9.999991e+000
9.108040526726851e-004	9.999991e+000
9.117806151726851e-004	9.999991e+000
9.127571776726851e-004	9.999991e+000
9.137337401726851e-004	9.999991e+000
9.147103026726851e-004	9.999991e+000
9.156868651726851e-004	9.999991e+000
9.166634276726851e-004	9.999991e+000
9.176399901726851e-004	9.999991e+000
9.186165526726851e-004	9.999990e+000
9.195931151726851e-004	9.999991e+000
9.205696776726851e-004	9.999991e+000
9.215462401726851e-004	9.999991e+000
9.225228026726851e-004	9.999991e+000
9.234993651726851e-004	9.999991e+000
9.244759276726851e-004	9.999991e+000
9.254524901726851e-004	9.999991e+000
9.264290526726851e-004	9.999991e+000
9.274056151726851e-004	9.999991e+000
9.283821776726851e-004	9.999991e+000
9.293587401726851e-004	9.999991e+000
9.303353026726851e-004	9.999991e+000
9.313118651726851e-004	9.999991e+000
9.322884276726851e-004	9.999991e+000
9.332649901726851e-004	9.999991e+000
9.342415526726851e-004	9.999991e+000
9.352181151726851e-004	9.999991e+000
9.361946776726851e-004	9.999991e+000
9.371712401726851e-004	9.999991e+000
9.381478026726851e-004	9.999991e+000
9.391243651726851e-004	9.999991e+000
9.401009276726851e-004	9.999991e+000
9.410774901726851e-004	9.999991e+000
9.420540526726851e-004	9.999991e+000
9.430306151726851e-004	9.999991e+000
9.440071776726851e-004	9.999991e+000
9.449837401726851e-004	9.999991e+000
9.459603026726851e-004	9.999991e+000
9.469368651726851e-004	9.999991e+000
9.479134276726851e-004	9.999991e+000
9.488899901726851e-004	9.999991e+000
9.498665526726851e-004	9.999991e+000
9.508431151726851e-004	9.999991e+000
9.518196776726851e-004	9.999991e+000
9.527962401726851e-004	9.999991e+000
9.537728026726851e-004	9.999988e+000
9.540234375000001e-004	9.999989e+000
9.545247071546301e-004	9.999991e+000
9.550000000000001e-004	1.000007e+001
9.550475292845371e-004	9.996060e+000
9.551425878536111e-004	9.992188e+000
9.553327049917591e-004	9.989683e+000
9.556258755746182e-004	9.984585e+000
9.560184384775501e-004	9.968950e+000
9.562731477818058e-004	9.940942e+000
9.564104120442558e-004	9.899464e+000
9.564955081543175e-004	9.828945e+000
9.565523418920897e-004	9.677869e+000
9.566006830791485e-004	9.391551e+000
9.566645054634173e-004	8.858822e+000
9.567249173115281e-004	8.263442e+000
9.567735091977839e-004	7.622776e+000
9.568088130359446e-004	6.969471e+000
9.568454568533748e-004	6.186187e+000
9.568860580384628e-004	5.404128e+000
9.569565638169749e-004	4.301340e+000
9.570292769716196e-004	3.371517e+000
9.571440009607993e-004	2.215579e+000
9.573415097663733e-004	8.715099e-001
9.575628127287101e-004	1.462744e-001
9.577130198012273e-004	1.631224e-002
9.578930430614107e-004	3.158228e-003
9.580738900421841e-004	-3.087077e-006
9.582423031033442e-004	3.938808e-004
9.584452136798652e-004	2.446965e-004
9.588510348329072e-004	2.775975e-004
9.592116578834740e-004	2.786645e-004
9.592787538988666e-004	2.801257e-004
9.594129459296517e-004	2.782975e-004
9.596813299912218e-004	2.784159e-004
9.597460137800171e-004	2.778051e-004
9.598753813576076e-004	2.758605e-004
9.600000000000001e-004	3.790496e-004
9.600003611981428e-004	2.950497e-004
9.600010835944282e-004	2.333320e-004
9.600025283869989e-004	1.935033e-004
9.600052164492409e-004	1.364236e-004
9.600083766167973e-004	8.840666e-005
9.600112436903346e-004	5.915855e-005
9.600140202087564e-004	4.032467e-005
9.600167303569474e-004	2.786767e-005
9.600195389791876e-004	1.907246e-005
9.600222992344875e-004	1.318497e-005
9.600251271053300e-004	9.084929e-006
9.600278709802138e-004	6.379343e-006
9.600307202961364e-004	4.465155e-006
9.600334419270929e-004	3.219524e-006
9.600363553574269e-004	2.307072e-006
9.600390269192101e-004	1.723349e-006
9.600415973577035e-004	1.333664e-006
9.600443763106810e-004	1.036688e-006
9.600468694936865e-004	8.453477e-007
9.600496541212544e-004	6.962101e-007
9.600523093457726e-004	5.913852e-007
9.600548870637219e-004	5.220326e-007
9.600580515521123e-004	4.476794e-007
9.600609212061630e-004	4.072180e-007
9.600649575310748e-004	3.493533e-007
9.600686645657243e-004	3.222009e-007
9.600747084009172e-004	2.700767e-007
9.600804268094506e-004	2.454017e-007
9.600918636265174e-004	1.887931e-007
9.601035484682343e-004	1.551084e-007
9.601269181516680e-004	9.875492e-008
9.601621358583886e-004	5.648436e-008
9.602325712718299e-004	1.869788e-008
9.603734420987124e-004	2.703587e-009
9.606551837524774e-004	-2.335128e-010
9.612186670600073e-004	2.356157e-010
9.621952295600073e-004	1.211333e-010
9.631717920600073e-004	1.282956e-010
9.641483545600073e-004	1.226113e-010
9.651249170600073e-004	1.274429e-010
9.673570599171501e-004	1.264226e-010
9.695892027742929e-004	1.256504e-010
9.718213456314357e-004	1.251262e-010
9.740534884885785e-004	1.248501e-010
9.762856313457213e-004	1.248221e-010
9.785177742028641e-004	1.250422e-010
9.807499170600069e-004	1.255103e-010
9.817264795600068e-004	1.255671e-010
9.990234375000001e-004	8.951117e-011
1.000000000000000e-003	2.136176e-010
