V(out)	I(R3)	power

%Step Information: Ifail=9  (Run: 4/4)
8.999229e-020	8.999228e+000	8.098612e-019	
9.423349e-020	8.999228e+000	8.480287e-019	
9.867458e-020	8.999228e+000	8.879951e-019	
1.033250e-019	8.999228e+000	9.298450e-019	
1.081945e-019	8.999228e+000	9.736673e-019	
1.132936e-019	8.999228e+000	1.019555e-018	
1.186329e-019	8.999228e+000	1.067605e-018	
1.242239e-019	8.999228e+000	1.117920e-018	
1.300784e-019	8.999228e+000	1.170606e-018	
1.362088e-019	8.999228e+000	1.225775e-018	
1.426282e-019	8.999228e+000	1.283543e-018	
1.493500e-019	8.999228e+000	1.344035e-018	
1.563887e-019	8.999228e+000	1.407377e-018	
1.637590e-019	8.999228e+000	1.473705e-018	
1.714768e-019	8.999228e+000	1.543159e-018	
1.795582e-019	8.999228e+000	1.615885e-018	
1.880205e-019	8.999228e+000	1.692040e-018	
1.968817e-019	8.999228e+000	1.771783e-018	
2.061604e-019	8.999228e+000	1.855285e-018	
2.158765e-019	8.999228e+000	1.942722e-018	
2.260504e-019	8.999228e+000	2.034279e-018	
2.367038e-019	8.999228e+000	2.130152e-018	
2.478593e-019	8.999228e+000	2.230543e-018	
2.595406e-019	8.999228e+000	2.335665e-018	
2.717724e-019	8.999228e+000	2.445742e-018	
2.845806e-019	8.999228e+000	2.561006e-018	
2.979925e-019	8.999228e+000	2.681702e-018	
3.120364e-019	8.999228e+000	2.808087e-018	
3.267423e-019	8.999228e+000	2.940428e-018	
3.421411e-019	8.999228e+000	3.079006e-018	
3.582658e-019	8.999228e+000	3.224115e-018	
3.751503e-019	8.999228e+000	3.376063e-018	
3.928306e-019	8.999228e+000	3.535172e-018	
4.113441e-019	8.999228e+000	3.701780e-018	
4.307302e-019	8.999228e+000	3.876239e-018	
4.510298e-019	8.999228e+000	4.058921e-018	
4.722863e-019	8.999228e+000	4.250212e-018	
4.945444e-019	8.999228e+000	4.450518e-018	
5.178516e-019	8.999228e+000	4.660265e-018	
5.422572e-019	8.999228e+000	4.879896e-018	
5.678130e-019	8.999228e+000	5.109879e-018	
5.945731e-019	8.999228e+000	5.350699e-018	
6.225945e-019	8.999228e+000	5.602870e-018	
6.519365e-019	8.999228e+000	5.866926e-018	
6.826613e-019	8.999228e+000	6.143425e-018	
7.148341e-019	8.999228e+000	6.432956e-018	
7.485232e-019	8.999228e+000	6.736132e-018	
7.838001e-019	8.999228e+000	7.053596e-018	
8.207394e-019	8.999228e+000	7.386021e-018	
8.594197e-019	8.999228e+000	7.734114e-018	
8.999229e-019	8.999228e+000	8.098612e-018	
9.423349e-019	8.999228e+000	8.480287e-018	
9.867458e-019	8.999228e+000	8.879951e-018	
1.033250e-018	8.999228e+000	9.298450e-018	
1.081945e-018	8.999228e+000	9.736673e-018	
1.132936e-018	8.999228e+000	1.019555e-017	
1.186329e-018	8.999228e+000	1.067605e-017	
1.242239e-018	8.999228e+000	1.117920e-017	
1.300784e-018	8.999228e+000	1.170606e-017	
1.362088e-018	8.999228e+000	1.225775e-017	
1.426282e-018	8.999228e+000	1.283543e-017	
1.493500e-018	8.999228e+000	1.344035e-017	
1.563887e-018	8.999228e+000	1.407377e-017	
1.637590e-018	8.999228e+000	1.473705e-017	
1.714768e-018	8.999228e+000	1.543159e-017	
1.795582e-018	8.999228e+000	1.615885e-017	
1.880205e-018	8.999228e+000	1.692040e-017	
1.968817e-018	8.999228e+000	1.771783e-017	
2.061604e-018	8.999228e+000	1.855285e-017	
2.158765e-018	8.999228e+000	1.942722e-017	
2.260504e-018	8.999228e+000	2.034279e-017	
2.367038e-018	8.999228e+000	2.130152e-017	
2.478593e-018	8.999228e+000	2.230543e-017	
2.595406e-018	8.999228e+000	2.335665e-017	
2.717724e-018	8.999228e+000	2.445742e-017	
2.845806e-018	8.999228e+000	2.561006e-017	
2.979925e-018	8.999228e+000	2.681702e-017	
3.120364e-018	8.999228e+000	2.808087e-017	
3.267423e-018	8.999228e+000	2.940428e-017	
3.421411e-018	8.999228e+000	3.079006e-017	
3.582657e-018	8.999228e+000	3.224115e-017	
3.751503e-018	8.999228e+000	3.376063e-017	
3.928306e-018	8.999228e+000	3.535172e-017	
4.113441e-018	8.999228e+000	3.701780e-017	
4.307302e-018	8.999228e+000	3.876239e-017	
4.510299e-018	8.999228e+000	4.058921e-017	
4.722863e-018	8.999228e+000	4.250212e-017	
4.945444e-018	8.999228e+000	4.450518e-017	
5.178516e-018	8.999228e+000	4.660265e-017	
5.422572e-018	8.999228e+000	4.879896e-017	
5.678130e-018	8.999228e+000	5.109879e-017	
5.945732e-018	8.999228e+000	5.350700e-017	
6.225945e-018	8.999228e+000	5.602870e-017	
6.519365e-018	8.999228e+000	5.866925e-017	
6.826613e-018	8.999228e+000	6.143425e-017	
7.148342e-018	8.999228e+000	6.432956e-017	
7.485233e-018	8.999228e+000	6.736132e-017	
7.838000e-018	8.999228e+000	7.053596e-017	
8.207394e-018	8.999228e+000	7.386022e-017	
8.594196e-018	8.999228e+000	7.734114e-017	
8.999229e-018	8.999228e+000	8.098612e-017	
9.423349e-018	8.999228e+000	8.480287e-017	
9.867458e-018	8.999228e+000	8.879951e-017	
1.033250e-017	8.999228e+000	9.298451e-017	
1.081945e-017	8.999228e+000	9.736673e-017	
1.132936e-017	8.999228e+000	1.019555e-016	
1.186329e-017	8.999228e+000	1.067605e-016	
1.242239e-017	8.999228e+000	1.117920e-016	
1.300784e-017	8.999228e+000	1.170606e-016	
1.362088e-017	8.999228e+000	1.225774e-016	
1.426282e-017	8.999228e+000	1.283544e-016	
1.493500e-017	8.999228e+000	1.344035e-016	
1.563887e-017	8.999228e+000	1.407377e-016	
1.637590e-017	8.999228e+000	1.473705e-016	
1.714768e-017	8.999228e+000	1.543159e-016	
1.795582e-017	8.999228e+000	1.615885e-016	
1.880205e-017	8.999228e+000	1.692040e-016	
1.968817e-017	8.999228e+000	1.771783e-016	
2.061604e-017	8.999228e+000	1.855285e-016	
2.158765e-017	8.999228e+000	1.942722e-016	
2.260504e-017	8.999228e+000	2.034279e-016	
2.367038e-017	8.999228e+000	2.130152e-016	
2.478593e-017	8.999228e+000	2.230543e-016	
2.595406e-017	8.999228e+000	2.335665e-016	
2.717724e-017	8.999228e+000	2.445742e-016	
2.845806e-017	8.999228e+000	2.561006e-016	
2.979925e-017	8.999228e+000	2.681702e-016	
3.120364e-017	8.999228e+000	2.808087e-016	
3.267423e-017	8.999228e+000	2.940428e-016	
3.421411e-017	8.999228e+000	3.079006e-016	
3.582658e-017	8.999228e+000	3.224115e-016	
3.751503e-017	8.999228e+000	3.376063e-016	
3.928306e-017	8.999228e+000	3.535172e-016	
4.113441e-017	8.999228e+000	3.701780e-016	
4.307302e-017	8.999228e+000	3.876239e-016	
4.510299e-017	8.999228e+000	4.058921e-016	
4.722862e-017	8.999228e+000	4.250212e-016	
4.945444e-017	8.999228e+000	4.450518e-016	
5.178516e-017	8.999228e+000	4.660264e-016	
5.422572e-017	8.999228e+000	4.879896e-016	
5.678130e-017	8.999228e+000	5.109879e-016	
5.945731e-017	8.999228e+000	5.350699e-016	
6.225945e-017	8.999228e+000	5.602870e-016	
6.519365e-017	8.999228e+000	5.866926e-016	
6.826613e-017	8.999228e+000	6.143425e-016	
7.148341e-017	8.999228e+000	6.432956e-016	
7.485233e-017	8.999228e+000	6.736132e-016	
7.838001e-017	8.999228e+000	7.053596e-016	
8.207394e-017	8.999228e+000	7.386021e-016	
8.594197e-017	8.999228e+000	7.734114e-016	
8.999229e-017	8.999228e+000	8.098612e-016	
9.423349e-017	8.999228e+000	8.480287e-016	
9.867458e-017	8.999228e+000	8.879951e-016	
1.033250e-016	8.999228e+000	9.298450e-016	
1.081945e-016	8.999228e+000	9.736673e-016	
1.132936e-016	8.999228e+000	1.019555e-015	
1.186329e-016	8.999228e+000	1.067605e-015	
1.242239e-016	8.999228e+000	1.117920e-015	
1.300784e-016	8.999228e+000	1.170605e-015	
1.362088e-016	8.999228e+000	1.225774e-015	
1.426282e-016	8.999228e+000	1.283543e-015	
1.493500e-016	8.999228e+000	1.344035e-015	
1.563887e-016	8.999228e+000	1.407377e-015	
1.637591e-016	8.999228e+000	1.473705e-015	
1.714768e-016	8.999228e+000	1.543159e-015	
1.795582e-016	8.999228e+000	1.615886e-015	
1.880205e-016	8.999228e+000	1.692040e-015	
1.968817e-016	8.999228e+000	1.771783e-015	
2.061604e-016	8.999228e+000	1.855285e-015	
2.158765e-016	8.999228e+000	1.942722e-015	
2.260504e-016	8.999228e+000	2.034279e-015	
2.367038e-016	8.999228e+000	2.130152e-015	
2.478593e-016	8.999228e+000	2.230543e-015	
2.595406e-016	8.999228e+000	2.335665e-015	
2.717724e-016	8.999228e+000	2.445742e-015	
2.845806e-016	8.999228e+000	2.561006e-015	
2.979925e-016	8.999228e+000	2.681702e-015	
3.120364e-016	8.999228e+000	2.808087e-015	
3.267422e-016	8.999228e+000	2.940428e-015	
3.421411e-016	8.999228e+000	3.079006e-015	
3.582657e-016	8.999228e+000	3.224115e-015	
3.751503e-016	8.999228e+000	3.376063e-015	
3.928306e-016	8.999228e+000	3.535172e-015	
4.113441e-016	8.999228e+000	3.701780e-015	
4.307302e-016	8.999228e+000	3.876239e-015	
4.510299e-016	8.999228e+000	4.058921e-015	
4.722862e-016	8.999228e+000	4.250212e-015	
4.945444e-016	8.999228e+000	4.450518e-015	
5.178516e-016	8.999228e+000	4.660265e-015	
5.422572e-016	8.999228e+000	4.879896e-015	
5.678129e-016	8.999228e+000	5.109878e-015	
5.945731e-016	8.999228e+000	5.350699e-015	
6.225945e-016	8.999228e+000	5.602870e-015	
6.519365e-016	8.999228e+000	5.866925e-015	
6.826613e-016	8.999228e+000	6.143425e-015	
7.148341e-016	8.999228e+000	6.432956e-015	
7.485232e-016	8.999228e+000	6.736132e-015	
7.838001e-016	8.999228e+000	7.053596e-015	
8.207394e-016	8.999228e+000	7.386021e-015	
8.594197e-016	8.999228e+000	7.734114e-015	
8.999228e-016	8.999228e+000	8.098611e-015	
9.423350e-016	8.999228e+000	8.480288e-015	
9.867458e-016	8.999228e+000	8.879951e-015	
1.033250e-015	8.999228e+000	9.298451e-015	
1.081945e-015	8.999228e+000	9.736673e-015	
1.132936e-015	8.999228e+000	1.019555e-014	
1.186329e-015	8.999228e+000	1.067605e-014	
1.242239e-015	8.999228e+000	1.117920e-014	
1.300784e-015	8.999228e+000	1.170606e-014	
1.362088e-015	8.999228e+000	1.225774e-014	
1.426282e-015	8.999228e+000	1.283543e-014	
1.493500e-015	8.999228e+000	1.344035e-014	
1.563887e-015	8.999228e+000	1.407377e-014	
1.637590e-015	8.999228e+000	1.473705e-014	
1.714768e-015	8.999228e+000	1.543159e-014	
1.795582e-015	8.999228e+000	1.615885e-014	
1.880205e-015	8.999228e+000	1.692040e-014	
1.968817e-015	8.999228e+000	1.771783e-014	
2.061604e-015	8.999228e+000	1.855285e-014	
2.158765e-015	8.999228e+000	1.942722e-014	
2.260504e-015	8.999228e+000	2.034279e-014	
2.367038e-015	8.999228e+000	2.130152e-014	
2.478594e-015	8.999228e+000	2.230543e-014	
2.595406e-015	8.999228e+000	2.335665e-014	
2.717724e-015	8.999228e+000	2.445742e-014	
2.845806e-015	8.999228e+000	2.561006e-014	
2.979925e-015	8.999228e+000	2.681702e-014	
3.120364e-015	8.999228e+000	2.808087e-014	
3.267422e-015	8.999228e+000	2.940428e-014	
3.421411e-015	8.999228e+000	3.079006e-014	
3.582658e-015	8.999228e+000	3.224115e-014	
3.751503e-015	8.999228e+000	3.376063e-014	
3.928306e-015	8.999228e+000	3.535172e-014	
4.113441e-015	8.999228e+000	3.701780e-014	
4.307302e-015	8.999228e+000	3.876239e-014	
4.510298e-015	8.999228e+000	4.058921e-014	
4.722863e-015	8.999228e+000	4.250212e-014	
4.945444e-015	8.999228e+000	4.450518e-014	
5.178515e-015	8.999228e+000	4.660264e-014	
5.422572e-015	8.999228e+000	4.879896e-014	
5.678129e-015	8.999228e+000	5.109878e-014	
5.945732e-015	8.999228e+000	5.350700e-014	
6.225945e-015	8.999228e+000	5.602870e-014	
6.519365e-015	8.999228e+000	5.866925e-014	
6.826613e-015	8.999228e+000	6.143425e-014	
7.148341e-015	8.999228e+000	6.432956e-014	
7.485233e-015	8.999228e+000	6.736132e-014	
7.838001e-015	8.999228e+000	7.053596e-014	
8.207394e-015	8.999228e+000	7.386022e-014	
8.594197e-015	8.999228e+000	7.734114e-014	
8.999229e-015	8.999228e+000	8.098612e-014	
9.423349e-015	8.999228e+000	8.480287e-014	
9.867458e-015	8.999228e+000	8.879951e-014	
1.033250e-014	8.999228e+000	9.298451e-014	
1.081945e-014	8.999228e+000	9.736673e-014	
1.132936e-014	8.999228e+000	1.019555e-013	
1.186329e-014	8.999228e+000	1.067605e-013	
1.242239e-014	8.999228e+000	1.117920e-013	
1.300784e-014	8.999228e+000	1.170606e-013	
1.362088e-014	8.999228e+000	1.225775e-013	
1.426282e-014	8.999228e+000	1.283543e-013	
1.493500e-014	8.999228e+000	1.344035e-013	
1.563887e-014	8.999228e+000	1.407377e-013	
1.637590e-014	8.999228e+000	1.473705e-013	
1.714768e-014	8.999228e+000	1.543159e-013	
1.795582e-014	8.999228e+000	1.615886e-013	
1.880205e-014	8.999228e+000	1.692040e-013	
1.968817e-014	8.999228e+000	1.771783e-013	
2.061604e-014	8.999228e+000	1.855285e-013	
2.158765e-014	8.999228e+000	1.942722e-013	
2.260504e-014	8.999228e+000	2.034279e-013	
2.367038e-014	8.999228e+000	2.130152e-013	
2.478593e-014	8.999228e+000	2.230543e-013	
2.595406e-014	8.999228e+000	2.335665e-013	
2.717724e-014	8.999228e+000	2.445742e-013	
2.845806e-014	8.999228e+000	2.561006e-013	
2.979925e-014	8.999228e+000	2.681702e-013	
3.120364e-014	8.999228e+000	2.808087e-013	
3.267422e-014	8.999228e+000	2.940428e-013	
3.421411e-014	8.999228e+000	3.079006e-013	
3.582658e-014	8.999228e+000	3.224115e-013	
3.751503e-014	8.999228e+000	3.376063e-013	
3.928306e-014	8.999228e+000	3.535172e-013	
4.113441e-014	8.999228e+000	3.701780e-013	
4.307302e-014	8.999228e+000	3.876239e-013	
4.510299e-014	8.999228e+000	4.058921e-013	
4.722862e-014	8.999228e+000	4.250212e-013	
4.945444e-014	8.999228e+000	4.450518e-013	
5.178515e-014	8.999228e+000	4.660264e-013	
5.422571e-014	8.999228e+000	4.879896e-013	
5.678129e-014	8.999228e+000	5.109878e-013	
5.945732e-014	8.999228e+000	5.350700e-013	
6.225945e-014	8.999228e+000	5.602870e-013	
6.519365e-014	8.999228e+000	5.866926e-013	
6.826613e-014	8.999228e+000	6.143425e-013	
7.148341e-014	8.999228e+000	6.432956e-013	
7.485232e-014	8.999228e+000	6.736131e-013	
7.838000e-014	8.999228e+000	7.053596e-013	
8.207394e-014	8.999228e+000	7.386022e-013	
8.594197e-014	8.999228e+000	7.734114e-013	
8.999229e-014	8.999228e+000	8.098612e-013	
9.423349e-014	8.999228e+000	8.480287e-013	
9.867458e-014	8.999228e+000	8.879951e-013	
1.033250e-013	8.999228e+000	9.298450e-013	
1.081945e-013	8.999228e+000	9.736673e-013	
1.132936e-013	8.999228e+000	1.019555e-012	
1.186329e-013	8.999228e+000	1.067605e-012	
1.242239e-013	8.999228e+000	1.117920e-012	
1.300784e-013	8.999228e+000	1.170606e-012	
1.362088e-013	8.999228e+000	1.225774e-012	
1.426282e-013	8.999228e+000	1.283543e-012	
1.493500e-013	8.999228e+000	1.344035e-012	
1.563887e-013	8.999228e+000	1.407377e-012	
1.637590e-013	8.999228e+000	1.473705e-012	
1.714768e-013	8.999228e+000	1.543159e-012	
1.795582e-013	8.999228e+000	1.615885e-012	
1.880205e-013	8.999228e+000	1.692040e-012	
1.968817e-013	8.999228e+000	1.771783e-012	
2.061604e-013	8.999228e+000	1.855285e-012	
2.158765e-013	8.999228e+000	1.942722e-012	
2.260504e-013	8.999228e+000	2.034279e-012	
2.367038e-013	8.999228e+000	2.130152e-012	
2.478594e-013	8.999228e+000	2.230543e-012	
2.595406e-013	8.999228e+000	2.335665e-012	
2.717724e-013	8.999228e+000	2.445742e-012	
2.845806e-013	8.999228e+000	2.561006e-012	
2.979925e-013	8.999228e+000	2.681702e-012	
3.120364e-013	8.999228e+000	2.808087e-012	
3.267422e-013	8.999228e+000	2.940428e-012	
3.421411e-013	8.999228e+000	3.079006e-012	
3.582657e-013	8.999228e+000	3.224115e-012	
3.751503e-013	8.999228e+000	3.376063e-012	
3.928306e-013	8.999228e+000	3.535172e-012	
4.113441e-013	8.999228e+000	3.701780e-012	
4.307302e-013	8.999228e+000	3.876239e-012	
4.510299e-013	8.999228e+000	4.058921e-012	
4.722862e-013	8.999228e+000	4.250212e-012	
4.945444e-013	8.999228e+000	4.450518e-012	
5.178515e-013	8.999228e+000	4.660264e-012	
5.422572e-013	8.999228e+000	4.879896e-012	
5.678129e-013	8.999228e+000	5.109878e-012	
5.945732e-013	8.999228e+000	5.350700e-012	
6.225945e-013	8.999228e+000	5.602870e-012	
6.519365e-013	8.999228e+000	5.866926e-012	
6.826613e-013	8.999228e+000	6.143425e-012	
7.148342e-013	8.999228e+000	6.432956e-012	
7.485233e-013	8.999228e+000	6.736132e-012	
7.838001e-013	8.999228e+000	7.053596e-012	
8.207394e-013	8.999228e+000	7.386022e-012	
8.594197e-013	8.999228e+000	7.734114e-012	
8.999229e-013	8.999228e+000	8.098612e-012	
9.423350e-013	8.999228e+000	8.480288e-012	
9.867458e-013	8.999228e+000	8.879951e-012	
1.033250e-012	8.999228e+000	9.298451e-012	
1.081945e-012	8.999228e+000	9.736673e-012	
1.132936e-012	8.999228e+000	1.019555e-011	
1.186329e-012	8.999228e+000	1.067605e-011	
1.242239e-012	8.999228e+000	1.117920e-011	
1.300784e-012	8.999228e+000	1.170606e-011	
1.362088e-012	8.999228e+000	1.225774e-011	
1.426282e-012	8.999228e+000	1.283543e-011	
1.493500e-012	8.999228e+000	1.344035e-011	
1.563887e-012	8.999228e+000	1.407377e-011	
1.637590e-012	8.999228e+000	1.473705e-011	
1.714768e-012	8.999228e+000	1.543159e-011	
1.795582e-012	8.999228e+000	1.615885e-011	
1.880205e-012	8.999228e+000	1.692040e-011	
1.968817e-012	8.999228e+000	1.771783e-011	
2.061604e-012	8.999228e+000	1.855285e-011	
2.158765e-012	8.999228e+000	1.942722e-011	
2.260504e-012	8.999228e+000	2.034279e-011	
2.367038e-012	8.999228e+000	2.130152e-011	
2.478594e-012	8.999228e+000	2.230543e-011	
2.595406e-012	8.999228e+000	2.335665e-011	
2.717724e-012	8.999228e+000	2.445742e-011	
2.845806e-012	8.999228e+000	2.561006e-011	
2.979925e-012	8.999228e+000	2.681702e-011	
3.120364e-012	8.999228e+000	2.808087e-011	
3.267423e-012	8.999228e+000	2.940428e-011	
3.421411e-012	8.999228e+000	3.079006e-011	
3.582658e-012	8.999228e+000	3.224115e-011	
3.751503e-012	8.999228e+000	3.376063e-011	
3.928306e-012	8.999228e+000	3.535172e-011	
4.113441e-012	8.999228e+000	3.701780e-011	
4.307302e-012	8.999228e+000	3.876239e-011	
4.510298e-012	8.999228e+000	4.058921e-011	
4.722862e-012	8.999228e+000	4.250212e-011	
4.945444e-012	8.999228e+000	4.450518e-011	
5.178516e-012	8.999228e+000	4.660265e-011	
5.422572e-012	8.999228e+000	4.879896e-011	
5.678129e-012	8.999228e+000	5.109878e-011	
5.945731e-012	8.999228e+000	5.350699e-011	
6.225945e-012	8.999228e+000	5.602870e-011	
6.519365e-012	8.999228e+000	5.866925e-011	
6.826613e-012	8.999228e+000	6.143425e-011	
7.148341e-012	8.999228e+000	6.432956e-011	
7.485233e-012	8.999228e+000	6.736132e-011	
7.838000e-012	8.999228e+000	7.053595e-011	
8.207394e-012	8.999228e+000	7.386021e-011	
8.594197e-012	8.999228e+000	7.734114e-011	
8.999228e-012	8.999228e+000	8.098611e-011	
9.423349e-012	8.999228e+000	8.480287e-011	
9.867458e-012	8.999228e+000	8.879951e-011	
1.033250e-011	8.999228e+000	9.298450e-011	
1.081945e-011	8.999228e+000	9.736673e-011	
1.132936e-011	8.999228e+000	1.019555e-010	
1.186329e-011	8.999228e+000	1.067605e-010	
1.242239e-011	8.999228e+000	1.117920e-010	
1.300784e-011	8.999228e+000	1.170606e-010	
1.362088e-011	8.999228e+000	1.225774e-010	
1.426282e-011	8.999228e+000	1.283543e-010	
1.493500e-011	8.999228e+000	1.344035e-010	
1.563887e-011	8.999228e+000	1.407377e-010	
1.637590e-011	8.999228e+000	1.473705e-010	
1.714768e-011	8.999228e+000	1.543159e-010	
1.795582e-011	8.999228e+000	1.615886e-010	
1.880205e-011	8.999228e+000	1.692040e-010	
1.968817e-011	8.999228e+000	1.771783e-010	
2.061604e-011	8.999228e+000	1.855285e-010	
2.158765e-011	8.999228e+000	1.942722e-010	
2.260504e-011	8.999228e+000	2.034279e-010	
2.367038e-011	8.999228e+000	2.130152e-010	
2.478593e-011	8.999228e+000	2.230543e-010	
2.595406e-011	8.999228e+000	2.335665e-010	
2.717724e-011	8.999228e+000	2.445742e-010	
2.845806e-011	8.999228e+000	2.561006e-010	
2.979925e-011	8.999228e+000	2.681702e-010	
3.120364e-011	8.999228e+000	2.808087e-010	
3.267422e-011	8.999228e+000	2.940428e-010	
3.421411e-011	8.999228e+000	3.079006e-010	
3.582657e-011	8.999228e+000	3.224115e-010	
3.751503e-011	8.999228e+000	3.376063e-010	
3.928306e-011	8.999228e+000	3.535172e-010	
4.113441e-011	8.999228e+000	3.701780e-010	
4.307302e-011	8.999228e+000	3.876239e-010	
4.510299e-011	8.999228e+000	4.058921e-010	
4.722862e-011	8.999228e+000	4.250212e-010	
4.945444e-011	8.999228e+000	4.450518e-010	
5.178516e-011	8.999228e+000	4.660265e-010	
5.422571e-011	8.999228e+000	4.879896e-010	
5.678129e-011	8.999228e+000	5.109878e-010	
5.945731e-011	8.999228e+000	5.350700e-010	
6.225945e-011	8.999228e+000	5.602871e-010	
6.519365e-011	8.999228e+000	5.866925e-010	
6.826613e-011	8.999228e+000	6.143425e-010	
7.148342e-011	8.999228e+000	6.432956e-010	
7.485233e-011	8.999228e+000	6.736132e-010	
7.838000e-011	8.999228e+000	7.053596e-010	
8.207394e-011	8.999228e+000	7.386022e-010	
8.594197e-011	8.999228e+000	7.734114e-010	
8.999229e-011	8.999228e+000	8.098612e-010	
9.423350e-011	8.999228e+000	8.480288e-010	
9.867458e-011	8.999228e+000	8.879951e-010	
1.033250e-010	8.999228e+000	9.298450e-010	
1.081945e-010	8.999228e+000	9.736673e-010	
1.132936e-010	8.999228e+000	1.019555e-009	
1.186329e-010	8.999228e+000	1.067605e-009	
1.242239e-010	8.999228e+000	1.117920e-009	
1.300784e-010	8.999228e+000	1.170606e-009	
1.362088e-010	8.999228e+000	1.225774e-009	
1.426282e-010	8.999228e+000	1.283543e-009	
1.493500e-010	8.999228e+000	1.344035e-009	
1.563887e-010	8.999228e+000	1.407377e-009	
1.637590e-010	8.999228e+000	1.473705e-009	
1.714768e-010	8.999228e+000	1.543159e-009	
1.795582e-010	8.999228e+000	1.615885e-009	
1.880205e-010	8.999228e+000	1.692040e-009	
1.968817e-010	8.999228e+000	1.771783e-009	
2.061604e-010	8.999228e+000	1.855285e-009	
2.158765e-010	8.999228e+000	1.942722e-009	
2.260504e-010	8.999228e+000	2.034279e-009	
2.367038e-010	8.999228e+000	2.130152e-009	
2.478593e-010	8.999228e+000	2.230543e-009	
2.595406e-010	8.999228e+000	2.335665e-009	
2.717724e-010	8.999228e+000	2.445742e-009	
2.845806e-010	8.999228e+000	2.561006e-009	
2.979925e-010	8.999228e+000	2.681702e-009	
3.120364e-010	8.999228e+000	2.808087e-009	
3.267422e-010	8.999228e+000	2.940428e-009	
3.421411e-010	8.999228e+000	3.079006e-009	
3.582658e-010	8.999228e+000	3.224115e-009	
3.751503e-010	8.999228e+000	3.376063e-009	
3.928306e-010	8.999228e+000	3.535172e-009	
4.113441e-010	8.999228e+000	3.701780e-009	
4.307302e-010	8.999228e+000	3.876239e-009	
4.510299e-010	8.999228e+000	4.058921e-009	
4.722863e-010	8.999228e+000	4.250212e-009	
4.945444e-010	8.999228e+000	4.450518e-009	
5.178515e-010	8.999228e+000	4.660264e-009	
5.422572e-010	8.999228e+000	4.879896e-009	
5.678130e-010	8.999228e+000	5.109879e-009	
5.945732e-010	8.999228e+000	5.350700e-009	
6.225945e-010	8.999228e+000	5.602870e-009	
6.519365e-010	8.999228e+000	5.866926e-009	
6.826613e-010	8.999228e+000	6.143425e-009	
7.148341e-010	8.999228e+000	6.432956e-009	
7.485232e-010	8.999228e+000	6.736132e-009	
7.838001e-010	8.999228e+000	7.053596e-009	
8.207394e-010	8.999228e+000	7.386022e-009	
8.594197e-010	8.999228e+000	7.734114e-009	
8.999229e-010	8.999228e+000	8.098611e-009	
9.423350e-010	8.999228e+000	8.480288e-009	
9.867458e-010	8.999228e+000	8.879951e-009	
1.033250e-009	8.999228e+000	9.298450e-009	
1.081945e-009	8.999228e+000	9.736673e-009	
1.132936e-009	8.999228e+000	1.019555e-008	
1.186329e-009	8.999228e+000	1.067605e-008	
1.242239e-009	8.999228e+000	1.117920e-008	
1.300784e-009	8.999228e+000	1.170606e-008	
1.362088e-009	8.999228e+000	1.225775e-008	
1.426282e-009	8.999228e+000	1.283543e-008	
1.493500e-009	8.999228e+000	1.344035e-008	
1.563887e-009	8.999228e+000	1.407377e-008	
1.637590e-009	8.999228e+000	1.473705e-008	
1.714768e-009	8.999228e+000	1.543159e-008	
1.795582e-009	8.999228e+000	1.615885e-008	
1.880205e-009	8.999228e+000	1.692040e-008	
1.968817e-009	8.999228e+000	1.771783e-008	
2.061604e-009	8.999228e+000	1.855285e-008	
2.158765e-009	8.999228e+000	1.942722e-008	
2.260504e-009	8.999228e+000	2.034279e-008	
2.367038e-009	8.999228e+000	2.130152e-008	
2.478593e-009	8.999228e+000	2.230543e-008	
2.595406e-009	8.999228e+000	2.335665e-008	
2.717724e-009	8.999228e+000	2.445742e-008	
2.845806e-009	8.999228e+000	2.561006e-008	
2.979925e-009	8.999228e+000	2.681702e-008	
3.120364e-009	8.999228e+000	2.808087e-008	
3.267423e-009	8.999228e+000	2.940428e-008	
3.421411e-009	8.999228e+000	3.079006e-008	
3.582658e-009	8.999228e+000	3.224115e-008	
3.751503e-009	8.999228e+000	3.376063e-008	
3.928306e-009	8.999228e+000	3.535172e-008	
4.113441e-009	8.999228e+000	3.701780e-008	
4.307302e-009	8.999228e+000	3.876239e-008	
4.510299e-009	8.999228e+000	4.058921e-008	
4.722863e-009	8.999228e+000	4.250212e-008	
4.945444e-009	8.999228e+000	4.450518e-008	
5.178516e-009	8.999228e+000	4.660265e-008	
5.422572e-009	8.999228e+000	4.879896e-008	
5.678130e-009	8.999228e+000	5.109878e-008	
5.945731e-009	8.999228e+000	5.350700e-008	
6.225945e-009	8.999228e+000	5.602870e-008	
6.519365e-009	8.999228e+000	5.866926e-008	
6.826613e-009	8.999228e+000	6.143425e-008	
7.148341e-009	8.999228e+000	6.432956e-008	
7.485233e-009	8.999228e+000	6.736132e-008	
7.838000e-009	8.999228e+000	7.053596e-008	
8.207394e-009	8.999228e+000	7.386021e-008	
8.594196e-009	8.999228e+000	7.734114e-008	
8.999229e-009	8.999228e+000	8.098612e-008	
9.423349e-009	8.999228e+000	8.480287e-008	
9.867458e-009	8.999228e+000	8.879951e-008	
1.033250e-008	8.999228e+000	9.298451e-008	
1.081945e-008	8.999228e+000	9.736673e-008	
1.132936e-008	8.999228e+000	1.019555e-007	
1.186329e-008	8.999228e+000	1.067605e-007	
1.242239e-008	8.999228e+000	1.117920e-007	
1.300784e-008	8.999228e+000	1.170605e-007	
1.362088e-008	8.999228e+000	1.225774e-007	
1.426282e-008	8.999228e+000	1.283543e-007	
1.493500e-008	8.999228e+000	1.344035e-007	
1.563887e-008	8.999228e+000	1.407377e-007	
1.637591e-008	8.999228e+000	1.473705e-007	
1.714768e-008	8.999228e+000	1.543159e-007	
1.795582e-008	8.999228e+000	1.615885e-007	
1.880205e-008	8.999228e+000	1.692040e-007	
1.968817e-008	8.999228e+000	1.771783e-007	
2.061604e-008	8.999228e+000	1.855285e-007	
2.158765e-008	8.999228e+000	1.942722e-007	
2.260504e-008	8.999228e+000	2.034279e-007	
2.367038e-008	8.999228e+000	2.130152e-007	
2.478594e-008	8.999228e+000	2.230543e-007	
2.595406e-008	8.999228e+000	2.335665e-007	
2.717724e-008	8.999228e+000	2.445742e-007	
2.845806e-008	8.999228e+000	2.561006e-007	
2.979925e-008	8.999228e+000	2.681702e-007	
3.120364e-008	8.999228e+000	2.808087e-007	
3.267423e-008	8.999228e+000	2.940428e-007	
3.421411e-008	8.999228e+000	3.079006e-007	
3.582657e-008	8.999228e+000	3.224115e-007	
3.751503e-008	8.999228e+000	3.376063e-007	
3.928306e-008	8.999228e+000	3.535172e-007	
4.113441e-008	8.999228e+000	3.701780e-007	
4.307302e-008	8.999228e+000	3.876239e-007	
4.510299e-008	8.999228e+000	4.058921e-007	
4.722862e-008	8.999228e+000	4.250212e-007	
4.945444e-008	8.999228e+000	4.450518e-007	
5.178516e-008	8.999228e+000	4.660265e-007	
5.422572e-008	8.999228e+000	4.879896e-007	
5.678130e-008	8.999228e+000	5.109879e-007	
5.945731e-008	8.999228e+000	5.350700e-007	
6.225945e-008	8.999228e+000	5.602870e-007	
6.519365e-008	8.999228e+000	5.866926e-007	
6.826613e-008	8.999228e+000	6.143425e-007	
7.148341e-008	8.999228e+000	6.432956e-007	
7.485232e-008	8.999228e+000	6.736132e-007	
7.838000e-008	8.999228e+000	7.053596e-007	
8.207394e-008	8.999228e+000	7.386021e-007	
8.594197e-008	8.999228e+000	7.734114e-007	
8.999229e-008	8.999228e+000	8.098612e-007	
9.423349e-008	8.999228e+000	8.480287e-007	
9.867458e-008	8.999228e+000	8.879951e-007	
1.033250e-007	8.999228e+000	9.298450e-007	
1.081945e-007	8.999228e+000	9.736673e-007	
1.132936e-007	8.999228e+000	1.019555e-006	
1.186329e-007	8.999228e+000	1.067605e-006	
1.242239e-007	8.999228e+000	1.117920e-006	
1.300784e-007	8.999228e+000	1.170606e-006	
1.362088e-007	8.999228e+000	1.225774e-006	
1.426282e-007	8.999228e+000	1.283543e-006	
1.493500e-007	8.999228e+000	1.344035e-006	
1.563887e-007	8.999228e+000	1.407377e-006	
1.637590e-007	8.999228e+000	1.473705e-006	
1.714768e-007	8.999228e+000	1.543159e-006	
1.795582e-007	8.999228e+000	1.615886e-006	
1.880205e-007	8.999228e+000	1.692040e-006	
1.968817e-007	8.999228e+000	1.771783e-006	
2.061604e-007	8.999228e+000	1.855285e-006	
2.158765e-007	8.999228e+000	1.942722e-006	
2.260504e-007	8.999228e+000	2.034279e-006	
2.367038e-007	8.999228e+000	2.130152e-006	
2.478593e-007	8.999228e+000	2.230543e-006	
2.595406e-007	8.999228e+000	2.335665e-006	
2.717724e-007	8.999228e+000	2.445742e-006	
2.845806e-007	8.999228e+000	2.561006e-006	
2.979925e-007	8.999228e+000	2.681702e-006	
3.120364e-007	8.999228e+000	2.808087e-006	
3.267423e-007	8.999228e+000	2.940428e-006	
3.421411e-007	8.999228e+000	3.079006e-006	
3.582658e-007	8.999228e+000	3.224115e-006	
3.751503e-007	8.999228e+000	3.376063e-006	
3.928306e-007	8.999228e+000	3.535172e-006	
4.113441e-007	8.999228e+000	3.701780e-006	
4.307302e-007	8.999228e+000	3.876239e-006	
4.510298e-007	8.999228e+000	4.058921e-006	
4.722862e-007	8.999228e+000	4.250212e-006	
4.945444e-007	8.999228e+000	4.450518e-006	
5.178516e-007	8.999228e+000	4.660265e-006	
5.422572e-007	8.999228e+000	4.879896e-006	
5.678129e-007	8.999228e+000	5.109878e-006	
5.945731e-007	8.999228e+000	5.350699e-006	
6.225945e-007	8.999228e+000	5.602871e-006	
6.519365e-007	8.999228e+000	5.866925e-006	
6.826613e-007	8.999228e+000	6.143425e-006	
7.148341e-007	8.999228e+000	6.432956e-006	
7.485232e-007	8.999228e+000	6.736132e-006	
7.838001e-007	8.999228e+000	7.053596e-006	
8.207394e-007	8.999228e+000	7.386022e-006	
8.594197e-007	8.999228e+000	7.734114e-006	
8.999229e-007	8.999228e+000	8.098612e-006	
9.423350e-007	8.999228e+000	8.480288e-006	
9.867458e-007	8.999228e+000	8.879951e-006	
1.033250e-006	8.999228e+000	9.298451e-006	
1.081945e-006	8.999228e+000	9.736672e-006	
1.132936e-006	8.999228e+000	1.019555e-005	
1.186329e-006	8.999228e+000	1.067605e-005	
1.242239e-006	8.999228e+000	1.117920e-005	
1.300784e-006	8.999228e+000	1.170606e-005	
1.362088e-006	8.999228e+000	1.225774e-005	
1.426282e-006	8.999228e+000	1.283543e-005	
1.493500e-006	8.999228e+000	1.344035e-005	
1.563887e-006	8.999228e+000	1.407377e-005	
1.637590e-006	8.999228e+000	1.473705e-005	
1.714768e-006	8.999228e+000	1.543159e-005	
1.795582e-006	8.999228e+000	1.615885e-005	
1.880205e-006	8.999228e+000	1.692040e-005	
1.968817e-006	8.999228e+000	1.771783e-005	
2.061604e-006	8.999228e+000	1.855285e-005	
2.158765e-006	8.999228e+000	1.942722e-005	
2.260504e-006	8.999228e+000	2.034279e-005	
2.367038e-006	8.999228e+000	2.130152e-005	
2.478593e-006	8.999228e+000	2.230543e-005	
2.595406e-006	8.999228e+000	2.335665e-005	
2.717724e-006	8.999228e+000	2.445742e-005	
2.845806e-006	8.999228e+000	2.561006e-005	
2.979925e-006	8.999228e+000	2.681702e-005	
3.120364e-006	8.999228e+000	2.808087e-005	
3.267422e-006	8.999228e+000	2.940428e-005	
3.421411e-006	8.999228e+000	3.079006e-005	
3.582657e-006	8.999228e+000	3.224115e-005	
3.751503e-006	8.999228e+000	3.376063e-005	
3.928306e-006	8.999228e+000	3.535172e-005	
4.113441e-006	8.999228e+000	3.701780e-005	
4.307302e-006	8.999228e+000	3.876239e-005	
4.510298e-006	8.999228e+000	4.058921e-005	
4.722862e-006	8.999228e+000	4.250212e-005	
4.945444e-006	8.999228e+000	4.450518e-005	
5.178515e-006	8.999228e+000	4.660264e-005	
5.422572e-006	8.999228e+000	4.879896e-005	
5.678130e-006	8.999228e+000	5.109879e-005	
5.945732e-006	8.999228e+000	5.350700e-005	
6.225945e-006	8.999228e+000	5.602870e-005	
6.519365e-006	8.999228e+000	5.866925e-005	
6.826613e-006	8.999228e+000	6.143425e-005	
7.148341e-006	8.999228e+000	6.432956e-005	
7.485232e-006	8.999228e+000	6.736132e-005	
7.838001e-006	8.999228e+000	7.053596e-005	
8.207394e-006	8.999228e+000	7.386021e-005	
8.594197e-006	8.999228e+000	7.734114e-005	
8.999229e-006	8.999228e+000	8.098612e-005	
9.423349e-006	8.999228e+000	8.480287e-005	
9.867458e-006	8.999228e+000	8.879951e-005	
1.033250e-005	8.999228e+000	9.298450e-005	
1.081945e-005	8.999228e+000	9.736673e-005	
1.132936e-005	8.999228e+000	1.019555e-004	
1.186329e-005	8.999228e+000	1.067605e-004	
1.242239e-005	8.999228e+000	1.117920e-004	
1.300784e-005	8.999228e+000	1.170606e-004	
1.362088e-005	8.999228e+000	1.225774e-004	
1.426282e-005	8.999228e+000	1.283543e-004	
1.493500e-005	8.999228e+000	1.344035e-004	
1.563887e-005	8.999228e+000	1.407377e-004	
1.637591e-005	8.999228e+000	1.473705e-004	
1.714768e-005	8.999228e+000	1.543159e-004	
1.795582e-005	8.999228e+000	1.615886e-004	
1.880205e-005	8.999228e+000	1.692040e-004	
1.968817e-005	8.999228e+000	1.771783e-004	
2.061604e-005	8.999228e+000	1.855285e-004	
2.158765e-005	8.999228e+000	1.942722e-004	
2.260504e-005	8.999228e+000	2.034279e-004	
2.367038e-005	8.999228e+000	2.130152e-004	
2.478593e-005	8.999228e+000	2.230543e-004	
2.595406e-005	8.999228e+000	2.335665e-004	
2.717724e-005	8.999228e+000	2.445742e-004	
2.845806e-005	8.999228e+000	2.561006e-004	
2.979925e-005	8.999228e+000	2.681702e-004	
3.120364e-005	8.999228e+000	2.808087e-004	
3.267423e-005	8.999228e+000	2.940428e-004	
3.421411e-005	8.999228e+000	3.079006e-004	
3.582658e-005	8.999228e+000	3.224115e-004	
3.751503e-005	8.999228e+000	3.376063e-004	
3.928306e-005	8.999228e+000	3.535172e-004	
4.113441e-005	8.999228e+000	3.701780e-004	
4.307302e-005	8.999228e+000	3.876239e-004	
4.510298e-005	8.999228e+000	4.058921e-004	
4.722862e-005	8.999228e+000	4.250212e-004	
4.945444e-005	8.999228e+000	4.450518e-004	
5.178515e-005	8.999228e+000	4.660264e-004	
5.422571e-005	8.999228e+000	4.879896e-004	
5.678130e-005	8.999228e+000	5.109879e-004	
5.945731e-005	8.999228e+000	5.350700e-004	
6.225945e-005	8.999228e+000	5.602870e-004	
6.519365e-005	8.999228e+000	5.866925e-004	
6.826613e-005	8.999228e+000	6.143425e-004	
7.148342e-005	8.999228e+000	6.432956e-004	
7.485232e-005	8.999228e+000	6.736132e-004	
7.838001e-005	8.999228e+000	7.053596e-004	
8.207394e-005	8.999228e+000	7.386022e-004	
8.594197e-005	8.999228e+000	7.734114e-004	
8.999229e-005	8.999228e+000	8.098612e-004	
9.423350e-005	8.999228e+000	8.480288e-004	
9.867458e-005	8.999228e+000	8.879951e-004	
1.033250e-004	8.999228e+000	9.298450e-004	
1.081945e-004	8.999228e+000	9.736673e-004	
1.132936e-004	8.999228e+000	1.019555e-003	
1.186329e-004	8.999228e+000	1.067605e-003	
1.242239e-004	8.999228e+000	1.117920e-003	
1.300784e-004	8.999228e+000	1.170606e-003	
1.362088e-004	8.999228e+000	1.225774e-003	
1.426282e-004	8.999228e+000	1.283543e-003	
1.493500e-004	8.999228e+000	1.344035e-003	
1.563887e-004	8.999228e+000	1.407377e-003	
1.637590e-004	8.999228e+000	1.473705e-003	
1.714768e-004	8.999228e+000	1.543159e-003	
1.795582e-004	8.999228e+000	1.615885e-003	
1.880205e-004	8.999228e+000	1.692040e-003	
1.968817e-004	8.999228e+000	1.771783e-003	
2.061604e-004	8.999228e+000	1.855285e-003	
2.158765e-004	8.999228e+000	1.942722e-003	
2.260504e-004	8.999228e+000	2.034279e-003	
2.367038e-004	8.999228e+000	2.130152e-003	
2.478593e-004	8.999228e+000	2.230543e-003	
2.595406e-004	8.999228e+000	2.335665e-003	
2.717724e-004	8.999228e+000	2.445742e-003	
2.845806e-004	8.999228e+000	2.561006e-003	
2.979925e-004	8.999228e+000	2.681702e-003	
3.120364e-004	8.999228e+000	2.808087e-003	
3.267422e-004	8.999228e+000	2.940428e-003	
3.421411e-004	8.999228e+000	3.079006e-003	
3.582657e-004	8.999228e+000	3.224115e-003	
3.751503e-004	8.999228e+000	3.376063e-003	
3.928306e-004	8.999228e+000	3.535172e-003	
4.113441e-004	8.999228e+000	3.701780e-003	
4.307302e-004	8.999228e+000	3.876239e-003	
4.510299e-004	8.999228e+000	4.058921e-003	
4.722863e-004	8.999228e+000	4.250212e-003	
4.945444e-004	8.999228e+000	4.450518e-003	
5.178516e-004	8.999228e+000	4.660264e-003	
5.422572e-004	8.999228e+000	4.879896e-003	
5.678129e-004	8.999228e+000	5.109878e-003	
5.945732e-004	8.999228e+000	5.350700e-003	
6.225945e-004	8.999228e+000	5.602870e-003	
6.519365e-004	8.999228e+000	5.866926e-003	
6.826613e-004	8.999228e+000	6.143425e-003	
7.148341e-004	8.999228e+000	6.432956e-003	
7.485232e-004	8.999228e+000	6.736131e-003	
7.838000e-004	8.999228e+000	7.053596e-003	
8.207394e-004	8.999228e+000	7.386022e-003	
8.594196e-004	8.999228e+000	7.734114e-003	
8.999229e-004	8.999228e+000	8.098611e-003	
9.423349e-004	8.999228e+000	8.480287e-003	
9.867458e-004	8.999228e+000	8.879951e-003	
1.033250e-003	8.999228e+000	9.298450e-003	
1.081945e-003	8.999228e+000	9.736673e-003	
1.132936e-003	8.999228e+000	1.019555e-002	
1.186329e-003	8.999228e+000	1.067605e-002	
1.242239e-003	8.999228e+000	1.117920e-002	
1.300784e-003	8.999228e+000	1.170606e-002	
1.362088e-003	8.999228e+000	1.225774e-002	
1.426282e-003	8.999228e+000	1.283543e-002	
1.493500e-003	8.999228e+000	1.344035e-002	
1.563887e-003	8.999228e+000	1.407377e-002	
1.637590e-003	8.999228e+000	1.473705e-002	
1.714768e-003	8.999228e+000	1.543159e-002	
1.795582e-003	8.999228e+000	1.615885e-002	
1.880205e-003	8.999228e+000	1.692040e-002	
1.968817e-003	8.999228e+000	1.771783e-002	
2.061604e-003	8.999228e+000	1.855285e-002	
2.158765e-003	8.999228e+000	1.942722e-002	
2.260504e-003	8.999228e+000	2.034279e-002	
2.367038e-003	8.999228e+000	2.130152e-002	
2.478593e-003	8.999228e+000	2.230543e-002	
2.595406e-003	8.999228e+000	2.335665e-002	
2.717724e-003	8.999228e+000	2.445742e-002	
2.845806e-003	8.999228e+000	2.561006e-002	
2.979925e-003	8.999228e+000	2.681702e-002	
3.120364e-003	8.999228e+000	2.808087e-002	
3.267422e-003	8.999228e+000	2.940428e-002	
3.421411e-003	8.999228e+000	3.079006e-002	
3.582657e-003	8.999228e+000	3.224115e-002	
3.751503e-003	8.999228e+000	3.376063e-002	
3.928306e-003	8.999228e+000	3.535172e-002	
4.113441e-003	8.999228e+000	3.701779e-002	
4.307301e-003	8.999228e+000	3.876239e-002	
4.510298e-003	8.999228e+000	4.058921e-002	
4.722862e-003	8.999228e+000	4.250211e-002	
4.945444e-003	8.999228e+000	4.450518e-002	
5.178515e-003	8.999228e+000	4.660264e-002	
5.422571e-003	8.999228e+000	4.879896e-002	
5.678129e-003	8.999228e+000	5.109878e-002	
5.945731e-003	8.999228e+000	5.350699e-002	
6.225944e-003	8.999228e+000	5.602870e-002	
6.519364e-003	8.999228e+000	5.866925e-002	
6.826613e-003	8.999228e+000	6.143425e-002	
7.148341e-003	8.999228e+000	6.432955e-002	
7.485232e-003	8.999228e+000	6.736130e-002	
7.838000e-003	8.999228e+000	7.053594e-002	
8.207394e-003	8.999228e+000	7.386020e-002	
8.594196e-003	8.999228e+000	7.734113e-002	
8.999228e-003	8.999228e+000	8.098610e-002	
9.423348e-003	8.999228e+000	8.480285e-002	
9.867457e-003	8.999228e+000	8.879949e-002	
1.033250e-002	8.999228e+000	9.298448e-002	
1.081945e-002	8.999228e+000	9.736670e-002	
1.132936e-002	8.999228e+000	1.019555e-001	
1.186329e-002	8.999228e+000	1.067605e-001	
1.242239e-002	8.999228e+000	1.117919e-001	
1.300784e-002	8.999228e+000	1.170605e-001	
1.362088e-002	8.999228e+000	1.225774e-001	
1.426281e-002	8.999228e+000	1.283543e-001	
1.493500e-002	8.999228e+000	1.344035e-001	
1.563886e-002	8.999227e+000	1.407377e-001	
1.637590e-002	8.999227e+000	1.473704e-001	
1.714767e-002	8.999227e+000	1.543158e-001	
1.795582e-002	8.999227e+000	1.615885e-001	
1.880205e-002	8.999227e+000	1.692039e-001	
1.968816e-002	8.999227e+000	1.771782e-001	
2.061604e-002	8.999227e+000	1.855284e-001	
2.158764e-002	8.999227e+000	1.942721e-001	
2.260503e-002	8.999227e+000	2.034278e-001	
2.367038e-002	8.999226e+000	2.130150e-001	
2.478593e-002	8.999226e+000	2.230541e-001	
2.595405e-002	8.999226e+000	2.335664e-001	
2.717723e-002	8.999226e+000	2.445740e-001	
2.845805e-002	8.999226e+000	2.561004e-001	
2.979924e-002	8.999226e+000	2.681700e-001	
3.120363e-002	8.999226e+000	2.808085e-001	
3.267421e-002	8.999225e+000	2.940426e-001	
3.421410e-002	8.999225e+000	3.079004e-001	
3.582656e-002	8.999225e+000	3.224113e-001	
3.751501e-002	8.999225e+000	3.376060e-001	
3.928304e-002	8.999225e+000	3.535169e-001	
4.113439e-002	8.999224e+000	3.701776e-001	
4.307299e-002	8.999224e+000	3.876235e-001	
4.510296e-002	8.999224e+000	4.058916e-001	
4.722860e-002	8.999224e+000	4.250207e-001	
4.945441e-002	8.999223e+000	4.450512e-001	
5.178512e-002	8.999223e+000	4.660259e-001	
5.422568e-002	8.999223e+000	4.879890e-001	
5.678125e-002	8.999222e+000	5.109871e-001	
5.945727e-002	8.999222e+000	5.350691e-001	
6.225940e-002	8.999222e+000	5.602862e-001	
6.519359e-002	8.999221e+000	5.866915e-001	
6.826607e-002	8.999221e+000	6.143415e-001	
7.148335e-002	8.999221e+000	6.432945e-001	
7.485225e-002	8.999220e+000	6.736119e-001	
7.837993e-002	8.999220e+000	7.053582e-001	
8.207385e-002	8.999219e+000	7.386006e-001	
8.594187e-002	8.999219e+000	7.734097e-001	
8.999218e-002	8.999218e+000	8.098592e-001	
9.423338e-002	8.999218e+000	8.480267e-001	
9.867445e-002	8.999217e+000	8.879928e-001	
1.033248e-001	8.999217e+000	9.298426e-001	
1.081944e-001	8.999216e+000	9.736645e-001	
1.132934e-001	8.999216e+000	1.019552e+000	
1.186328e-001	8.999215e+000	1.067602e+000	
1.242237e-001	8.999214e+000	1.117916e+000	
1.300782e-001	8.999214e+000	1.170602e+000	
1.362086e-001	8.999213e+000	1.225770e+000	
1.426279e-001	8.999212e+000	1.283539e+000	
1.493497e-001	8.999211e+000	1.344030e+000	
1.563884e-001	8.999210e+000	1.407372e+000	
1.637587e-001	8.999209e+000	1.473699e+000	
1.714764e-001	8.999208e+000	1.543152e+000	
1.795578e-001	8.999207e+000	1.615878e+000	
1.880201e-001	8.999207e+000	1.692032e+000	
1.968812e-001	8.999206e+000	1.771774e+000	
2.061599e-001	8.999205e+000	1.855275e+000	
2.158759e-001	8.999204e+000	1.942711e+000	
2.260498e-001	8.999203e+000	2.034268e+000	
2.367031e-001	8.999202e+000	2.130139e+000	
2.478586e-001	8.999200e+000	2.230529e+000	
2.595397e-001	8.999199e+000	2.335650e+000	
2.717714e-001	8.999197e+000	2.445724e+000	
2.845795e-001	8.999196e+000	2.560987e+000	
2.979913e-001	8.999194e+000	2.681682e+000	
3.120352e-001	8.999192e+000	2.808065e+000	
3.267409e-001	8.999191e+000	2.940404e+000	
3.421396e-001	8.999189e+000	3.078979e+000	
3.582641e-001	8.999187e+000	3.224086e+000	
3.751485e-001	8.999186e+000	3.376031e+000	
3.928286e-001	8.999184e+000	3.535137e+000	
4.113419e-001	8.999181e+000	3.701740e+000	
4.307278e-001	8.999179e+000	3.876196e+000	
4.510272e-001	8.999176e+000	4.058874e+000	
4.722834e-001	8.999174e+000	4.250160e+000	
4.945413e-001	8.999171e+000	4.450461e+000	
5.178481e-001	8.999168e+000	4.660203e+000	
5.422534e-001	8.999166e+000	4.879828e+000	
5.678088e-001	8.999163e+000	5.109804e+000	
5.945686e-001	8.999160e+000	5.350618e+000	
6.225895e-001	8.999157e+000	5.602781e+000	
6.519310e-001	8.999153e+000	5.866827e+000	
6.826553e-001	8.999149e+000	6.143317e+000	
7.148275e-001	8.999146e+000	6.432837e+000	
7.485160e-001	8.999142e+000	6.736002e+000	
7.837921e-001	8.999138e+000	7.053454e+000	
8.207307e-001	8.999133e+000	7.385865e+000	
8.594102e-001	8.999129e+000	7.733943e+000	
8.999124e-001	8.999125e+000	8.098424e+000	
9.423235e-001	8.999120e+000	8.480082e+000	
9.867333e-001	8.999114e+000	8.879725e+000	
1.033236e+000	8.999109e+000	9.298203e+000	
1.081930e+000	8.999104e+000	9.736402e+000	
1.132919e+000	8.999097e+000	1.019525e+001	
1.186311e+000	8.999091e+000	1.067572e+001	
1.242219e+000	8.999084e+000	1.117884e+001	
1.300763e+000	8.999078e+000	1.170566e+001	
1.362064e+000	8.999071e+000	1.225732e+001	
1.426255e+000	8.999063e+000	1.283496e+001	
1.493472e+000	8.999056e+000	1.343983e+001	
1.563855e+000	8.999047e+000	1.407321e+001	
1.637556e+000	8.999039e+000	1.473643e+001	
1.714730e+000	8.999030e+000	1.543090e+001	
1.795541e+000	8.999021e+000	1.615811e+001	
1.880160e+000	8.999011e+000	1.691958e+001	
1.968767e+000	8.999001e+000	1.771693e+001	
2.061549e+000	8.998989e+000	1.855186e+001	
2.158705e+000	8.998979e+000	1.942614e+001	
2.260438e+000	8.998966e+000	2.034161e+001	
2.366966e+000	8.998954e+000	2.130022e+001	
2.478514e+000	8.998941e+000	2.230400e+001	
2.595319e+000	8.998928e+000	2.335509e+001	
2.717628e+000	8.998914e+000	2.445570e+001	
2.845702e+000	8.998899e+000	2.560818e+001	
2.979810e+000	8.998883e+000	2.681496e+001	
3.120239e+000	8.998867e+000	2.807861e+001	
3.267285e+000	8.998850e+000	2.940181e+001	
3.421260e+000	8.998832e+000	3.078735e+001	
3.582492e+000	8.998813e+000	3.223817e+001	
3.751322e+000	8.998794e+000	3.375737e+001	
3.928107e+000	8.998773e+000	3.534814e+001	
4.113223e+000	8.998752e+000	3.701387e+001	
4.307063e+000	8.998729e+000	3.875809e+001	
4.510036e+000	8.998705e+000	4.058448e+001	
4.722575e+000	8.998681e+000	4.249694e+001	
4.945128e+000	8.998654e+000	4.449950e+001	
5.178170e+000	8.998628e+000	4.659642e+001	
5.422193e+000	8.998599e+000	4.879214e+001	
5.677714e+000	8.998569e+000	5.109130e+001	
5.945275e+000	8.998539e+000	5.349879e+001	
6.225445e+000	8.998507e+000	5.601971e+001	
6.518817e+000	8.998472e+000	5.865939e+001	
6.826012e+000	8.998436e+000	6.142343e+001	
7.147682e+000	8.998399e+000	6.431769e+001	
7.484510e+000	8.998360e+000	6.734831e+001	
7.837208e+000	8.998319e+000	7.052170e+001	
8.206525e+000	8.998276e+000	7.384457e+001	
8.593244e+000	8.998231e+000	7.732399e+001	
8.998184e+000	8.998184e+000	8.096732e+001	
9.422204e+000	8.998135e+000	8.478226e+001	
9.866202e+000	8.998083e+000	8.877691e+001	
1.033112e+001	8.998029e+000	9.295971e+001	
1.081794e+001	8.997972e+000	9.733955e+001	
1.132770e+001	8.997913e+000	1.019257e+002	
1.186148e+001	8.997851e+000	1.067278e+002	
1.242040e+001	8.997787e+000	1.117561e+002	
1.300566e+001	8.997718e+000	1.170213e+002	
1.361849e+001	8.997647e+000	1.225344e+002	
1.426019e+001	8.997572e+000	1.283071e+002	
1.493212e+001	8.997494e+000	1.343517e+002	
1.563571e+001	8.997413e+000	1.406809e+002	
1.637244e+001	8.997327e+000	1.473082e+002	
1.714388e+001	8.997237e+000	1.542476e+002	
1.795166e+001	8.997143e+000	1.615136e+002	
1.879749e+001	8.997045e+000	1.691218e+002	
1.968316e+001	8.996942e+000	1.770883e+002	
2.061055e+001	8.996833e+000	1.854297e+002	
2.158163e+001	8.996720e+000	1.941639e+002	
2.259844e+001	8.996601e+000	2.033092e+002	
2.366315e+001	8.996477e+000	2.128850e+002	
2.477800e+001	8.996347e+000	2.229115e+002	
2.594536e+001	8.996211e+000	2.334099e+002	
2.716769e+001	8.996068e+000	2.444024e+002	
2.844759e+001	8.995919e+000	2.559123e+002	
2.978777e+001	8.995763e+000	2.679637e+002	
3.119105e+001	8.995598e+000	2.805822e+002	
3.266042e+001	8.995426e+000	2.937944e+002	
3.419897e+001	8.995246e+000	3.076282e+002	
3.580997e+001	8.995057e+000	3.221127e+002	
3.749681e+001	8.994860e+000	3.372786e+002	
3.926308e+001	8.994652e+000	3.531577e+002	
4.111250e+001	8.994434e+000	3.697837e+002	
4.304898e+001	8.994206e+000	3.871914e+002	
4.507662e+001	8.993967e+000	4.054176e+002	
4.719970e+001	8.993716e+000	4.245007e+002	
4.942270e+001	8.993454e+000	4.444808e+002	
5.175033e+001	8.993177e+000	4.653999e+002	
5.418750e+001	8.992887e+000	4.873021e+002	
5.673936e+001	8.992582e+000	5.102334e+002	
5.941129e+001	8.992262e+000	5.342419e+002	
6.220893e+001	8.991925e+000	5.593780e+002	
6.513818e+001	8.991571e+000	5.856946e+002	
6.820521e+001	8.991198e+000	6.132465e+002	
7.141649e+001	8.990804e+000	6.420916e+002	
7.477879e+001	8.990387e+000	6.722902e+002	
7.829916e+001	8.989946e+000	7.039053e+002	
8.198502e+001	8.989479e+000	7.370027e+002	
8.584412e+001	8.988982e+000	7.716512e+002	
8.988451e+001	8.988451e+000	8.079225e+002	
9.411468e+001	8.987883e+000	8.458917e+002	
9.854343e+001	8.987268e+000	8.856363e+002	
1.031800e+002	8.986602e+000	9.272375e+002	
1.080339e+002	8.985871e+000	9.707790e+002	
1.131152e+002	8.985063e+000	1.016348e+003	
1.184342e+002	8.984156e+000	1.064032e+003	
1.240016e+002	8.983120e+000	1.113921e+003	
1.298282e+002	8.981916e+000	1.166106e+003	
1.359251e+002	8.980485e+000	1.220674e+003	
1.423034e+002	8.978738e+000	1.277705e+003	
1.489735e+002	8.976542e+000	1.337267e+003	
1.559449e+002	8.973696e+000	1.399403e+003	
1.632250e+002	8.969880e+000	1.464109e+003	
1.708168e+002	8.964591e+000	1.531302e+003	
1.787156e+002	8.956997e+000	1.600755e+003	
1.869025e+002	8.945716e+000	1.671977e+003	
1.953320e+002	8.928397e+000	1.744002e+003	
2.039115e+002	8.901060e+000	1.815029e+003	
2.124701e+002	8.857229e+000	1.881897e+003	
2.207335e+002	8.787559e+000	1.939708e+003	
2.283515e+002	8.681680e+000	1.982474e+003	
2.350220e+002	8.533134e+000	2.005475e+003	
2.406286e+002	8.343479e+000	2.007680e+003	
2.452468e+002	8.120886e+000	1.991621e+003	
2.490457e+002	7.875517e+000	1.961364e+003	
2.522009e+002	7.616344e+000	1.920848e+003	
2.548580e+002	7.350185e+000	1.873253e+003	
2.571276e+002	7.081882e+000	1.820947e+003	
2.590927e+002	6.814834e+000	1.765674e+003	
2.608144e+002	6.551360e+000	1.708689e+003	
2.623381e+002	6.293052e+000	1.650907e+003	
2.636986e+002	6.040986e+000	1.592999e+003	
2.649218e+002	5.795857e+000	1.535449e+003	
2.660294e+002	5.558143e+000	1.478630e+003	
2.670378e+002	5.328104e+000	1.422805e+003	
2.679601e+002	5.105874e+000	1.368170e+003	
2.688072e+002	4.891487e+000	1.314867e+003	
2.695881e+002	4.684904e+000	1.262994e+003	
2.703103e+002	4.486034e+000	1.212621e+003	
2.709800e+002	4.294744e+000	1.163790e+003	
2.716028e+002	4.110874e+000	1.116525e+003	
2.721830e+002	3.934241e+000	1.070834e+003	
2.727248e+002	3.764650e+000	1.026713e+003	
2.732310e+002	3.601887e+000	9.841473e+002	
2.737056e+002	3.445749e+000	9.431209e+002	
2.741508e+002	3.296017e+000	9.036058e+002	
2.745690e+002	3.152473e+000	8.655714e+002	
2.749622e+002	3.014901e+000	8.289839e+002	
2.753325e+002	2.883085e+000	7.938070e+002	
2.756814e+002	2.756814e+000	7.600023e+002	
2.760105e+002	2.635880e+000	7.275305e+002	
2.763212e+002	2.520079e+000	6.963512e+002	
2.766147e+002	2.409213e+000	6.664237e+002	
2.768921e+002	2.303088e+000	6.377070e+002	
2.771546e+002	2.201517e+000	6.101607e+002	
2.774030e+002	2.104317e+000	5.837440e+002	
2.776383e+002	2.011312e+000	5.584173e+002	
2.778613e+002	1.922330e+000	5.341412e+002	
2.780727e+002	1.837208e+000	5.108773e+002	
2.782731e+002	1.755785e+000	4.885877e+002	
2.784633e+002	1.677908e+000	4.672358e+002	
2.786439e+002	1.603428e+000	4.467856e+002	
2.788149e+002	1.532202e+000	4.272006e+002	
2.789776e+002	1.464095e+000	4.084498e+002	
2.791322e+002	1.398975e+000	3.904990e+002	
2.792791e+002	1.336714e+000	3.733164e+002	
2.794188e+002	1.277190e+000	3.568710e+002	
2.795516e+002	1.220287e+000	3.411331e+002	
2.796779e+002	1.165891e+000	3.260740e+002	
2.797980e+002	1.113896e+000	3.116659e+002	
2.799123e+002	1.064197e+000	2.978818e+002	
2.800211e+002	1.016695e+000	2.846961e+002	
2.801246e+002	9.712953e-001	2.720837e+002	
2.802232e+002	9.279062e-001	2.600208e+002	
2.803170e+002	8.864403e-001	2.484843e+002	
2.804064e+002	8.468137e-001	2.374520e+002	
2.804915e+002	8.089463e-001	2.269026e+002	
2.805726e+002	7.727610e-001	2.168156e+002	
2.806498e+002	7.381842e-001	2.071713e+002	
2.807234e+002	7.051453e-001	1.979508e+002	
2.807935e+002	6.735768e-001	1.891360e+002	
2.808604e+002	6.434139e-001	1.807095e+002	
2.809241e+002	6.145949e-001	1.726545e+002	
2.809848e+002	5.870604e-001	1.649550e+002	
2.810427e+002	5.607538e-001	1.575957e+002	
2.810978e+002	5.356209e-001	1.505619e+002	
2.811505e+002	5.116097e-001	1.438393e+002	
2.812007e+002	4.886707e-001	1.374145e+002	
2.812485e+002	4.667563e-001	1.312745e+002	
2.812941e+002	4.458212e-001	1.254069e+002	
2.813376e+002	4.258218e-001	1.197997e+002	
2.813792e+002	4.067167e-001	1.144416e+002	
2.814188e+002	3.884661e-001	1.093216e+002	
2.814566e+002	3.710320e-001	1.044294e+002	
2.814926e+002	3.543782e-001	9.975486e+001	
2.815270e+002	3.384700e-001	9.528844e+001	
2.815598e+002	3.232740e-001	9.102097e+001	
2.815912e+002	3.087586e-001	8.694370e+001	
2.816211e+002	2.948935e-001	8.304821e+001	
2.816490e+002	2.816491e-001	7.932619e+001	
