time	V(receiver)
0.000000000000000e+000	0.000000e+000
9.765624452758720e-014	4.098627e-002
1.953124890551744e-013	8.911739e-002
3.906249781103488e-013	1.604151e-001
7.812499562206976e-013	1.174063e-001
1.562499912441395e-012	-2.641923e-002
3.124999824882790e-012	-4.627250e-002
6.249999649765581e-012	-1.160797e-002
1.249999929953116e-011	2.693295e-003
2.499999859906232e-011	-1.662958e-003
4.999999719812465e-011	-9.069778e-004
9.999999439624929e-011	1.590872e-003
1.999999887924986e-010	-1.596287e-005
3.999999775849972e-010	-5.335907e-004
7.999999551699943e-010	-6.026253e-004
1.599999910339989e-009	-1.370897e-003
3.199999820679977e-009	-3.044927e-003
6.399999641359955e-009	-6.218503e-003
1.279999928271991e-008	-1.258188e-002
2.256562428271991e-008	-2.214908e-002
3.233124928271991e-008	-3.154006e-002
4.209687428271991e-008	-4.070443e-002
5.186249928271991e-008	-4.960819e-002
6.162812428271991e-008	-5.821761e-002
7.139374928271990e-008	-6.650127e-002
8.115937428271990e-008	-7.442790e-002
9.092499928271990e-008	-8.196858e-002
1.006906242827199e-007	-8.909552e-002
1.104562492827199e-007	-9.578297e-002
1.202218742827199e-007	-1.020062e-001
1.299874992827199e-007	-1.077429e-001
1.397531242827199e-007	-1.129725e-001
1.495187492827199e-007	-1.176762e-001
1.690499992827199e-007	-1.254411e-001
1.885812492827199e-007	-1.309293e-001
2.081124992827199e-007	-1.340666e-001
2.276437492827199e-007	-1.348142e-001
2.471749992827199e-007	-1.331697e-001
2.667062492827199e-007	-1.291661e-001
2.862374992827200e-007	-1.228719e-001
3.057687492827200e-007	-1.143904e-001
3.252999992827201e-007	-1.038566e-001
3.448312492827201e-007	-9.143753e-002
3.643624992827202e-007	-7.732739e-002
3.838937492827203e-007	-6.174618e-002
4.034249992827203e-007	-4.493553e-002
4.131906242827203e-007	-3.614993e-002
4.229562492827204e-007	-2.715570e-002
4.327218742827204e-007	-1.798757e-002
4.424874992827204e-007	-8.681068e-003
4.522531242827204e-007	7.279795e-004
4.717843742827205e-007	1.970865e-002
4.913156242827205e-007	3.866215e-002
5.108468742827206e-007	5.729685e-002
5.303781242827206e-007	7.532615e-002
5.499093742827207e-007	9.247272e-002
5.694406242827207e-007	1.084724e-001
5.889718742827208e-007	1.230788e-001
6.085031242827208e-007	1.360664e-001
6.280343742827209e-007	1.472341e-001
6.475656242827209e-007	1.564086e-001
6.670968742827210e-007	1.634465e-001
6.866281242827210e-007	1.682364e-001
7.061593742827211e-007	1.707015e-001
7.256906242827211e-007	1.707995e-001
7.452218742827212e-007	1.685242e-001
7.647531242827213e-007	1.639048e-001
7.842843742827213e-007	1.570065e-001
8.038156242827214e-007	1.479283e-001
8.233468742827214e-007	1.368022e-001
8.428781242827215e-007	1.237916e-001
8.526437492827215e-007	1.166383e-001
8.624093742827215e-007	1.090877e-001
8.721749992827215e-007	1.011677e-001
8.819406242827216e-007	9.290771e-002
8.917062492827216e-007	8.433816e-002
9.014718742827216e-007	7.549088e-002
9.112374992827216e-007	6.639861e-002
9.210031242827217e-007	5.709542e-002
9.307687492827217e-007	4.761555e-002
9.405343742827217e-007	3.799410e-002
9.502999992827217e-007	2.826710e-002
9.600656242827218e-007	1.847061e-002
9.698312492827218e-007	8.641155e-003
9.795968742827218e-007	-1.184938e-003
9.893624992827218e-007	-1.097106e-002
9.991281242827219e-007	-2.068062e-002
1.008893749282722e-006	-3.027775e-002
1.018659374282722e-006	-3.972655e-002
1.028424999282722e-006	-4.899190e-002
1.038190624282722e-006	-5.803966e-002
1.047956249282722e-006	-6.683580e-002
1.057721874282722e-006	-7.534755e-002
1.067487499282722e-006	-8.354370e-002
1.077253124282722e-006	-9.139352e-002
1.087018749282722e-006	-9.886776e-002
1.096784374282722e-006	-1.059390e-001
1.106549999282722e-006	-1.125807e-001
1.116315624282722e-006	-1.187683e-001
1.126081249282722e-006	-1.244791e-001
1.135846874282722e-006	-1.296916e-001
1.145612499282722e-006	-1.343869e-001
1.155378124282722e-006	-1.385475e-001
1.174909374282722e-006	-1.452054e-001
1.194440624282722e-006	-1.495682e-001
1.213971874282722e-006	-1.515730e-001
1.233503124282723e-006	-1.511920e-001
1.253034374282723e-006	-1.484337e-001
1.272565624282723e-006	-1.433423e-001
1.292096874282723e-006	-1.359966e-001
1.311628124282723e-006	-1.265094e-001
1.331159374282723e-006	-1.150259e-001
1.350690624282723e-006	-1.017210e-001
1.370221874282723e-006	-8.679726e-002
1.389753124282723e-006	-7.048086e-002
1.409284374282723e-006	-5.301972e-002
1.428815624282723e-006	-3.467840e-002
1.448346874282723e-006	-1.573474e-002
1.467878124282723e-006	3.524395e-003
1.487409374282723e-006	2.280744e-002
1.506940624282723e-006	4.182240e-002
1.526471874282723e-006	6.028163e-002
1.546003124282723e-006	7.790543e-002
1.565534374282723e-006	9.442738e-002
1.585065624282723e-006	1.095970e-001
1.604596874282723e-006	1.231846e-001
1.624128124282724e-006	1.349841e-001
1.643659374282724e-006	1.448165e-001
1.663190624282724e-006	1.525324e-001
1.682721874282724e-006	1.580143e-001
1.702253124282724e-006	1.611780e-001
1.721784374282724e-006	1.619747e-001
1.741315624282724e-006	1.603910e-001
1.760846874282724e-006	1.564493e-001
1.780378124282724e-006	1.502077e-001
1.799909374282724e-006	1.417584e-001
1.819440624282724e-006	1.312277e-001
1.838971874282724e-006	1.187726e-001
1.848737499282724e-006	1.118804e-001
1.858503124282724e-006	1.045789e-001
1.868268749282724e-006	9.689575e-002
1.878034374282724e-006	8.885945e-002
1.887799999282724e-006	8.050011e-002
1.897565624282724e-006	7.184917e-002
1.907331249282724e-006	6.293898e-002
1.917096874282724e-006	5.380293e-002
1.926862499282724e-006	4.447537e-002
1.936628124282724e-006	3.499126e-002
1.946393749282724e-006	2.538599e-002
1.956159374282724e-006	1.569567e-002
1.965924999282724e-006	5.956788e-003
1.975690624282724e-006	-3.794283e-003
1.985456249282724e-006	-1.352090e-002
1.995221874282724e-006	-2.318662e-002
2.004987499282724e-006	-3.275513e-002
2.014753124282724e-006	-4.219057e-002
2.024518749282724e-006	-5.145761e-002
2.034284374282724e-006	-6.052131e-002
2.044049999282724e-006	-6.934782e-002
2.053815624282724e-006	-7.790405e-002
2.063581249282724e-006	-8.615776e-002
2.073346874282725e-006	-9.407818e-002
2.083112499282725e-006	-1.016355e-001
2.092878124282725e-006	-1.088014e-001
2.102643749282725e-006	-1.155489e-001
2.112409374282725e-006	-1.218529e-001
2.122174999282725e-006	-1.276899e-001
2.131940624282725e-006	-1.330376e-001
2.141706249282725e-006	-1.378764e-001
2.151471874282725e-006	-1.421880e-001
2.171003124282725e-006	-1.491671e-001
2.190534374282725e-006	-1.538708e-001
2.210065624282725e-006	-1.562293e-001
2.229596874282725e-006	-1.562077e-001
2.249128124282725e-006	-1.538071e-001
2.268659374282725e-006	-1.490644e-001
2.288190624282725e-006	-1.420517e-001
2.307721874282725e-006	-1.328750e-001
2.327253124282725e-006	-1.216730e-001
2.346784374282725e-006	-1.086151e-001
2.366315624282725e-006	-9.389798e-002
2.385846874282725e-006	-7.774388e-002
2.405378124282725e-006	-6.039625e-002
2.424909374282725e-006	-4.211655e-002
2.444440624282725e-006	-2.318045e-002
2.463971874282726e-006	-3.873126e-003
2.483503124282726e-006	1.551438e-002
2.503034374282726e-006	3.468999e-002
2.522565624282726e-006	5.336471e-002
2.542096874282726e-006	7.125730e-002
2.561628124282726e-006	8.809792e-002
2.581159374282726e-006	1.036329e-001
2.600690624282726e-006	1.176284e-001
2.620221874282726e-006	1.298729e-001
2.639753124282726e-006	1.401821e-001
2.659284374282726e-006	1.484005e-001
2.678815624282726e-006	1.544041e-001
2.698346874282726e-006	1.581019e-001
2.717878124282726e-006	1.594381e-001
2.737409374282726e-006	1.583922e-001
2.756940624282726e-006	1.549793e-001
2.776471874282726e-006	1.492506e-001
2.796003124282726e-006	1.412918e-001
2.815534374282726e-006	1.312222e-001
2.835065624282727e-006	1.191930e-001
2.844831249282727e-006	1.124988e-001
2.854596874282727e-006	1.053847e-001
2.864362499282727e-006	9.787717e-002
2.874128124282727e-006	9.000463e-002
2.883893749282727e-006	8.179659e-002
2.893659374282727e-006	7.328393e-002
2.903424999282727e-006	6.449857e-002
2.913190624282727e-006	5.547362e-002
2.922956249282727e-006	4.624309e-002
2.932721874282727e-006	3.684147e-002
2.942487499282727e-006	2.730427e-002
2.952253124282727e-006	1.766733e-002
2.962018749282727e-006	7.966841e-003
2.971784374282727e-006	-1.760710e-003
2.981549999282727e-006	-1.147868e-002
2.991315624282727e-006	-2.115058e-002
3.001081249282727e-006	-3.074016e-002
3.010846874282727e-006	-4.021108e-002
3.020612499282727e-006	-4.952798e-002
3.030378124282727e-006	-5.865590e-002
3.040143749282727e-006	-6.756006e-002
3.049909374282727e-006	-7.620732e-002
3.059674999282727e-006	-8.456516e-002
3.069440624282727e-006	-9.260205e-002
3.079206249282727e-006	-1.002879e-001
3.088971874282727e-006	-1.075938e-001
3.098737499282727e-006	-1.144923e-001
3.108503124282727e-006	-1.209572e-001
3.118268749282727e-006	-1.269644e-001
3.128034374282727e-006	-1.324914e-001
3.137799999282727e-006	-1.375172e-001
3.147565624282727e-006	-1.420232e-001
3.167096874282727e-006	-1.494097e-001
3.186628124282727e-006	-1.545398e-001
3.206159374282727e-006	-1.573366e-001
3.225690624282728e-006	-1.577583e-001
3.245221874282728e-006	-1.557988e-001
3.264753124282728e-006	-1.514877e-001
3.284284374282728e-006	-1.448902e-001
3.303815624282728e-006	-1.361056e-001
3.323346874282728e-006	-1.252662e-001
3.342878124282728e-006	-1.125354e-001
3.362409374282728e-006	-9.810480e-002
3.381940624282728e-006	-8.219150e-002
3.401471874282728e-006	-6.503507e-002
3.421003124282728e-006	-4.689376e-002
3.440534374282728e-006	-2.804055e-002
3.460065624282728e-006	-8.759237e-003
3.479596874282728e-006	1.066018e-002
3.499128124282728e-006	2.992531e-002
3.518659374282728e-006	4.874648e-002
3.538190624282728e-006	6.684009e-002
3.557721874282728e-006	8.393424e-002
3.577253124282728e-006	9.977151e-002
3.596784374282729e-006	1.141136e-001
3.616315624282729e-006	1.267446e-001
3.635846874282729e-006	1.374744e-001
3.655378124282729e-006	1.461416e-001
3.674909374282729e-006	1.526155e-001
3.694440624282729e-006	1.567988e-001
3.713971874282729e-006	1.586283e-001
3.733503124282729e-006	1.580766e-001
3.753034374282729e-006	1.551514e-001
3.772565624282729e-006	1.498971e-001
3.792096874282729e-006	1.423924e-001
3.811628124282729e-006	1.327500e-001
3.831159374282729e-006	1.211148e-001
3.840924999282728e-006	1.146036e-001
3.850690624282728e-006	1.076619e-001
3.860456249282728e-006	1.003160e-001
3.870221874282727e-006	9.259342e-002
3.879987499282727e-006	8.452320e-002
3.889753124282726e-006	7.613594e-002
3.899518749282726e-006	6.746300e-002
3.909284374282726e-006	5.853690e-002
3.919049999282725e-006	4.939142e-002
3.928815624282725e-006	4.006097e-002
3.938581249282724e-006	3.058055e-002
3.948346874282724e-006	2.098588e-002
3.958112499282724e-006	1.131316e-002
3.967878124282723e-006	1.598662e-003
3.977643749282723e-006	-8.121042e-003
3.987409374282722e-006	-1.780943e-002
3.997174999282722e-006	-2.742993e-002
4.006940624282722e-006	-3.694632e-002
4.016706249282721e-006	-4.632291e-002
4.026471874282721e-006	-5.552429e-002
4.036237499282720e-006	-6.451595e-002
4.046003124282720e-006	-7.326405e-002
4.055768749282720e-006	-8.173563e-002
4.065534374282719e-006	-8.989890e-002
4.075299999282719e-006	-9.772296e-002
4.085065624282718e-006	-1.051784e-001
4.094831249282718e-006	-1.122374e-001
4.104596874282718e-006	-1.188732e-001
4.114362499282717e-006	-1.250609e-001
4.124128124282717e-006	-1.307772e-001
4.133893749282716e-006	-1.360005e-001
4.143659374282716e-006	-1.407113e-001
4.153424999282716e-006	-1.448918e-001
4.172956249282715e-006	-1.516012e-001
4.192487499282714e-006	-1.560278e-001
4.212018749282713e-006	-1.581051e-001
4.231549999282712e-006	-1.578020e-001
4.251081249282712e-006	-1.551229e-001
4.270612499282711e-006	-1.501085e-001
4.290143749282710e-006	-1.428339e-001
4.309674999282709e-006	-1.334090e-001
4.329206249282708e-006	-1.219753e-001
4.348737499282708e-006	-1.087050e-001
4.368268749282707e-006	-9.379762e-002
4.387799999282706e-006	-7.747750e-002
4.407331249282705e-006	-5.999018e-002
4.426862499282704e-006	-4.159854e-002
4.446393749282704e-006	-2.257955e-002
4.465924999282703e-006	-3.219027e-003
4.485456249282702e-006	1.619161e-002
4.504987499282701e-006	3.536062e-002
4.524518749282700e-006	5.399934e-002
4.544049999282700e-006	7.182759e-002
4.563581249282699e-006	8.857713e-002
4.583112499282698e-006	1.039960e-001
4.602643749282697e-006	1.178522e-001
4.622174999282696e-006	1.299374e-001
4.641706249282696e-006	1.400698e-001
4.661237499282695e-006	1.480967e-001
4.680768749282694e-006	1.538976e-001
4.700299999282693e-006	1.573849e-001
4.719831249282692e-006	1.585066e-001
4.739362499282692e-006	1.572453e-001
4.758893749282691e-006	1.536200e-001
4.778424999282690e-006	1.476856e-001
4.797956249282689e-006	1.395308e-001
4.817487499282689e-006	1.292785e-001
4.837018749282688e-006	1.170827e-001
4.846784374282687e-006	1.103124e-001
4.856549999282687e-006	1.031272e-001
4.866315624282687e-006	9.555396e-002
4.876081249282686e-006	8.762132e-002
4.885846874282686e-006	7.935918e-002
4.895612499282685e-006	7.079862e-002
4.905378124282685e-006	6.197191e-002
4.915143749282685e-006	5.291221e-002
4.924909374282684e-006	4.365346e-002
4.934674999282684e-006	3.423068e-002
4.944440624282683e-006	2.467940e-002
4.954206249282683e-006	1.503541e-002
4.963971874282683e-006	5.335115e-003
4.973737499282682e-006	-4.385076e-003
4.983503124282682e-006	-1.408856e-002
4.993268749282681e-006	-2.373872e-002
5.003034374282681e-006	-3.329920e-002
5.012799999282681e-006	-4.273424e-002
5.022565624282680e-006	-5.200820e-002
5.032331249282680e-006	-6.108620e-002
5.042096874282679e-006	-6.993396e-002
5.051862499282679e-006	-7.851829e-002
5.061628124282679e-006	-8.680709e-002
5.071393749282678e-006	-9.476876e-002
5.081159374282678e-006	-1.023734e-001
5.090924999282677e-006	-1.095927e-001
5.100690624282677e-006	-1.163993e-001
5.110456249282677e-006	-1.227675e-001
5.120221874282676e-006	-1.286735e-001
5.129987499282676e-006	-1.340950e-001
5.139753124282675e-006	-1.390116e-001
5.149518749282675e-006	-1.434046e-001
5.169049999282674e-006	-1.505567e-001
5.188581249282673e-006	-1.554434e-001
5.208112499282673e-006	-1.579913e-001
5.227643749282672e-006	-1.581624e-001
5.247174999282671e-006	-1.559538e-001
5.266706249282670e-006	-1.513990e-001
5.286237499282669e-006	-1.445661e-001
5.305768749282669e-006	-1.355585e-001
5.325299999282668e-006	-1.245114e-001
5.344831249282667e-006	-1.115909e-001
5.364362499282666e-006	-9.699142e-002
5.383893749282665e-006	-8.093267e-002
5.403424999282665e-006	-6.365594e-002
5.422956249282664e-006	-4.542140e-002
5.442487499282663e-006	-2.650316e-002
5.462018749282662e-006	-7.185673e-003
5.481549999282661e-006	1.224040e-002
5.501081249282661e-006	3.148270e-002
5.520612499282660e-006	5.025216e-002
5.540143749282659e-006	6.826628e-002
5.559674999282658e-006	8.525410e-002
5.579206249282657e-006	1.009600e-001
5.598737499282657e-006	1.151481e-001
5.618268749282656e-006	1.276045e-001
5.637799999282655e-006	1.381422e-001
5.657331249282654e-006	1.466025e-001
5.676862499282654e-006	1.528582e-001
5.686628124282653e-006	1.551286e-001
5.706159374282652e-006	1.579116e-001
5.725690624282652e-006	1.583199e-001
5.745221874282651e-006	1.563472e-001
5.764753124282650e-006	1.520234e-001
5.784284374282649e-006	1.454131e-001
5.803815624282648e-006	1.366161e-001
5.823346874282648e-006	1.257645e-001
5.842878124282647e-006	1.130215e-001
5.852643749282646e-006	1.059996e-001
5.862409374282646e-006	9.857888e-002
5.872174999282646e-006	9.078715e-002
5.881940624282645e-006	8.265384e-002
5.891706249282645e-006	7.420939e-002
5.901471874282644e-006	6.548570e-002
5.911237499282644e-006	5.651570e-002
5.921003124282644e-006	4.733293e-002
5.930768749282643e-006	3.797227e-002
5.940534374282643e-006	2.846869e-002
5.950299999282642e-006	1.885787e-002
5.960065624282642e-006	9.176265e-003
5.969831249282642e-006	-5.398691e-004
5.979596874282641e-006	-1.025386e-002
5.989362499282641e-006	-1.992915e-002
5.999128124282640e-006	-2.952942e-002
6.008893749282640e-006	-3.901839e-002
6.018659374282640e-006	-4.836045e-002
6.028424999282639e-006	-5.752059e-002
6.038190624282639e-006	-6.646395e-002
6.047956249282638e-006	-7.515711e-002
6.057721874282638e-006	-8.356745e-002
6.067487499282638e-006	-9.166313e-002
6.077253124282637e-006	-9.941372e-002
6.087018749282637e-006	-1.067900e-001
6.096784374282636e-006	-1.137643e-001
6.106549999282636e-006	-1.203105e-001
6.116315624282636e-006	-1.264038e-001
6.126081249282635e-006	-1.320211e-001
6.135846874282635e-006	-1.371414e-001
6.145612499282634e-006	-1.417457e-001
6.155378124282634e-006	-1.458163e-001
6.174909374282633e-006	-1.522976e-001
6.194440624282632e-006	-1.564881e-001
6.213971874282632e-006	-1.583246e-001
6.233503124282631e-006	-1.577796e-001
6.253034374282630e-006	-1.548613e-001
6.272565624282629e-006	-1.496135e-001
6.292096874282628e-006	-1.421153e-001
6.311628124282628e-006	-1.324794e-001
6.331159374282627e-006	-1.208508e-001
6.350690624282626e-006	-1.074043e-001
6.370221874282625e-006	-9.234232e-002
6.389753124282624e-006	-7.589127e-002
6.409284374282624e-006	-5.829861e-002
6.428815624282623e-006	-3.982900e-002
6.448346874282622e-006	-2.076003e-002
6.467878124282621e-006	-1.378946e-003
6.487409374282620e-006	1.802332e-002
6.506940624282620e-006	3.715449e-002
6.526471874282619e-006	5.572705e-002
6.546003124282618e-006	7.346156e-002
6.565534374282617e-006	9.009137e-002
6.585065624282616e-006	1.053663e-001
6.604596874282616e-006	1.190566e-001
6.624128124282615e-006	1.309562e-001
6.643659374282614e-006	1.408864e-001
6.663190624282613e-006	1.486978e-001
6.682721874282613e-006	1.542725e-001
6.702253124282612e-006	1.575272e-001
6.721784374282611e-006	1.584124e-001
6.741315624282610e-006	1.569151e-001
6.760846874282609e-006	1.530579e-001
6.780378124282609e-006	1.468984e-001
6.799909374282608e-006	1.385295e-001
6.819440624282607e-006	1.280770e-001
6.838971874282606e-006	1.156983e-001
6.848737499282606e-006	1.088436e-001
6.858503124282605e-006	1.015793e-001
6.868268749282605e-006	9.393264e-002
6.878034374282605e-006	8.593255e-002
6.887799999282604e-006	7.760899e-002
6.897565624282604e-006	6.899331e-002
6.907331249282603e-006	6.011800e-002
6.917096874282603e-006	5.101645e-002
6.926862499282603e-006	4.172280e-002
6.936628124282602e-006	3.227212e-002
6.946393749282602e-006	2.270013e-002
6.956159374282601e-006	1.304271e-002
6.965924999282601e-006	3.336221e-003
6.975690624282601e-006	-6.382896e-003
6.985456249282600e-006	-1.607803e-002
6.995221874282600e-006	-2.571233e-002
7.004987499282599e-006	-3.525000e-002
7.014753124282599e-006	-4.465514e-002
7.024518749282599e-006	-5.389198e-002
7.034284374282598e-006	-6.292597e-002
7.044049999282598e-006	-7.172309e-002
7.053815624282597e-006	-8.025027e-002
7.063581249282597e-006	-8.847536e-002
7.073346874282597e-006	-9.636747e-002
7.083112499282596e-006	-1.038968e-001
7.092878124282596e-006	-1.110350e-001
7.102643749282595e-006	-1.177554e-001
7.112409374282595e-006	-1.240324e-001
7.122174999282595e-006	-1.298427e-001
7.131940624282594e-006	-1.351641e-001
7.141706249282594e-006	-1.399769e-001
7.151471874282593e-006	-1.442628e-001
7.171003124282593e-006	-1.511914e-001
7.190534374282592e-006	-1.558460e-001
7.210065624282591e-006	-1.581564e-001
7.229596874282590e-006	-1.580881e-001
7.249128124282589e-006	-1.556417e-001
7.268659374282589e-006	-1.508544e-001
7.288190624282588e-006	-1.437982e-001
7.307721874282587e-006	-1.345790e-001
7.327253124282586e-006	-1.233357e-001
7.346784374282585e-006	-1.102373e-001
7.366315624282585e-006	-9.548081e-002
7.385846874282584e-006	-7.928817e-002
7.405378124282583e-006	-6.190304e-002
7.424909374282582e-006	-4.358673e-002
7.444440624282581e-006	-2.461492e-002
7.463971874282581e-006	-5.272591e-003
7.483503124282580e-006	1.414883e-002
7.503034374282579e-006	3.335761e-002
7.522565624282578e-006	5.206474e-002
7.542096874282578e-006	6.998880e-002
7.561628124282577e-006	8.686031e-002
7.581159374282576e-006	1.024254e-001
7.600690624282575e-006	1.164500e-001
7.620221874282574e-006	1.287232e-001
7.639753124282574e-006	1.390604e-001
7.659284374282573e-006	1.473060e-001
7.678815624282572e-006	1.533360e-001
7.698346874282571e-006	1.570598e-001
7.717878124282570e-006	1.584213e-001
7.737409374282570e-006	1.574000e-001
7.756940624282569e-006	1.540113e-001
7.776471874282568e-006	1.483061e-001
7.796003124282567e-006	1.403701e-001
7.815534374282566e-006	1.303230e-001
7.835065624282566e-006	1.183155e-001
7.844831249282565e-006	1.116321e-001
7.854596874282565e-006	1.045285e-001
7.864362499282564e-006	9.703147e-002
7.874128124282564e-006	8.916923e-002
7.883893749282564e-006	8.097135e-002
7.893659374282563e-006	7.246875e-002
7.903424999282563e-006	6.369340e-002
7.913190624282562e-006	5.467824e-002
7.922956249282562e-006	4.545737e-002
7.932721874282562e-006	3.606544e-002
7.942487499282561e-006	2.653769e-002
7.952253124282561e-006	1.691011e-002
7.962018749282560e-006	7.218812e-003
7.971784374282560e-006	-2.499552e-003
7.981549999282560e-006	-1.220854e-002
7.991315624282559e-006	-2.187160e-002
8.001081249282559e-006	-3.145222e-002
8.010846874282558e-006	-4.091461e-002
8.020612499282558e-006	-5.022286e-002
8.030378124282558e-006	-5.934206e-002
8.040143749282557e-006	-6.823801e-002
8.049909374282557e-006	-7.687704e-002
8.059674999282556e-006	-8.522668e-002
8.069440624282556e-006	-9.325559e-002
8.079206249282556e-006	-1.009334e-001
8.088971874282555e-006	-1.082313e-001
8.098737499282555e-006	-1.151220e-001
8.108503124282554e-006	-1.215793e-001
8.118268749282554e-006	-1.275788e-001
8.128034374282554e-006	-1.330983e-001
8.137799999282553e-006	-1.381169e-001
8.147565624282553e-006	-1.426156e-001
8.167096874282552e-006	-1.499874e-001
8.186628124282551e-006	-1.551036e-001
8.206159374282550e-006	-1.578867e-001
8.225690624282550e-006	-1.582950e-001
8.245221874282549e-006	-1.563224e-001
8.264753124282548e-006	-1.519986e-001
8.284284374282547e-006	-1.453887e-001
8.303815624282546e-006	-1.365920e-001
8.323346874282546e-006	-1.257408e-001
8.342878124282545e-006	-1.129985e-001
8.362409374282544e-006	-9.855650e-002
8.381940624282543e-006	-8.263227e-002
8.401471874282542e-006	-6.546518e-002
8.421003124282542e-006	-4.731339e-002
8.440534374282541e-006	-2.845003e-002
8.460065624282540e-006	-9.158622e-003
8.479596874282539e-006	1.027042e-002
8.499128124282539e-006	2.954496e-002
8.518659374282538e-006	4.837537e-002
8.538190624282537e-006	6.647813e-002
8.557721874282536e-006	8.358100e-002
8.577253124282535e-006	9.942684e-002
8.596784374282535e-006	1.137772e-001
8.616315624282534e-006	1.264165e-001
8.635846874282533e-006	1.371542e-001
8.655378124282532e-006	1.458292e-001
8.674909374282531e-006	1.523107e-001
8.694440624282531e-006	1.565014e-001
8.713971874282530e-006	1.583381e-001
8.733503124282529e-006	1.577934e-001
8.753034374282528e-006	1.548752e-001
8.772565624282527e-006	1.496275e-001
8.792096874282527e-006	1.421293e-001
8.811628124282526e-006	1.324932e-001
8.831159374282525e-006	1.208644e-001
8.840924999282525e-006	1.143562e-001
8.850690624282524e-006	1.074175e-001
8.860456249282524e-006	1.000745e-001
8.870221874282523e-006	9.235495e-002
8.879987499282523e-006	8.428773e-002
8.889753124282523e-006	7.590324e-002
8.899518749282522e-006	6.723312e-002
8.909284374282522e-006	5.830989e-002
8.919049999282521e-006	4.916719e-002
8.928815624282521e-006	3.983945e-002
8.938581249282521e-006	3.036175e-002
8.948346874282520e-006	2.076979e-002
8.958112499282520e-006	1.109964e-002
8.967878124282519e-006	1.387728e-003
8.977643749282519e-006	-8.329418e-003
8.987409374282519e-006	-1.801516e-002
8.997174999282518e-006	-2.763312e-002
9.006940624282518e-006	-3.714713e-002
9.016706249282517e-006	-4.652124e-002
9.026471874282517e-006	-5.572021e-002
9.036237499282517e-006	-6.470947e-002
9.046003124282516e-006	-7.345521e-002
9.055768749282516e-006	-8.192451e-002
9.065534374282515e-006	-9.008530e-002
9.075299999282515e-006	-9.790707e-002
9.085065624282515e-006	-1.053605e-001
9.094831249282514e-006	-1.124172e-001
9.104596874282514e-006	-1.190507e-001
9.114362499282513e-006	-1.252362e-001
9.124128124282513e-006	-1.309504e-001
9.133893749282513e-006	-1.361715e-001
9.143659374282512e-006	-1.408803e-001
9.153424999282512e-006	-1.450588e-001
9.172956249282511e-006	-1.517642e-001
9.192487499282510e-006	-1.561868e-001
9.212018749282509e-006	-1.582602e-001
9.231549999282509e-006	-1.579533e-001
9.251081249282508e-006	-1.552705e-001
9.270612499282507e-006	-1.502526e-001
9.290143749282506e-006	-1.429745e-001
9.309674999282505e-006	-1.335461e-001
9.329206249282505e-006	-1.221092e-001
9.348737499282504e-006	-1.088355e-001
9.368268749282503e-006	-9.392502e-002
9.387799999282502e-006	-7.760174e-002
9.407331249282502e-006	-6.011144e-002
9.426862499282501e-006	-4.171690e-002
9.446393749282500e-006	-2.269495e-002
9.465924999282499e-006	-3.331630e-003
9.485456249282498e-006	1.608182e-002
9.504987499282498e-006	3.525332e-002
9.524518749282497e-006	5.389468e-002
9.544049999282496e-006	7.172553e-002
9.563581249282495e-006	8.847744e-002
9.583112499282494e-006	1.038989e-001
9.602643749282494e-006	1.177574e-001
9.622174999282493e-006	1.298450e-001
9.641706249282492e-006	1.399794e-001
9.661237499282491e-006	1.480086e-001
9.680768749282490e-006	1.538116e-001
9.700299999282490e-006	1.573011e-001
9.719831249282489e-006	1.584247e-001
9.739362499282488e-006	1.571654e-001
9.758893749282487e-006	1.535422e-001
9.778424999282486e-006	1.476096e-001
9.797956249282486e-006	1.394566e-001
9.817487499282485e-006	1.292061e-001
9.837018749282484e-006	1.170122e-001
9.846784374282484e-006	1.102427e-001
9.856549999282483e-006	1.030582e-001
9.866315624282483e-006	9.548578e-002
9.876081249282482e-006	8.755415e-002
9.885846874282482e-006	7.929281e-002
9.895612499282482e-006	7.073304e-002
9.905378124282481e-006	6.190714e-002
9.915143749282481e-006	5.284810e-002
9.924909374282480e-006	4.359024e-002
9.934674999282480e-006	3.416825e-002
9.944440624282480e-006	2.461766e-002
9.954206249282479e-006	1.497452e-002
9.963971874282479e-006	5.274914e-003
9.973737499282478e-006	-4.444562e-003
9.983503124282478e-006	-1.414724e-002
9.993268749282478e-006	-2.380376e-002
9.999999999999999e-006	-2.712086e-002
