time	Id(M1)
0.000000000000000e+000	1.257661e-010
9.765624940649698e-012	-1.067344e-007
1.953124988129940e-011	-2.555310e-007
3.906249976259879e-011	-6.723902e-007
7.812499952519758e-011	-1.728385e-006
1.562499990503952e-010	-4.208579e-006
3.124999981007903e-010	-9.690710e-006
5.723630526765819e-010	-1.886405e-005
1.049312737112842e-009	-3.482248e-005
1.813782268498963e-009	-5.828253e-005
2.898805361534509e-009	-8.761044e-005
4.394904151097213e-009	-1.215119e-004
6.385920425667593e-009	-1.571353e-004
9.029053881539522e-009	-1.917759e-004
1.250664595622858e-008	-2.221248e-004
1.714895353864279e-008	-2.459143e-004
2.345340079129613e-008	-2.619149e-004
3.239000450757726e-008	-2.707294e-004
4.587549123365485e-008	-2.743549e-004
6.865259251000852e-008	-2.753538e-004
1.142067950627159e-007	-2.755840e-004
2.053152001681305e-007	-2.756925e-004
3.875320103789599e-007	-2.757397e-004
7.519656308006185e-007	-2.757998e-004
1.480832871643936e-006	-2.759262e-004
2.457395371643936e-006	6.237860e-001
2.958850456888925e-006	2.658214e+000
3.257562440997630e-006	5.616599e+000
3.449717256987360e-006	8.255989e+000
3.623150465865423e-006	1.077888e+001
3.788614160052823e-006	1.314740e+001
3.903896849514228e-006	1.446472e+001
3.964650011401403e-006	1.411089e+001
3.998318746114507e-006	1.265650e+001
4.026472732445747e-006	1.081041e+001
4.041381001163427e-006	9.722205e+000
4.048369929042503e-006	8.941621e+000
4.055849865440872e-006	7.965190e+000
4.061517526260108e-006	7.390406e+000
4.068212676902389e-006	6.907990e+000
4.075404407663676e-006	6.553779e+000
4.083803039379449e-006	6.291510e+000
4.093269229744455e-006	6.117175e+000
4.104380193681329e-006	6.009438e+000
4.119960803399240e-006	5.938959e+000
4.135011700365892e-006	5.912440e+000
4.165113494299196e-006	5.898178e+000
4.195287086308552e-006	5.894876e+000
4.255634270327265e-006	5.894263e+000
4.350888012344334e-006	5.893619e+000
4.541395496378470e-006	5.892607e+000
4.618985031931728e-006	5.892282e+000
4.774164103038246e-006	5.891755e+000
5.000000000000000e-006	5.888968e+000
5.022583589696176e-006	5.889586e+000
5.067750769088527e-006	5.889309e+000
5.158085127873229e-006	5.888785e+000
5.262225678172686e-006	5.888792e+000
5.470506778771601e-006	5.888800e+000
5.887068979969430e-006	5.888794e+000
6.720193382365089e-006	5.888797e+000
7.696755882365089e-006	5.888796e+000
8.673318382365089e-006	5.888796e+000
9.649880882365089e-006	5.888796e+000
1.062644338236509e-005	5.888797e+000
1.160300588236509e-005	5.888797e+000
1.257956838236509e-005	5.888797e+000
1.355613088236509e-005	5.888797e+000
1.453269338236509e-005	5.888797e+000
1.550925588236510e-005	5.888796e+000
1.648581838236510e-005	5.888797e+000
1.746238088236510e-005	5.888797e+000
1.843894338236510e-005	5.888796e+000
1.941550588236510e-005	5.888796e+000
2.039206838236510e-005	5.888796e+000
2.136863088236510e-005	5.888797e+000
2.234519338236510e-005	5.888797e+000
2.332175588236510e-005	5.888796e+000
2.429831838236510e-005	5.888796e+000
2.527488088236510e-005	5.888796e+000
2.625144338236510e-005	5.888796e+000
2.722800588236511e-005	5.888796e+000
2.820456838236511e-005	5.888796e+000
2.918113088236511e-005	5.888796e+000
3.015769338236511e-005	5.888796e+000
3.113425588236511e-005	5.888796e+000
3.211081838236511e-005	5.888796e+000
3.308738088236511e-005	5.888796e+000
3.406394338236511e-005	5.888797e+000
3.504050588236511e-005	5.888796e+000
3.601706838236511e-005	5.888796e+000
3.699363088236511e-005	5.888796e+000
3.797019338236511e-005	5.888796e+000
3.894675588236511e-005	5.888796e+000
3.992331838236511e-005	5.888797e+000
4.089988088236511e-005	5.888797e+000
4.187644338236512e-005	5.888796e+000
4.285300588236512e-005	5.888796e+000
4.382956838236512e-005	5.888797e+000
4.480613088236512e-005	5.888797e+000
4.578269338236512e-005	5.888797e+000
4.675925588236512e-005	5.888796e+000
4.773581838236512e-005	5.888796e+000
4.871238088236512e-005	5.888797e+000
4.968894338236512e-005	5.888797e+000
5.066550588236512e-005	5.888797e+000
5.164206838236512e-005	5.888797e+000
5.261863088236512e-005	5.888797e+000
5.359519338236513e-005	5.888796e+000
5.402343750000000e-005	5.888798e+000
5.414351176473025e-005	5.888798e+000
5.438366029419075e-005	5.888797e+000
5.451970294107901e-005	5.888797e+000
5.472791470622348e-005	5.888796e+000
5.500000000000000e-005	5.888791e+000
5.502720852937765e-005	5.887905e+000
5.508162558813296e-005	5.886792e+000
5.519045970564357e-005	5.886068e+000
5.540812794066478e-005	5.885380e+000
5.571707153001728e-005	5.883604e+000
5.614402904470638e-005	5.878201e+000
5.640230875587360e-005	5.870041e+000
5.654359069619837e-005	5.859428e+000
5.663188205125171e-005	5.845119e+000
5.669569412493580e-005	5.823768e+000
5.674318080222580e-005	5.788527e+000
5.678180333826255e-005	5.712365e+000
5.681742666644802e-005	5.570071e+000
5.686034062749817e-005	5.337041e+000
5.692435587188432e-005	4.929487e+000
5.698447643602949e-005	4.394258e+000
5.702136067606055e-005	3.884972e+000
5.706072660519134e-005	3.237716e+000
5.710129597608520e-005	2.667169e+000
5.717345301902560e-005	1.893638e+000
5.724723703157137e-005	1.293858e+000
5.737784551505680e-005	5.988036e-001
5.756323061769074e-005	1.473239e-001
5.777927878805111e-005	2.427522e-002
5.792269063439453e-005	1.056339e-002
5.809687729486508e-005	5.310701e-004
5.823610910267717e-005	3.886252e-005
5.838897707771629e-005	3.720253e-004
5.859166741000007e-005	2.521274e-004
5.883353745370440e-005	2.897355e-004
5.919631499387967e-005	2.749967e-004
5.952402531808174e-005	2.799147e-004
6.000000000000000e-005	7.193814e-004
6.000118897446831e-005	4.339215e-004
6.000356692340492e-005	2.301618e-004
6.000734973646746e-005	1.438919e-004
6.000998206206675e-005	1.027487e-004
6.001247543826129e-005	7.692721e-005
6.001522393461314e-005	5.719600e-005
6.001816970583635e-005	4.217593e-005
6.002094517115448e-005	3.230887e-005
6.002364330166014e-005	2.550509e-005
6.002648712634566e-005	2.043215e-005
6.002921125255685e-005	1.682177e-005
6.003212538937892e-005	1.402752e-005
6.003482536712275e-005	1.202081e-005
6.003782301326528e-005	1.035524e-005
6.004047161878337e-005	9.148932e-006
6.004360759927573e-005	8.037046e-006
6.004612722953051e-005	7.264621e-006
6.004948006635841e-005	6.465555e-006
6.005216526861394e-005	5.878266e-006
6.005565271007661e-005	5.274070e-006
6.005869295183940e-005	4.774451e-006
6.006231861181748e-005	4.294041e-006
6.006586028275025e-005	3.844503e-006
6.006968015347637e-005	3.444391e-006
6.007363010097542e-005	3.053486e-006
6.007772502115346e-005	2.715529e-006
6.008196860582717e-005	2.390478e-006
6.008628391345596e-005	2.116042e-006
6.009096912429542e-005	1.842114e-006
6.009530221530254e-005	1.625984e-006
6.009999589785402e-005	1.413788e-006
6.010449369174625e-005	1.244465e-006
6.010941910616739e-005	1.073104e-006
6.011429872730827e-005	9.361418e-007
6.011970645571973e-005	7.947706e-007
6.012520613206089e-005	6.825946e-007
6.013141269636590e-005	5.653352e-007
6.013782286423188e-005	4.742110e-007
6.014523047765384e-005	3.785996e-007
6.015292803212717e-005	3.071022e-007
6.016206374054599e-005	2.326128e-007
6.017154678183916e-005	1.802565e-007
6.018311944167975e-005	1.266828e-007
6.019505832331435e-005	9.245626e-008
6.021001424253994e-005	5.799013e-008
6.022647511905622e-005	3.867225e-008
6.024793950483879e-005	1.917957e-008
6.027408401066518e-005	1.139729e-008
6.031222555478982e-005	2.783042e-009
6.036424508140875e-005	2.002284e-009
6.045485917917021e-005	-3.245756e-010
6.060467392181112e-005	5.227794e-010
6.090430340709293e-005	-7.391539e-011
9.949012426593958e-005	-2.307971e-011
1.000000000000000e-004	-9.312101e-007
1.000011217277498e-004	-3.430308e-005
1.000033651832494e-004	-9.422463e-005
1.000058532986782e-004	-1.466206e-004
1.000081844118323e-004	-1.814298e-004
1.000113450977108e-004	-2.131165e-004
1.000154153878588e-004	-2.383699e-004
1.000212268576285e-004	-2.574268e-004
1.000290428440614e-004	-2.684147e-004
1.000408593428250e-004	-2.735344e-004
1.000594669135746e-004	-2.751517e-004
1.000955327824769e-004	-2.755196e-004
1.001676645202816e-004	-2.756626e-004
1.003119279958909e-004	-2.757267e-004
1.006004549471096e-004	-2.757740e-004
1.011775088495469e-004	-2.758735e-004
1.021540713495469e-004	9.655533e-001
1.031306338495469e-004	5.211986e+000
1.035075628880354e-004	9.147161e+000
1.037270755301652e-004	1.227833e+001
1.038674243248983e-004	1.410712e+001
1.039433794902746e-004	1.430868e+001
1.039839947307951e-004	1.305666e+001
1.040106637346079e-004	1.139634e+001
1.040372682493838e-004	9.496900e+000
1.040463934264242e-004	8.562671e+000
1.040553973783349e-004	7.518855e+000
1.040610638502479e-004	7.048921e+000
1.040683725819735e-004	6.646064e+000
1.040760332421527e-004	6.365520e+000
1.040844419604330e-004	6.178573e+000
1.040955010309135e-004	6.038619e+000
1.041060229914074e-004	5.970677e+000
1.041238204580728e-004	5.921451e+000
1.041406873513183e-004	5.903993e+000
1.041727827100019e-004	5.896456e+000
1.042107818313925e-004	5.894625e+000
1.042842646538529e-004	5.894051e+000
1.044129290165583e-004	5.893260e+000
1.046702577419690e-004	5.892094e+000
1.050000000000000e-004	5.887849e+000
1.050329742258031e-004	5.888999e+000
1.050989226774093e-004	5.889094e+000
1.052308195806217e-004	5.888779e+000
1.053580561371516e-004	5.888813e+000
1.056125292502115e-004	5.888793e+000
1.061214754763312e-004	5.888797e+000
1.070980379763312e-004	5.888796e+000
1.080746004763312e-004	5.888796e+000
1.090511629763312e-004	5.888796e+000
1.100277254763312e-004	5.888796e+000
1.110042879763312e-004	5.888796e+000
1.119808504763312e-004	5.888796e+000
1.129574129763312e-004	5.888796e+000
1.139339754763312e-004	5.888797e+000
1.149105379763312e-004	5.888796e+000
1.158871004763312e-004	5.888796e+000
1.168636629763312e-004	5.888796e+000
1.178402254763312e-004	5.888797e+000
1.188167879763312e-004	5.888797e+000
1.197933504763312e-004	5.888797e+000
1.207699129763312e-004	5.888797e+000
1.217464754763312e-004	5.888797e+000
1.227230379763312e-004	5.888797e+000
1.236996004763312e-004	5.888797e+000
1.246761629763312e-004	5.888796e+000
1.256527254763312e-004	5.888796e+000
1.266292879763312e-004	5.888796e+000
1.276058504763312e-004	5.888796e+000
1.285824129763312e-004	5.888797e+000
1.295589754763312e-004	5.888797e+000
1.305355379763312e-004	5.888797e+000
1.315121004763312e-004	5.888797e+000
1.324886629763312e-004	5.888797e+000
1.334652254763312e-004	5.888797e+000
1.344417879763312e-004	5.888796e+000
1.354183504763312e-004	5.888796e+000
1.363949129763312e-004	5.888796e+000
1.373714754763312e-004	5.888796e+000
1.383480379763312e-004	5.888796e+000
1.393246004763312e-004	5.888796e+000
1.403011629763312e-004	5.888796e+000
1.412777254763312e-004	5.888796e+000
1.422542879763312e-004	5.888796e+000
1.432308504763312e-004	5.888796e+000
1.442074129763312e-004	5.888796e+000
1.451839754763312e-004	5.888796e+000
1.461605379763312e-004	5.888797e+000
1.471371004763312e-004	5.888797e+000
1.481136629763312e-004	5.888796e+000
1.490902254763312e-004	5.888796e+000
1.500667879763312e-004	5.888796e+000
1.510433504763312e-004	5.888796e+000
1.520199129763312e-004	5.888796e+000
1.529964754763312e-004	5.888797e+000
1.539730379763312e-004	5.888791e+000
1.540234375000000e-004	5.888793e+000
1.541242365473376e-004	5.888797e+000
1.543258346420127e-004	5.888796e+000
1.545968038106498e-004	5.888797e+000
1.550000000000000e-004	5.888802e+000
1.550403196189350e-004	5.887716e+000
1.551209588568051e-004	5.886527e+000
1.552822373325451e-004	5.885787e+000
1.555531535786317e-004	5.884634e+000
1.560334794118558e-004	5.879926e+000
1.563818571814013e-004	5.870589e+000
1.565434786255298e-004	5.858904e+000
1.566455607405256e-004	5.841356e+000
1.567084473619068e-004	5.816561e+000
1.567544469741437e-004	5.773288e+000
1.567918819313969e-004	5.680624e+000
1.568291320776759e-004	5.511921e+000
1.568702288793487e-004	5.278448e+000
1.569426731514321e-004	4.793143e+000
1.569929399013378e-004	4.295534e+000
1.570276016388858e-004	3.784489e+000
1.570650903819419e-004	3.171040e+000
1.571099610056183e-004	2.564868e+000
1.571904863675444e-004	1.741399e+000
1.572665621533035e-004	1.162344e+000
1.574138682627056e-004	4.684498e-001
1.576010778342719e-004	1.030239e-001
1.577998463990351e-004	2.244224e-002
1.579414086029329e-004	8.550604e-003
1.581076500670858e-004	3.644605e-004
1.582503365146468e-004	2.104747e-004
1.583991928127644e-004	3.141589e-004
1.586310496498101e-004	2.711421e-004
1.588686586480806e-004	2.821224e-004
1.592107443762015e-004	2.739303e-004
1.596157431509053e-004	2.759041e-004
1.600000000000000e-004	9.768730e-004
1.600011067239745e-004	5.384184e-004
1.600033201719236e-004	2.475705e-004
1.600066371083453e-004	1.597705e-004
1.600094334443253e-004	1.087838e-004
1.600120000609154e-004	7.755366e-005
1.600147569795348e-004	5.481212e-005
1.600176383344768e-004	3.817036e-005
1.600203429428169e-004	2.742056e-005
1.600229031578388e-004	2.030359e-005
1.600256593077167e-004	1.502304e-005
1.600281403722327e-004	1.155373e-005
1.600308985350736e-004	8.858569e-006
1.600332030286261e-004	7.164385e-006
1.600359212455839e-004	5.707201e-006
1.600379176960484e-004	4.872787e-006
1.600405781159255e-004	4.078111e-006
1.600424245986376e-004	3.617492e-006
1.600448812249150e-004	3.200146e-006
1.600467516795756e-004	2.900652e-006
1.600489249444433e-004	2.647976e-006
1.600507625405290e-004	2.429533e-006
1.600527324739853e-004	2.262432e-006
1.600545131827188e-004	2.091821e-006
1.600563554288091e-004	1.975183e-006
1.600581102101782e-004	1.833299e-006
1.600598966586879e-004	1.754358e-006
1.600618130188410e-004	1.624579e-006
1.600636066483946e-004	1.551494e-006
1.600656737564409e-004	1.430926e-006
1.600676130060764e-004	1.363569e-006
1.600699900890177e-004	1.245927e-006
1.600723619991208e-004	1.173843e-006
1.600753641360414e-004	1.057080e-006
1.600784981540816e-004	9.745071e-007
1.600826725434325e-004	8.517266e-007
1.600870420725734e-004	7.578890e-007
1.600932902057974e-004	6.262053e-007
1.600996502916723e-004	5.269645e-007
1.601094577183021e-004	3.944640e-007
1.601190154457292e-004	3.029127e-007
1.601333511214704e-004	1.997654e-007
1.601479762956508e-004	1.332249e-007
1.601685530245265e-004	7.345916e-008
1.601900906949642e-004	4.155575e-008
1.602244425909260e-004	1.556015e-008
1.602569664715592e-004	7.194880e-009
1.603220142328257e-004	1.165041e-009
1.603929689670081e-004	6.711408e-010
1.605348784353729e-004	-7.407614e-011
1.990234375000000e-004	1.534471e-010
2.000000000000000e-004	5.600918e-007
2.000021484391579e-004	-5.671488e-005
2.000064453174738e-004	-1.402642e-004
2.000150390741055e-004	-2.325549e-004
2.000207114681022e-004	-2.589149e-004
2.000272438120325e-004	-2.682204e-004
2.000363054913510e-004	-2.727265e-004
2.000544288499881e-004	-2.748983e-004
2.000862198785601e-004	-2.754905e-004
2.001498019357040e-004	-2.756387e-004
2.002769660499920e-004	-2.757199e-004
2.005312942785678e-004	-2.757621e-004
2.010399507357195e-004	-2.758499e-004
2.020165132357195e-004	5.645803e-001
2.029930757357195e-004	3.675932e+000
2.033666928793406e-004	7.177316e+000
2.036130442601412e-004	1.063522e+001
2.037706490331725e-004	1.289381e+001
2.038954885662375e-004	1.438543e+001
2.039591790398758e-004	1.414846e+001
2.039943536522161e-004	1.272257e+001
2.040223309171732e-004	1.092097e+001
2.040384124436596e-004	9.792087e+000
2.040458431368458e-004	8.982372e+000
2.040534829647867e-004	7.976980e+000
2.040586184599562e-004	7.447028e+000
2.040654760882661e-004	6.939677e+000
2.040723555175959e-004	6.586258e+000
2.040805548528820e-004	6.317148e+000
2.040898336535289e-004	6.134112e+000
2.041004065875894e-004	6.021967e+000
2.041154119979606e-004	5.945549e+000
2.041295444960258e-004	5.916220e+000
2.041578094921561e-004	5.899336e+000
2.041858798480537e-004	5.895172e+000
2.042420205598490e-004	5.894377e+000
2.043273172018502e-004	5.893770e+000
2.044979104858526e-004	5.892820e+000
2.046588134319952e-004	5.891989e+000
2.046781941077150e-004	5.891944e+000
2.047169554591546e-004	5.891904e+000
2.047944781620339e-004	5.891680e+000
2.048838673743150e-004	5.891440e+000
2.050000000000000e-004	5.893381e+000
2.050116132625685e-004	5.891457e+000
2.050348397877055e-004	5.889864e+000
2.050812928379796e-004	5.888975e+000
2.051417291161624e-004	5.888762e+000
2.052626016725281e-004	5.888802e+000
2.055043467852595e-004	5.888795e+000
2.059878370107224e-004	5.888797e+000
2.069548174616481e-004	5.888796e+000
2.079313799616481e-004	5.888796e+000
2.089079424616481e-004	5.888796e+000
2.098845049616481e-004	5.888796e+000
2.108610674616481e-004	5.888797e+000
2.118376299616481e-004	5.888797e+000
2.128141924616481e-004	5.888796e+000
2.137907549616481e-004	5.888797e+000
2.147673174616481e-004	5.888797e+000
2.157438799616481e-004	5.888796e+000
2.167204424616481e-004	5.888796e+000
2.176970049616481e-004	5.888796e+000
2.186735674616481e-004	5.888796e+000
2.196501299616481e-004	5.888796e+000
2.206266924616481e-004	5.888797e+000
2.216032549616481e-004	5.888797e+000
2.225798174616481e-004	5.888796e+000
2.235563799616481e-004	5.888796e+000
2.245329424616481e-004	5.888796e+000
2.255095049616481e-004	5.888796e+000
2.264860674616481e-004	5.888796e+000
2.274626299616481e-004	5.888796e+000
2.284391924616481e-004	5.888796e+000
2.294157549616481e-004	5.888796e+000
2.303923174616481e-004	5.888796e+000
2.313688799616481e-004	5.888796e+000
2.323454424616481e-004	5.888796e+000
2.333220049616481e-004	5.888797e+000
2.342985674616481e-004	5.888797e+000
2.352751299616481e-004	5.888796e+000
2.362516924616481e-004	5.888796e+000
2.372282549616481e-004	5.888797e+000
2.382048174616481e-004	5.888797e+000
2.391813799616481e-004	5.888796e+000
2.401579424616481e-004	5.888796e+000
2.411345049616481e-004	5.888796e+000
2.421110674616481e-004	5.888796e+000
2.430876299616481e-004	5.888797e+000
2.440641924616481e-004	5.888797e+000
2.450407549616481e-004	5.888797e+000
2.460173174616481e-004	5.888797e+000
2.469938799616481e-004	5.888796e+000
2.479704424616481e-004	5.888796e+000
2.489470049616481e-004	5.888796e+000
2.499235674616481e-004	5.888796e+000
2.509001299616481e-004	5.888796e+000
2.518766924616481e-004	5.888796e+000
2.528532549616481e-004	5.888797e+000
2.538298174616481e-004	5.888797e+000
2.540234375000000e-004	5.888797e+000
2.544106775767038e-004	5.888797e+000
2.550000000000000e-004	5.888802e+000
2.550589322423296e-004	5.887547e+000
2.551767967269889e-004	5.886274e+000
2.554125256963074e-004	5.885314e+000
2.557611571661091e-004	5.883309e+000
2.561233087431887e-004	5.878732e+000
2.563944510785374e-004	5.870406e+000
2.565346984549682e-004	5.860460e+000
2.566242198475491e-004	5.846918e+000
2.566908283295611e-004	5.825992e+000
2.567391453001939e-004	5.792915e+000
2.567784472236866e-004	5.721719e+000
2.568139176813783e-004	5.586508e+000
2.568582554904719e-004	5.349411e+000
2.569178314392977e-004	4.975708e+000
2.569808209240649e-004	4.435397e+000
2.570186299062554e-004	3.927397e+000
2.570596811549104e-004	3.254185e+000
2.570989529838672e-004	2.699179e+000
2.571774966417807e-004	1.857829e+000
2.572493330955168e-004	1.277282e+000
2.573819344859364e-004	5.812595e-001
2.575652587692880e-004	1.432500e-001
2.577846418534940e-004	2.367774e-002
2.579297369911577e-004	9.890844e-003
2.581027124619334e-004	4.679941e-004
2.582428330720283e-004	9.918914e-005
2.583952149820679e-004	3.525068e-004
2.586048853428190e-004	2.596974e-004
2.588422791706882e-004	2.871453e-004
2.591879026737995e-004	2.733349e-004
2.595680658929404e-004	2.774978e-004
2.600000000000000e-004	6.496753e-004
2.600011553167008e-004	4.161866e-004
2.600034659501024e-004	2.389765e-004
2.600073023780572e-004	1.467643e-004
2.600099032833497e-004	1.039296e-004
2.600123720663027e-004	7.711062e-005
2.600151160401102e-004	5.643158e-005
2.600180367986618e-004	4.089522e-005
2.600208216182367e-004	3.072611e-005
2.600237791227573e-004	2.318080e-005
2.600264913173415e-004	1.829311e-005
2.600291523886652e-004	1.482369e-005
2.600320210630728e-004	1.214770e-005
2.600347120585072e-004	1.023371e-005
2.600376712309663e-004	8.688593e-006
2.600403386429572e-004	7.576265e-006
2.600433976029121e-004	6.603382e-006
2.600459794746227e-004	5.910036e-006
2.600492058874707e-004	5.232855e-006
2.600517744236695e-004	4.752008e-006
2.600551777280653e-004	4.251836e-006
2.600579804751227e-004	3.866008e-006
2.600615066449452e-004	3.480560e-006
2.600648005395531e-004	3.134171e-006
2.600684561417339e-004	2.819049e-006
2.600721682557866e-004	2.513914e-006
2.600760720630439e-004	2.247879e-006
2.600801304362736e-004	1.988042e-006
2.600842816358172e-004	1.769395e-006
2.600889328507600e-004	1.540447e-006
2.600932368751142e-004	1.365130e-006
2.600984519824246e-004	1.166724e-006
2.601034022033852e-004	1.015472e-006
2.601093232832564e-004	8.494592e-007
2.601152717767575e-004	7.197874e-007
2.601223396066464e-004	5.821006e-007
2.601296138596524e-004	4.760907e-007
2.601384689193436e-004	3.652611e-007
2.601475180341652e-004	2.850082e-007
2.601589967272736e-004	2.020452e-007
2.601710576214771e-004	1.460665e-007
2.601869393776585e-004	9.054638e-008
2.602052091112513e-004	5.722110e-008
2.602321447809467e-004	2.559629e-008
2.602654936766456e-004	1.260070e-008
2.603264127295372e-004	1.986051e-009
2.604102985780795e-004	9.551305e-010
2.605780702751641e-004	-2.306138e-010
2.660702655929978e-004	-6.804824e-011
2.715624609108315e-004	5.672398e-011
2.770546562286653e-004	1.437029e-010
2.825468515464990e-004	1.928885e-010
2.880390468643326e-004	2.042808e-010
2.935312421821663e-004	1.778798e-010
2.990234375000000e-004	1.136856e-010
2.993412759153439e-004	4.747281e-009
2.994104176772487e-004	-1.112066e-009
2.995026066931218e-004	4.704363e-010
2.996305135955261e-004	2.355210e-010
2.997441861951914e-004	-2.830025e-009
2.998295920116248e-004	1.169270e-010
2.998861255780888e-004	1.164302e-007
2.998869328670721e-004	6.345979e-008
2.998885474450387e-004	-8.721490e-009
2.998904243718345e-004	4.659960e-009
2.998924585001472e-004	-1.151922e-008
2.998958364260174e-004	2.372787e-009
2.998996800177990e-004	-4.201670e-009
2.999054579217984e-004	2.284944e-009
2.999133225185540e-004	-1.423659e-009
2.999241563764831e-004	1.356892e-009
2.999616929222663e-004	-3.795031e-009
2.999823466788080e-004	7.553079e-010
3.000000000000000e-004	2.842137e-007
3.000000388372170e-004	-5.970289e-007
3.000001165116509e-004	-2.782019e-006
3.000002026483504e-004	-5.659540e-006
3.000003008800489e-004	-9.176088e-006
3.000004973434459e-004	-1.615616e-005
3.000008902702398e-004	-2.950720e-005
3.000016022548595e-004	-5.191914e-005
3.000025822060349e-004	-7.938790e-005
3.000039905061743e-004	-1.129106e-004
3.000058237854203e-004	-1.479339e-004
3.000083125875328e-004	-1.834651e-004
3.000115338158944e-004	-2.149167e-004
3.000158747479028e-004	-2.406705e-004
3.000216700610083e-004	-2.585565e-004
3.000298572492776e-004	-2.690691e-004
3.000418885037752e-004	-2.737523e-004
3.000616621319542e-004	-2.752029e-004
3.000995785494712e-004	-2.755358e-004
3.001754113845052e-004	-2.756698e-004
3.003270770545732e-004	-2.757296e-004
3.006304083947093e-004	-2.757789e-004
3.012370710749815e-004	-2.758839e-004
3.022136335749815e-004	1.163829e+000
3.031901960749815e-004	4.942235e+000
3.032628902728351e-004	5.637433e+000
3.034082786685424e-004	7.676319e+000
3.035759496414449e-004	1.009591e+001
3.037887208142435e-004	1.313927e+001
3.039081429985583e-004	1.443690e+001
3.039696296422767e-004	1.384270e+001
3.040023631934549e-004	1.230591e+001
3.040304614025073e-004	1.043221e+001
3.040425151966847e-004	9.395051e+000
3.040483484422803e-004	8.680761e+000
3.040541287348513e-004	7.956513e+000
3.040607862520423e-004	7.314413e+000
3.040678520475912e-004	6.839286e+000
3.040773919329997e-004	6.430876e+000
3.040869769171605e-004	6.196109e+000
3.041014035632667e-004	6.021205e+000
3.041151532281353e-004	5.948980e+000
3.041402530005583e-004	5.907423e+000
3.041631980337855e-004	5.896995e+000
3.042090881002399e-004	5.894781e+000
3.042644701400960e-004	5.894161e+000
3.043752342198081e-004	5.893480e+000
3.045967623792323e-004	5.892439e+000
3.050000000000000e-004	5.891513e+000
3.050403237620768e-004	5.890201e+000
3.051209712862304e-004	5.889040e+000
3.052822663345375e-004	5.888757e+000
3.055559905925451e-004	5.888811e+000
3.060485036963918e-004	5.888790e+000
3.070250661963918e-004	5.888797e+000
3.080016286963918e-004	5.888796e+000
3.089781911963918e-004	5.888797e+000
3.099547536963918e-004	5.888796e+000
3.109313161963918e-004	5.888797e+000
3.119078786963918e-004	5.888796e+000
3.128844411963918e-004	5.888797e+000
3.138610036963918e-004	5.888796e+000
3.148375661963918e-004	5.888797e+000
3.158141286963918e-004	5.888797e+000
3.167906911963918e-004	5.888797e+000
3.177672536963918e-004	5.888797e+000
3.187438161963918e-004	5.888797e+000
3.197203786963918e-004	5.888796e+000
3.206969411963918e-004	5.888797e+000
3.216735036963918e-004	5.888796e+000
3.226500661963918e-004	5.888796e+000
3.236266286963918e-004	5.888796e+000
3.246031911963918e-004	5.888797e+000
3.255797536963918e-004	5.888797e+000
3.265563161963918e-004	5.888797e+000
3.275328786963918e-004	5.888797e+000
3.285094411963918e-004	5.888797e+000
3.294860036963918e-004	5.888797e+000
3.304625661963918e-004	5.888797e+000
3.314391286963918e-004	5.888796e+000
3.324156911963918e-004	5.888796e+000
3.333922536963918e-004	5.888796e+000
3.343688161963918e-004	5.888796e+000
3.353453786963918e-004	5.888796e+000
3.363219411963918e-004	5.888797e+000
3.372985036963918e-004	5.888797e+000
3.382750661963918e-004	5.888797e+000
3.392516286963918e-004	5.888797e+000
3.402281911963918e-004	5.888797e+000
3.412047536963918e-004	5.888796e+000
3.421813161963918e-004	5.888796e+000
3.431578786963918e-004	5.888796e+000
3.441344411963918e-004	5.888796e+000
3.451110036963918e-004	5.888797e+000
3.460875661963918e-004	5.888797e+000
3.470641286963918e-004	5.888797e+000
3.480406911963918e-004	5.888797e+000
3.490172536963918e-004	5.888796e+000
3.499938161963918e-004	5.888796e+000
3.509703786963918e-004	5.888796e+000
3.519469411963918e-004	5.888796e+000
3.529235036963918e-004	5.888796e+000
3.539000661963918e-004	5.888800e+000
3.540234375000001e-004	5.888798e+000
3.542701801072165e-004	5.888796e+000
3.545065147855671e-004	5.888790e+000
3.545273306432989e-004	5.888792e+000
3.545689623587623e-004	5.888797e+000
3.546522257896893e-004	5.888796e+000
3.548187526515431e-004	5.888796e+000
3.550000000000000e-004	5.888796e+000
3.550181247348457e-004	5.888120e+000
3.550543742045371e-004	5.887106e+000
3.551268731439199e-004	5.886304e+000
3.552718710226855e-004	5.885861e+000
3.554852775999887e-004	5.885025e+000
3.559120907545953e-004	5.881819e+000
3.562410493316631e-004	5.876150e+000
3.564412688859030e-004	5.868042e+000
3.565611380339609e-004	5.857435e+000
3.566422831788537e-004	5.842594e+000
3.567045462489704e-004	5.819117e+000
3.567498025935800e-004	5.780366e+000
3.567875454932471e-004	5.695107e+000
3.568237827328936e-004	5.539127e+000
3.568651061434326e-004	5.308990e+000
3.569334959386101e-004	4.863169e+000
3.569887290200415e-004	4.345894e+000
3.570242764868814e-004	3.838731e+000
3.570618182291741e-004	3.220848e+000
3.571041880368501e-004	2.632202e+000
3.571772943380446e-004	1.858206e+000
3.572520139027323e-004	1.260710e+000
3.573864554903447e-004	5.659886e-001
3.575730989986751e-004	1.367352e-001
3.577908188828114e-004	2.309523e-002
3.579361533093865e-004	9.275808e-003
3.581076869350529e-004	4.143517e-004
3.582493880766161e-004	1.553058e-004
3.584008001537377e-004	3.351076e-004
3.586224361265150e-004	2.659959e-004
3.588612350523095e-004	2.847975e-004
3.592073851572795e-004	2.739930e-004
3.595795467249553e-004	2.772208e-004
3.600000000000000e-004	8.972203e-004
3.600011738597838e-004	5.046441e-004
3.600035215793512e-004	2.393112e-004
3.600070739302913e-004	1.509744e-004
3.600097781847097e-004	1.048663e-004
3.600123039782723e-004	7.627064e-005
3.600150494414853e-004	5.501605e-005
3.600179663921887e-004	3.910289e-005
3.600206891589907e-004	2.883187e-005
3.600232897065446e-004	2.194090e-005
3.600260744914526e-004	1.681035e-005
3.600286340316415e-004	1.334345e-005
3.600314443220677e-004	1.065356e-005
3.600338766835868e-004	8.879347e-006
3.600366868149041e-004	7.379317e-006
3.600388947519702e-004	6.435946e-006
3.600417079712745e-004	5.536554e-006
3.600437246503422e-004	4.988668e-006
3.600464761246343e-004	4.454931e-006
3.600485714308882e-004	4.070823e-006
3.600511353048780e-004	3.724866e-006
3.600533550828247e-004	3.420164e-006
3.600557827407843e-004	3.166576e-006
3.600580683235904e-004	2.915016e-006
3.600604573272698e-004	2.716382e-006
3.600628196923620e-004	2.502852e-006
3.600652345529528e-004	2.346962e-006
3.600679203225703e-004	2.147734e-006
3.600703935734061e-004	2.007017e-006
3.600732954048706e-004	1.825764e-006
3.600759640595721e-004	1.695083e-006
3.600790035370419e-004	1.537013e-006
3.600819897011927e-004	1.418066e-006
3.600854354726313e-004	1.270641e-006
3.600889911054412e-004	1.155068e-006
3.600931819909942e-004	1.013314e-006
3.600976486821154e-004	8.981121e-007
3.601030642556262e-004	7.609918e-007
3.601089214711425e-004	6.487149e-007
3.601162837351912e-004	5.200089e-007
3.601241902409990e-004	4.189423e-007
3.601346641785626e-004	3.072446e-007
3.601454779635246e-004	2.290321e-007
3.601610562650840e-004	1.451656e-007
3.601758773199258e-004	9.673371e-008
3.601973782568700e-004	5.154143e-008
3.602183023318131e-004	3.011895e-008
3.602519832296460e-004	1.117811e-008
3.602875842987707e-004	5.262415e-009
3.603490023331302e-004	6.062081e-010
3.604285155349371e-004	7.222273e-010
3.605800616690219e-004	-1.393940e-010
3.990234375000000e-004	2.041628e-010
4.000000000000000e-004	7.165211e-007
4.000021484391322e-004	-5.666119e-005
4.000064453173966e-004	-1.402642e-004
4.000150390739253e-004	-2.325549e-004
4.000207113777754e-004	-2.589147e-004
4.000272437560565e-004	-2.682203e-004
4.000363053574351e-004	-2.727264e-004
4.000544285601923e-004	-2.748983e-004
4.000862191852171e-004	-2.754904e-004
4.001498004352666e-004	-2.756387e-004
4.002769629353655e-004	-2.757199e-004
4.005312879355634e-004	-2.757621e-004
4.010399379359593e-004	-2.758499e-004
4.020165004359593e-004	5.645472e-001
4.029930629359593e-004	3.675797e+000
4.033666798526518e-004	7.177137e+000
4.036130339865217e-004	1.063507e+001
4.037706420404951e-004	1.289372e+001
4.038954821069123e-004	1.438539e+001
4.039591749167417e-004	1.414858e+001
4.039943507993013e-004	1.272274e+001
4.040223278343480e-004	1.092118e+001
4.040384114504116e-004	9.792198e+000
4.040458428993951e-004	8.982426e+000
4.040534830472463e-004	7.976979e+000
4.040586176608244e-004	7.447106e+000
4.040654756246073e-004	6.939714e+000
4.040723545455676e-004	6.586301e+000
4.040805535930197e-004	6.317183e+000
4.040898322428881e-004	6.134135e+000
4.041004043249450e-004	6.021985e+000
4.041154089353422e-004	5.945558e+000
4.041295400871432e-004	5.916225e+000
4.041578023907450e-004	5.899338e+000
4.041858698356516e-004	5.895172e+000
4.042420047254648e-004	5.894377e+000
4.043272879024814e-004	5.893770e+000
4.044978542565144e-004	5.892820e+000
4.046588672919340e-004	5.891988e+000
4.046779739291609e-004	5.891944e+000
4.047161872036147e-004	5.891906e+000
4.047926137525223e-004	5.891685e+000
4.048863306797177e-004	5.891433e+000
4.050000000000000e-004	5.893381e+000
4.050113669320283e-004	5.891468e+000
4.050341007960847e-004	5.889884e+000
4.050795685241976e-004	5.888986e+000
4.051386115584344e-004	5.888763e+000
4.052566976269077e-004	5.888802e+000
4.054928697638546e-004	5.888795e+000
4.059652140377482e-004	5.888797e+000
4.069099025855355e-004	5.888796e+000
4.078864650855355e-004	5.888796e+000
4.088630275855355e-004	5.888796e+000
4.098395900855355e-004	5.888796e+000
4.108161525855355e-004	5.888796e+000
4.117927150855355e-004	5.888796e+000
4.127692775855355e-004	5.888796e+000
4.137458400855355e-004	5.888797e+000
4.147224025855355e-004	5.888797e+000
4.156989650855355e-004	5.888797e+000
4.166755275855355e-004	5.888796e+000
4.176520900855355e-004	5.888796e+000
4.186286525855355e-004	5.888797e+000
4.196052150855355e-004	5.888797e+000
4.205817775855355e-004	5.888796e+000
4.215583400855355e-004	5.888796e+000
4.225349025855355e-004	5.888796e+000
4.235114650855355e-004	5.888796e+000
4.244880275855355e-004	5.888796e+000
4.254645900855355e-004	5.888796e+000
4.264411525855355e-004	5.888796e+000
4.274177150855355e-004	5.888796e+000
4.283942775855355e-004	5.888796e+000
4.293708400855355e-004	5.888797e+000
4.303474025855355e-004	5.888797e+000
4.313239650855355e-004	5.888796e+000
4.323005275855355e-004	5.888796e+000
4.332770900855355e-004	5.888797e+000
4.342536525855355e-004	5.888797e+000
4.352302150855355e-004	5.888797e+000
4.362067775855355e-004	5.888797e+000
4.371833400855355e-004	5.888796e+000
4.381599025855355e-004	5.888796e+000
4.391364650855355e-004	5.888796e+000
4.401130275855355e-004	5.888796e+000
4.410895900855355e-004	5.888797e+000
4.420661525855355e-004	5.888797e+000
4.430427150855355e-004	5.888797e+000
4.440192775855355e-004	5.888797e+000
4.449958400855355e-004	5.888797e+000
4.459724025855355e-004	5.888797e+000
4.469489650855355e-004	5.888797e+000
4.479255275855355e-004	5.888797e+000
4.489020900855355e-004	5.888796e+000
4.498786525855355e-004	5.888796e+000
4.508552150855355e-004	5.888796e+000
4.528083400855355e-004	5.888796e+000
4.537849025855355e-004	5.888796e+000
4.540234375000001e-004	5.888796e+000
4.545005073289292e-004	5.888796e+000
4.550000000000000e-004	5.888802e+000
4.550499492671071e-004	5.887618e+000
4.551498478013213e-004	5.886387e+000
4.553496448697496e-004	5.885559e+000
4.556605451079037e-004	5.884013e+000
4.560836490357501e-004	5.879268e+000
4.563919580522256e-004	5.870292e+000
4.565423715878831e-004	5.859331e+000
4.566373486844581e-004	5.843960e+000
4.566969766108387e-004	5.823006e+000
4.567461184348104e-004	5.784784e+000
4.567841510666881e-004	5.705635e+000
4.568200593389235e-004	5.557346e+000
4.568623188364749e-004	5.325429e+000
4.569281685239438e-004	4.902204e+000
4.569862499375755e-004	4.374263e+000
4.570225889839650e-004	3.865588e+000
4.570610443426189e-004	3.232758e+000
4.571023262891819e-004	2.654639e+000
4.571746355123364e-004	1.882619e+000
4.572487623617212e-004	1.283238e+000
4.573805575154770e-004	5.883946e-001
4.575664568044159e-004	1.438932e-001
4.577829142578145e-004	2.390670e-002
4.579268044435858e-004	1.015801e-002
4.581000606928389e-004	4.954311e-004
4.582400692739578e-004	7.707959e-005
4.583923166967096e-004	3.613060e-004
4.586003943835312e-004	2.570033e-004
4.588410204054858e-004	2.881722e-004
4.591969083851823e-004	2.743060e-004
4.595451379924090e-004	2.787437e-004
4.600000000000000e-004	7.523629e-004
4.600011985686253e-004	4.477438e-004
4.600035957058759e-004	2.322630e-004
4.600073777636858e-004	1.442302e-004
4.600100057940312e-004	1.023812e-004
4.600124946793013e-004	7.616707e-005
4.600152372263870e-004	5.619137e-005
4.600181795743053e-004	4.099889e-005
4.600209418491589e-004	3.108184e-005
4.600236167733363e-004	2.429608e-005
4.600264445152951e-004	1.924730e-005
4.600291314941229e-004	1.569887e-005
4.600320175703007e-004	1.296110e-005
4.600346558778773e-004	1.103329e-005
4.600376032322358e-004	9.436179e-006
4.600401502808847e-004	8.312331e-006
4.600431997344497e-004	7.269856e-006
4.600455522075669e-004	6.578946e-006
4.600487662659774e-004	5.859467e-006
4.600512587108742e-004	5.344128e-006
4.600545114691560e-004	4.821883e-006
4.600573317315374e-004	4.384918e-006
4.600606228565468e-004	3.977450e-006
4.600638107437812e-004	3.591946e-006
4.600672309002995e-004	3.254272e-006
4.600707361720468e-004	2.918714e-006
4.600743600791976e-004	2.631694e-006
4.600781218020029e-004	2.346828e-006
4.600819435728814e-004	2.108484e-006
4.600861286254837e-004	1.860436e-006
4.600900363297350e-004	1.663939e-006
4.600943163040741e-004	1.462930e-006
4.600984557495341e-004	1.302253e-006
4.601030458928365e-004	1.133024e-006
4.601076542150594e-004	9.969241e-007
4.601128253249631e-004	8.518643e-007
4.601181641972509e-004	7.353821e-007
4.601242778440720e-004	6.107781e-007
4.601306747362012e-004	5.125930e-007
4.601382106306583e-004	4.080518e-007
4.601461000191728e-004	3.291054e-007
4.601557149299502e-004	2.462550e-007
4.601656776778319e-004	1.881564e-007
4.601782882483471e-004	1.286963e-007
4.601911173047922e-004	9.155921e-008
4.602079804666318e-004	5.472126e-008
4.602259546365706e-004	3.487891e-008
4.602503571506933e-004	1.601218e-008
4.602796746901049e-004	8.908223e-009
4.603239007009077e-004	1.725489e-009
4.603841262956602e-004	1.410297e-009
4.604923080660646e-004	-2.881766e-010
4.606750506256684e-004	4.361027e-010
4.627848121053289e-004	2.957716e-010
4.648945735849894e-004	1.874409e-010
4.670043350646499e-004	1.111107e-010
4.691140965443103e-004	6.678096e-011
4.712238580239708e-004	5.445167e-011
4.733336195036313e-004	7.412285e-011
4.754433809832918e-004	1.257945e-010
4.996722207326685e-004	2.466234e-010
5.000000000000000e-004	8.791695e-007
5.000007211148909e-004	-2.257394e-005
5.000021633446726e-004	-6.629932e-005
5.000035469352335e-004	-1.026067e-004
5.000048378961468e-004	-1.298873e-004
5.000072098257714e-004	-1.687229e-004
5.000098684759495e-004	-2.000733e-004
5.000139425947364e-004	-2.307597e-004
5.000187633274308e-004	-2.512474e-004
5.000260570133981e-004	-2.654171e-004
5.000357518799801e-004	-2.722083e-004
5.000518719801882e-004	-2.748007e-004
5.000788159561508e-004	-2.754436e-004
5.001327039080760e-004	-2.756150e-004
5.002404798119263e-004	-2.757084e-004
5.004560316196270e-004	-2.757502e-004
5.008871352350285e-004	-2.758233e-004
5.017493424658313e-004	6.941932e-002
5.027259049658313e-004	1.335781e+000
5.030898188657015e-004	3.652034e+000
5.033302188982892e-004	6.567053e+000
5.035047352974066e-004	9.054231e+000
5.036798411744165e-004	1.160299e+001
5.038282437049761e-004	1.366267e+001
5.039338653931428e-004	1.446410e+001
5.039835437097791e-004	1.340716e+001
5.040112213374683e-004	1.181312e+001
5.040411468445771e-004	9.655638e+000
5.040506785865259e-004	8.680449e+000
5.040607145818889e-004	7.506463e+000
5.040662672723722e-004	7.041176e+000
5.040735377197994e-004	6.642498e+000
5.040810796724614e-004	6.366356e+000
5.040893898574304e-004	6.180556e+000
5.041001982323049e-004	6.041733e+000
5.041105580880041e-004	5.973001e+000
5.041276919882643e-004	5.923135e+000
5.041438606576849e-004	5.904991e+000
5.041735231524667e-004	5.896819e+000
5.042084273761279e-004	5.894719e+000
5.042732766361621e-004	5.894125e+000
5.043830792229808e-004	5.893435e+000
5.046026843966182e-004	5.892390e+000
5.050000000000000e-004	5.887664e+000
5.050397315603382e-004	5.888856e+000
5.051191946810146e-004	5.889021e+000
5.052781209223673e-004	5.888783e+000
5.054273950891453e-004	5.888819e+000
5.057259434227015e-004	5.888791e+000
5.063230400898137e-004	5.888798e+000
5.072996025898137e-004	5.888796e+000
5.082761650898137e-004	5.888797e+000
5.092527275898137e-004	5.888796e+000
5.102292900898137e-004	5.888797e+000
5.112058525898137e-004	5.888796e+000
5.121824150898137e-004	5.888797e+000
5.131589775898137e-004	5.888796e+000
5.141355400898137e-004	5.888797e+000
5.151121025898137e-004	5.888797e+000
5.160886650898137e-004	5.888797e+000
5.170652275898137e-004	5.888796e+000
5.180417900898137e-004	5.888796e+000
5.190183525898137e-004	5.888796e+000
5.199949150898137e-004	5.888796e+000
5.209714775898137e-004	5.888796e+000
5.219480400898137e-004	5.888796e+000
5.229246025898137e-004	5.888796e+000
5.239011650898137e-004	5.888796e+000
5.248777275898137e-004	5.888797e+000
5.258542900898137e-004	5.888797e+000
5.268308525898137e-004	5.888796e+000
5.278074150898137e-004	5.888797e+000
5.287839775898137e-004	5.888797e+000
5.297605400898137e-004	5.888797e+000
5.307371025898137e-004	5.888797e+000
5.317136650898137e-004	5.888796e+000
5.326902275898137e-004	5.888796e+000
5.336667900898137e-004	5.888797e+000
5.346433525898137e-004	5.888797e+000
5.356199150898137e-004	5.888796e+000
5.365964775898137e-004	5.888796e+000
5.375730400898137e-004	5.888797e+000
5.385496025898137e-004	5.888797e+000
5.395261650898137e-004	5.888796e+000
5.405027275898137e-004	5.888796e+000
5.414792900898137e-004	5.888796e+000
5.424558525898137e-004	5.888796e+000
5.434324150898137e-004	5.888796e+000
5.444089775898137e-004	5.888796e+000
5.453855400898137e-004	5.888796e+000
5.463621025898137e-004	5.888797e+000
5.473386650898137e-004	5.888797e+000
5.483152275898137e-004	5.888796e+000
5.492917900898137e-004	5.888796e+000
5.502683525898137e-004	5.888796e+000
5.512449150898137e-004	5.888796e+000
5.522214775898137e-004	5.888796e+000
5.531980400898137e-004	5.888796e+000
5.540234375000001e-004	5.888797e+000
5.550000000000001e-004	5.888820e+000
5.550976562500000e-004	5.887344e+000
5.552929687500000e-004	5.885826e+000
5.556835937500000e-004	5.883646e+000
5.561986205090465e-004	5.876672e+000
5.564465926475669e-004	5.867085e+000
5.565912964869393e-004	5.852113e+000
5.566790371343610e-004	5.830128e+000
5.567341106793119e-004	5.797255e+000
5.567755210975859e-004	5.728533e+000
5.568116074603526e-004	5.596397e+000
5.568582852065227e-004	5.349556e+000
5.569127632250554e-004	5.011366e+000
5.569771791852956e-004	4.476021e+000
5.570155935312054e-004	3.974548e+000
5.570537057637153e-004	3.349256e+000
5.570924416745606e-004	2.786219e+000
5.571699134962510e-004	1.928524e+000
5.572397893884286e-004	1.344208e+000
5.573630153578940e-004	6.563963e-001
5.575445548103547e-004	1.677402e-001
5.577598461174896e-004	2.627945e-002
5.579025610073371e-004	1.267098e-002
5.580828908619145e-004	6.879299e-004
5.582175097295648e-004	-1.933559e-004
5.583763052380700e-004	4.100748e-004
5.585561709707976e-004	2.188486e-004
5.588077741111589e-004	2.987008e-004
5.592419661288563e-004	3.237810e-004
5.592850012303770e-004	3.150176e-004
5.593710714334183e-004	2.815295e-004
5.595432118395010e-004	2.756759e-004
5.596557191878347e-004	2.758837e-004
5.597749853033328e-004	2.757197e-004
5.600000000000001e-004	4.287413e-004
5.600005254618204e-004	3.160163e-004
5.600015763854610e-004	2.272462e-004
5.600036782327422e-004	1.719573e-004
5.600063251661026e-004	1.205125e-004
5.600089768658542e-004	8.390279e-005
5.600119365773514e-004	5.610443e-005
5.600146848004927e-004	3.848843e-005
5.600174876621281e-004	2.642256e-005
5.600202757073489e-004	1.818732e-005
5.600230072719289e-004	1.275697e-005
5.600259206217821e-004	8.756601e-006
5.600285453355128e-004	6.256942e-006
5.600310123146491e-004	4.608849e-006
5.600337420639658e-004	3.356406e-006
5.600361029491355e-004	2.557682e-006
5.600388215302999e-004	1.914179e-006
5.600409548654522e-004	1.533066e-006
5.600435948921404e-004	1.200719e-006
5.600455413308999e-004	1.008161e-006
5.600479873669011e-004	8.414681e-007
5.600498598011790e-004	7.340775e-007
5.600520043858552e-004	6.431554e-007
5.600537473629157e-004	5.752678e-007
5.600556628855592e-004	5.387755e-007
5.600575971254574e-004	4.738342e-007
5.600595937371225e-004	4.499215e-007
5.600619381943724e-004	3.896496e-007
5.600643257297226e-004	3.705069e-007
5.600676933667536e-004	3.142025e-007
5.600707690460803e-004	2.889157e-007
5.600750619243167e-004	2.410872e-007
5.600794959632917e-004	2.159327e-007
5.600857924214465e-004	1.730773e-007
5.600922154992507e-004	1.484778e-007
5.601030318410237e-004	1.055826e-007
5.601132042225588e-004	8.169436e-008
5.601306356902082e-004	4.824233e-008
5.601526196668189e-004	2.874372e-008
5.601920469367722e-004	9.789620e-009
5.602520005149593e-004	2.963295e-009
5.603719076713334e-004	-5.286264e-011
5.606096857103970e-004	2.492300e-010
5.610852417885241e-004	6.128668e-011
5.990234375000001e-004	1.360838e-010
6.000000000000001e-004	4.763472e-007
6.000021484391598e-004	-5.674326e-005
6.000064453174792e-004	-1.402642e-004
6.000150390741180e-004	-2.325548e-004
6.000207114723073e-004	-2.589149e-004
6.000272438136641e-004	-2.682203e-004
6.000363054988549e-004	-2.727265e-004
6.000544288692366e-004	-2.748983e-004
6.000862199401388e-004	-2.754905e-004
6.001498020819431e-004	-2.756387e-004
6.002769663655518e-004	-2.757199e-004
6.005312949327690e-004	-2.757621e-004
6.010399520672036e-004	-2.758499e-004
6.020165145672036e-004	5.645838e-001
6.029930770672036e-004	3.675946e+000
6.033666942426342e-004	7.177335e+000
6.036130453310397e-004	1.063524e+001
6.037706497595017e-004	1.289382e+001
6.038954892348395e-004	1.438544e+001
6.039591794659802e-004	1.414845e+001
6.039943539467178e-004	1.272255e+001
6.040223312355411e-004	1.092095e+001
6.040384125461642e-004	9.792075e+000
6.040458431611368e-004	8.982367e+000
6.040534829560900e-004	7.976980e+000
6.040586185423764e-004	7.447020e+000
6.040654761360595e-004	6.939673e+000
6.040723556181146e-004	6.586254e+000
6.040805549832278e-004	6.317144e+000
6.040898337993229e-004	6.134110e+000
6.041004068217962e-004	6.021965e+000
6.041154123148049e-004	5.945548e+000
6.041295449525319e-004	5.916219e+000
6.041578102279859e-004	5.899336e+000
6.041858808850775e-004	5.895172e+000
6.042420221992607e-004	5.894377e+000
6.043273202341429e-004	5.893770e+000
6.044979163039074e-004	5.892820e+000
6.046588078604711e-004	5.891989e+000
6.046782168868726e-004	5.891944e+000
6.047170349396756e-004	5.891904e+000
6.047946710452815e-004	5.891680e+000
6.048836115271616e-004	5.891441e+000
6.050000000000001e-004	5.893381e+000
6.050116388472839e-004	5.891456e+000
6.050349165418516e-004	5.889862e+000
6.050814719309870e-004	5.888974e+000
6.051420533230147e-004	5.888762e+000
6.052632161070701e-004	5.888802e+000
6.055055416751807e-004	5.888795e+000
6.059901928114022e-004	5.888797e+000
6.069594950838450e-004	5.888796e+000
6.079360575838450e-004	5.888797e+000
6.089126200838450e-004	5.888797e+000
6.098891825838450e-004	5.888797e+000
6.108657450838450e-004	5.888796e+000
6.118423075838450e-004	5.888796e+000
6.128188700838450e-004	5.888796e+000
6.137954325838450e-004	5.888796e+000
6.147719950838450e-004	5.888796e+000
6.157485575838450e-004	5.888797e+000
6.167251200838450e-004	5.888797e+000
6.177016825838450e-004	5.888797e+000
6.186782450838450e-004	5.888797e+000
6.196548075838450e-004	5.888797e+000
6.206313700838450e-004	5.888797e+000
6.216079325838450e-004	5.888797e+000
6.225844950838450e-004	5.888796e+000
6.235610575838450e-004	5.888796e+000
6.245376200838450e-004	5.888796e+000
6.255141825838450e-004	5.888796e+000
6.264907450838451e-004	5.888796e+000
6.274673075838451e-004	5.888796e+000
6.284438700838451e-004	5.888796e+000
6.294204325838451e-004	5.888796e+000
6.303969950838451e-004	5.888796e+000
6.313735575838451e-004	5.888796e+000
6.323501200838451e-004	5.888796e+000
6.333266825838451e-004	5.888797e+000
6.343032450838451e-004	5.888797e+000
6.352798075838451e-004	5.888796e+000
6.362563700838451e-004	5.888796e+000
6.372329325838451e-004	5.888797e+000
6.382094950838451e-004	5.888797e+000
6.391860575838451e-004	5.888797e+000
6.401626200838451e-004	5.888797e+000
6.411391825838451e-004	5.888796e+000
6.421157450838451e-004	5.888796e+000
6.430923075838451e-004	5.888797e+000
6.440688700838451e-004	5.888797e+000
6.450454325838451e-004	5.888797e+000
6.460219950838451e-004	5.888797e+000
6.469985575838451e-004	5.888797e+000
6.479751200838451e-004	5.888797e+000
6.489516825838451e-004	5.888796e+000
6.499282450838451e-004	5.888796e+000
6.509048075838451e-004	5.888796e+000
6.518813700838451e-004	5.888796e+000
6.528579325838451e-004	5.888796e+000
6.538344950838451e-004	5.888796e+000
6.540234375000001e-004	5.888797e+000
6.544013223323101e-004	5.888797e+000
6.550000000000001e-004	5.888802e+000
6.550598677667691e-004	5.887540e+000
6.551796033003071e-004	5.886263e+000
6.554190743673830e-004	5.885286e+000
6.557716510775781e-004	5.883228e+000
6.561273948451058e-004	5.878674e+000
6.563945851018989e-004	5.870425e+000
6.565337864991510e-004	5.860582e+000
6.566228735021615e-004	5.847173e+000
6.566908013384660e-004	5.825997e+000
6.567388215597815e-004	5.793267e+000
6.567782775944580e-004	5.722128e+000
6.568137425870058e-004	5.587317e+000
6.568581726905199e-004	5.349918e+000
6.569173230322644e-004	4.979284e+000
6.569805039810632e-004	4.438947e+000
6.570183789776026e-004	3.931257e+000
6.570595629834055e-004	3.256049e+000
6.570987302562017e-004	2.701932e+000
6.571770648017940e-004	1.861774e+000
6.572488730252252e-004	1.280516e+000
6.573810465841116e-004	5.846781e-001
6.575643258972740e-004	1.443249e-001
6.577834619035346e-004	2.379939e-002
6.579283435601393e-004	1.002370e-002
6.581015866855472e-004	4.799688e-004
6.582414590963486e-004	8.700039e-005
6.583939915767033e-004	3.562699e-004
6.586018412024011e-004	2.582406e-004
6.588396444076503e-004	2.876513e-004
6.591871429285755e-004	2.734150e-004
6.595622967730604e-004	2.777542e-004
6.600000000000001e-004	6.387179e-004
6.600011525049242e-004	4.116135e-004
6.600034575147722e-004	2.383101e-004
6.600072979573818e-004	1.466234e-004
6.600098986586617e-004	1.040584e-004
6.600123679995187e-004	7.738785e-005
6.600151137381123e-004	5.679578e-005
6.600180358810043e-004	4.131717e-005
6.600208253384788e-004	3.116047e-005
6.600237845292196e-004	2.362226e-005
6.600265049453156e-004	1.872078e-005
6.600291807123631e-004	1.522610e-005
6.600320593812293e-004	1.252865e-005
6.600347736560108e-004	1.058573e-005
6.600377499098413e-004	9.016302e-006
6.600404549255769e-004	7.874428e-006
6.600435440633500e-004	6.876765e-006
6.600461872460583e-004	6.154492e-006
6.600494643129919e-004	5.450852e-006
6.600521047181942e-004	4.945437e-006
6.600555979068451e-004	4.417725e-006
6.600585058578656e-004	4.007830e-006
6.600621618672241e-004	3.595500e-006
6.600655898150195e-004	3.227044e-006
6.600694200972271e-004	2.888748e-006
6.600733216691010e-004	2.563367e-006
6.600774315320854e-004	2.278468e-006
6.600817070488456e-004	2.003267e-006
6.600860841958289e-004	1.771032e-006
6.600909823892578e-004	1.531457e-006
6.600954968300266e-004	1.348609e-006
6.601009654907161e-004	1.144607e-006
6.601061249362043e-004	9.899588e-007
6.601122916929426e-004	8.224480e-007
6.601184417844494e-004	6.927232e-007
6.601257407879428e-004	5.565076e-007
6.601331936660474e-004	4.528038e-007
6.601422455451858e-004	3.453490e-007
6.601514337717124e-004	2.684378e-007
6.601630265202574e-004	1.893953e-007
6.601754246919046e-004	1.360146e-007
6.601917140084681e-004	8.314777e-008
6.602106908142496e-004	5.194824e-008
6.602389103336877e-004	2.229663e-008
6.602743236772224e-004	1.076189e-008
6.603399348549909e-004	1.390365e-009
6.604323240522775e-004	8.171147e-010
6.606171024468508e-004	-2.029215e-010
6.994000168714195e-004	7.694655e-012
7.000000000000001e-004	-9.182396e-007
7.000013199641661e-004	-3.928530e-005
7.000039598924980e-004	-1.027348e-004
7.000092397491619e-004	-1.890438e-004
7.000134084010667e-004	-2.285564e-004
7.000177889885219e-004	-2.491544e-004
7.000237824302933e-004	-2.627131e-004
7.000331518039009e-004	-2.710340e-004
7.000473330941348e-004	-2.744715e-004
7.000716606665862e-004	-2.753713e-004
7.001203158114890e-004	-2.755905e-004
7.002176261012945e-004	-2.756982e-004
7.004122466809055e-004	-2.757436e-004
7.008014878401275e-004	-2.758083e-004
7.015799701585715e-004	-2.759435e-004
7.025565326585715e-004	6.657597e-001
7.029593867521253e-004	2.435481e+000
7.032162226293808e-004	5.036354e+000
7.034043694645038e-004	7.600697e+000
7.035784628845860e-004	1.012768e+001
7.037587195551880e-004	1.273634e+001
7.038749233828015e-004	1.424035e+001
7.039457285083719e-004	1.449861e+001
7.039851726080512e-004	1.339212e+001
7.040118414049948e-004	1.180731e+001
7.040375786390430e-004	1.005782e+001
7.040473915434296e-004	9.058476e+000
7.040575290988453e-004	7.778266e+000
7.040626512173884e-004	7.279481e+000
7.040696493687274e-004	6.817862e+000
7.040769264051973e-004	6.489498e+000
7.040852290416106e-004	6.254494e+000
7.040948299027271e-004	6.094638e+000
7.041057133001777e-004	5.998998e+000
7.041213602121893e-004	5.934807e+000
7.041360002194983e-004	5.911051e+000
7.041652802341163e-004	5.898066e+000
7.041947647271099e-004	5.894930e+000
7.042537337130971e-004	5.894278e+000
7.043439122101028e-004	5.893666e+000
7.045242692041142e-004	5.892699e+000
7.046392860119772e-004	5.892200e+000
7.047699663842740e-004	5.891752e+000
7.050000000000000e-004	5.888623e+000
7.050230033615726e-004	5.889451e+000
7.050690100847178e-004	5.889292e+000
7.051610235310082e-004	5.888783e+000
7.052621953108950e-004	5.888793e+000
7.054645388706684e-004	5.888800e+000
7.058692259902154e-004	5.888795e+000
7.066786002293093e-004	5.888797e+000
7.076551627293093e-004	5.888796e+000
7.086317252293093e-004	5.888797e+000
7.096082877293093e-004	5.888797e+000
7.105848502293093e-004	5.888797e+000
7.115614127293093e-004	5.888797e+000
7.125379752293093e-004	5.888797e+000
7.135145377293093e-004	5.888796e+000
7.144911002293093e-004	5.888796e+000
7.154676627293093e-004	5.888796e+000
7.164442252293093e-004	5.888796e+000
7.174207877293093e-004	5.888796e+000
7.183973502293093e-004	5.888797e+000
7.193739127293093e-004	5.888797e+000
7.203504752293093e-004	5.888797e+000
7.213270377293093e-004	5.888796e+000
7.223036002293093e-004	5.888796e+000
7.232801627293093e-004	5.888796e+000
7.242567252293093e-004	5.888796e+000
7.252332877293093e-004	5.888796e+000
7.262098502293093e-004	5.888796e+000
7.271864127293093e-004	5.888796e+000
7.281629752293093e-004	5.888796e+000
7.291395377293093e-004	5.888796e+000
7.301161002293093e-004	5.888796e+000
7.310926627293093e-004	5.888796e+000
7.320692252293093e-004	5.888796e+000
7.330457877293093e-004	5.888796e+000
7.340223502293093e-004	5.888796e+000
7.349989127293093e-004	5.888796e+000
7.359754752293093e-004	5.888796e+000
7.369520377293093e-004	5.888796e+000
7.379286002293093e-004	5.888796e+000
7.389051627293093e-004	5.888796e+000
7.398817252293093e-004	5.888796e+000
7.408582877293093e-004	5.888796e+000
7.418348502293093e-004	5.888797e+000
7.428114127293093e-004	5.888797e+000
7.437879752293093e-004	5.888796e+000
7.447645377293093e-004	5.888796e+000
7.457411002293093e-004	5.888796e+000
7.467176627293093e-004	5.888797e+000
7.476942252293093e-004	5.888797e+000
7.486707877293093e-004	5.888796e+000
7.496473502293093e-004	5.888796e+000
7.506239127293093e-004	5.888796e+000
7.516004752293093e-004	5.888796e+000
7.525770377293093e-004	5.888796e+000
7.535536002293093e-004	5.888796e+000
7.540234375000000e-004	5.888801e+000
7.540603254586186e-004	5.888800e+000
7.541341013758557e-004	5.888796e+000
7.542816532103299e-004	5.888797e+000
7.545767568792783e-004	5.888796e+000
7.550000000000000e-004	5.888793e+000
7.550423243120723e-004	5.887690e+000
7.551269729362166e-004	5.886495e+000
7.552962701845052e-004	5.885742e+000
7.555754185751200e-004	5.884486e+000
7.560839941882264e-004	5.878964e+000
7.564208431444258e-004	5.868224e+000
7.565792319158806e-004	5.853636e+000
7.566780953649851e-004	5.829773e+000
7.567389106665301e-004	5.791115e+000
7.567812474960062e-004	5.711593e+000
7.568182382634961e-004	5.565105e+000
7.568631959280273e-004	5.320396e+000
7.569267539876709e-004	4.913541e+000
7.569844850176628e-004	4.395634e+000
7.570209381799576e-004	3.891317e+000
7.570597544179898e-004	3.252600e+000
7.571002305240608e-004	2.680728e+000
7.571720012622605e-004	1.907068e+000
7.572454457923305e-004	1.306373e+000
7.573743928049891e-004	6.124163e-001
7.575595635083915e-004	1.515765e-001
7.577747324105352e-004	2.473954e-002
7.579175269950199e-004	1.108177e-002
7.580929723476379e-004	5.755653e-004
7.582312709293174e-004	-1.166646e-005
7.583850527749878e-004	3.847245e-004
7.585817959147319e-004	2.452791e-004
7.588260457391646e-004	2.917913e-004
7.592015952749010e-004	2.770317e-004
7.594873283572494e-004	2.824440e-004
7.600000000000000e-004	7.368708e-004
7.600011658103002e-004	4.367796e-004
7.600034974309007e-004	2.270226e-004
7.600071508201142e-004	1.453529e-004
7.600098378895426e-004	1.039960e-004
7.600123645398018e-004	7.807119e-005
7.600151266114373e-004	5.845420e-005
7.600180710179770e-004	4.357280e-005
7.600208485767638e-004	3.374909e-005
7.600235485104019e-004	2.693157e-005
7.600264042055047e-004	2.180488e-005
7.600291293767069e-004	1.813620e-005
7.600320640235969e-004	1.525790e-005
7.600347689058892e-004	1.317709e-005
7.600378001929015e-004	1.141868e-005
7.600404544017363e-004	1.014104e-005
7.600436434229843e-004	8.937477e-006
7.600461847625231e-004	8.099260e-006
7.600496075746273e-004	7.219166e-006
7.600523784737596e-004	6.559701e-006
7.600559394570219e-004	5.885102e-006
7.600591348710063e-004	5.309693e-006
7.600628531185771e-004	4.765407e-006
7.600665515764279e-004	4.250041e-006
7.600705054090696e-004	3.793995e-006
7.600746134953962e-004	3.349774e-006
7.600788514600333e-004	2.966390e-006
7.600832196292746e-004	2.602940e-006
7.600876537351865e-004	2.295265e-006
7.600923930457008e-004	1.995799e-006
7.600967864823725e-004	1.757572e-006
7.601014471392640e-004	1.532158e-006
7.601057555096890e-004	1.354027e-006
7.601104123361696e-004	1.177767e-006
7.601149050100474e-004	1.037385e-006
7.601197561547359e-004	8.955591e-007
7.601246306156266e-004	7.822492e-007
7.601299504367931e-004	6.649698e-007
7.601354263434273e-004	5.724274e-007
7.601415327110507e-004	4.746712e-007
7.601479013099868e-004	3.994337e-007
7.601551811279963e-004	3.193738e-007
7.601628266744042e-004	2.600943e-007
7.601717866531752e-004	1.974404e-007
7.601812130835127e-004	1.537506e-007
7.601925398932183e-004	1.083891e-007
7.602044203456953e-004	7.961197e-008
7.602190348259317e-004	5.001705e-008
7.602354810738868e-004	3.380893e-008
7.602567637368853e-004	1.655135e-008
7.602831234099376e-004	1.011906e-008
7.603215732376510e-004	2.277419e-009
7.603750308828095e-004	1.840935e-009
7.604685471329225e-004	-3.444336e-010
7.606268435094753e-004	5.025432e-010
7.609434362625810e-004	-6.343726e-011
7.990234375000000e-004	1.682803e-010
7.993966379248300e-004	-7.079090e-010
7.997139224510203e-004	-1.404279e-010
8.000000000000000e-004	-9.236409e-007
8.000006293716823e-004	-2.048674e-005
8.000018881150467e-004	-5.900505e-005
8.000030506279970e-004	-9.104075e-005
8.000041482298751e-004	-1.160678e-004
8.000063222244782e-004	-1.556027e-004
8.000086977814394e-004	-1.877271e-004
8.000124034707732e-004	-2.210824e-004
8.000166880097884e-004	-2.440730e-004
8.000231796621478e-004	-2.613002e-004
8.000315542280635e-004	-2.702500e-004
8.000451325561243e-004	-2.742000e-004
8.000664466584668e-004	-2.753143e-004
8.001090748631519e-004	-2.755621e-004
8.001943312725223e-004	-2.756853e-004
8.003648440912628e-004	-2.757359e-004
8.007058697287441e-004	-2.757919e-004
8.013879210037065e-004	-2.759100e-004
8.023644835037066e-004	7.642166e-001
8.030236309759225e-004	3.550307e+000
8.033483003383909e-004	6.877769e+000
8.035560893854896e-004	9.804077e+000
8.037265960935189e-004	1.227824e+001
8.038464404607834e-004	1.391428e+001
8.039284632934739e-004	1.456950e+001
8.039739978314339e-004	1.383263e+001
8.040018325747254e-004	1.238721e+001
8.040304852712622e-004	1.047208e+001
8.040427086605543e-004	9.454901e+000
8.040484396954464e-004	8.761283e+000
8.040543671193496e-004	8.007008e+000
8.040611218203788e-004	7.340625e+000
8.040679352167738e-004	6.871434e+000
8.040776516498160e-004	6.443402e+000
8.040868006009526e-004	6.207767e+000
8.040996599748726e-004	6.039598e+000
8.041133203110645e-004	5.957950e+000
8.041345229994732e-004	5.912916e+000
8.041569776644984e-004	5.899107e+000
8.042018869945488e-004	5.894982e+000
8.042487468617284e-004	5.894234e+000
8.043424665960876e-004	5.893677e+000
8.045299060648060e-004	5.892640e+000
8.046251210625632e-004	5.892242e+000
8.048155510580776e-004	5.891637e+000
8.050000000000001e-004	5.891768e+000
8.050184448941922e-004	5.890676e+000
8.050553346825767e-004	5.889476e+000
8.051291142593457e-004	5.888825e+000
8.052766734128837e-004	5.888788e+000
8.054958916000137e-004	5.888803e+000
8.059343279742737e-004	5.888793e+000
8.068112007227938e-004	5.888797e+000
8.077877632227938e-004	5.888796e+000
8.087643257227938e-004	5.888797e+000
8.097408882227938e-004	5.888797e+000
8.107174507227938e-004	5.888797e+000
8.116940132227938e-004	5.888797e+000
8.126705757227938e-004	5.888797e+000
8.136471382227938e-004	5.888796e+000
8.146237007227938e-004	5.888797e+000
8.156002632227938e-004	5.888797e+000
8.165768257227938e-004	5.888797e+000
8.175533882227938e-004	5.888796e+000
8.185299507227938e-004	5.888797e+000
8.195065132227938e-004	5.888796e+000
8.204830757227938e-004	5.888796e+000
8.214596382227938e-004	5.888796e+000
8.224362007227938e-004	5.888796e+000
8.234127632227938e-004	5.888796e+000
8.243893257227938e-004	5.888797e+000
8.253658882227938e-004	5.888796e+000
8.263424507227938e-004	5.888796e+000
8.273190132227938e-004	5.888796e+000
8.282955757227938e-004	5.888796e+000
8.292721382227938e-004	5.888796e+000
8.302487007227938e-004	5.888796e+000
8.312252632227938e-004	5.888796e+000
8.322018257227938e-004	5.888796e+000
8.331783882227938e-004	5.888796e+000
8.341549507227938e-004	5.888797e+000
8.351315132227938e-004	5.888797e+000
8.361080757227938e-004	5.888797e+000
8.370846382227938e-004	5.888796e+000
8.380612007227938e-004	5.888796e+000
8.390377632227938e-004	5.888796e+000
8.400143257227938e-004	5.888796e+000
8.409908882227938e-004	5.888796e+000
8.419674507227938e-004	5.888797e+000
8.429440132227938e-004	5.888797e+000
8.439205757227938e-004	5.888797e+000
8.448971382227938e-004	5.888797e+000
8.458737007227938e-004	5.888797e+000
8.468502632227938e-004	5.888796e+000
8.478268257227938e-004	5.888796e+000
8.488033882227938e-004	5.888796e+000
8.497799507227938e-004	5.888796e+000
8.507565132227938e-004	5.888796e+000
8.517330757227938e-004	5.888796e+000
8.527096382227938e-004	5.888796e+000
8.536862007227938e-004	5.888796e+000
8.540234375000001e-004	5.888796e+000
8.543255264455876e-004	5.888795e+000
8.543958221088250e-004	5.888795e+000
8.545364134352998e-004	5.888797e+000
8.547188173470505e-004	5.888796e+000
8.550000000000001e-004	5.888795e+000
8.550281182652950e-004	5.887890e+000
8.550843547958849e-004	5.886768e+000
8.551968278570648e-004	5.886049e+000
8.554185830657084e-004	5.885336e+000
8.557385468067094e-004	5.883454e+000
8.561462376477329e-004	5.878219e+000
8.563973835953102e-004	5.870377e+000
8.565366372862124e-004	5.860301e+000
8.566243210135064e-004	5.846708e+000
8.566934880627323e-004	5.824802e+000
8.567405412561454e-004	5.791493e+000
8.567799192917039e-004	5.717475e+000
8.568154553351036e-004	5.579360e+000
8.568591601660667e-004	5.343953e+000
8.569218453489763e-004	4.947284e+000
8.569831822265513e-004	4.408807e+000
8.570204362380134e-004	3.899399e+000
8.570604429249221e-004	3.242165e+000
8.571005361617908e-004	2.676522e+000
8.571725913553197e-004	1.901708e+000
8.572461427400471e-004	1.301502e+000
8.573758393209854e-004	6.065798e-001
8.575608824881769e-004	1.498743e-001
8.577766058153470e-004	2.454550e-002
8.579197084971912e-004	1.086289e-002
8.580946272603502e-004	5.566837e-004
8.582332858644098e-004	9.666117e-006
8.583866954976907e-004	3.793777e-004
8.585857079861223e-004	2.482373e-004
8.588286768914817e-004	2.908986e-004
8.591977347426384e-004	2.758686e-004
8.595054012532497e-004	2.810943e-004
8.600000000000001e-004	6.556612e-004
8.600012045442384e-004	4.088733e-004
8.600036136327152e-004	2.267506e-004
8.600075329602749e-004	1.399742e-004
8.600101183932986e-004	1.008385e-004
8.600125868509374e-004	7.616067e-005
8.600153309254755e-004	5.703701e-005
8.600182888938379e-004	4.236403e-005
8.600210821212029e-004	3.277500e-005
8.600240945997313e-004	2.546437e-005
8.600268257034245e-004	2.071194e-005
8.600295249015569e-004	1.725064e-005
8.600324547749700e-004	1.451240e-005
8.600352245428161e-004	1.248827e-005
8.600382927309786e-004	1.080382e-005
8.600410976097654e-004	9.540236e-006
8.600443361843881e-004	8.400692e-006
8.600471261688968e-004	7.552903e-006
8.600506418823651e-004	6.702903e-006
8.600535824223063e-004	6.060717e-006
8.600573959287628e-004	5.389749e-006
8.600607321940330e-004	4.845293e-006
8.600648387665645e-004	4.299900e-006
8.600688492447189e-004	3.803163e-006
8.600732620038743e-004	3.350298e-006
8.600778427490870e-004	2.919669e-006
8.600826312756744e-004	2.544076e-006
8.600875623315556e-004	2.197330e-006
8.600925969122048e-004	1.904069e-006
8.600980463261028e-004	1.622840e-006
8.601029671357131e-004	1.409557e-006
8.601086362866567e-004	1.191255e-006
8.601138753152039e-004	1.026090e-006
8.601198485541887e-004	8.580352e-007
8.601256658609567e-004	7.284517e-007
8.601322431896480e-004	5.976376e-007
8.601388534772040e-004	4.973959e-007
8.601464211284690e-004	3.957293e-007
8.601541150336947e-004	3.204233e-007
8.601631172723587e-004	2.438208e-007
8.601723039239721e-004	1.901630e-007
8.601832868882177e-004	1.358360e-007
8.601946691217838e-004	1.004264e-007
8.602083649501020e-004	6.510697e-008
8.602239113357883e-004	4.462630e-008
8.602437079092166e-004	2.323033e-008
8.602679775258691e-004	1.430517e-008
8.603030093290044e-004	3.984072e-009
8.603507549342372e-004	2.661268e-009
8.604331211198902e-004	-3.281709e-010
8.605680367466886e-004	5.996981e-010
8.608378680002854e-004	-1.131563e-010
8.990234375000001e-004	1.782502e-011
9.000000000000001e-004	-1.003458e-006
9.000021484394158e-004	-5.725155e-005
9.000064453182473e-004	-1.402649e-004
9.000150390759103e-004	-2.325538e-004
9.000207123712601e-004	-2.589167e-004
9.000272443711046e-004	-2.682208e-004
9.000363068306188e-004	-2.727271e-004
9.000544317496470e-004	-2.748983e-004
9.000862268294928e-004	-2.754906e-004
9.001498169891846e-004	-2.756387e-004
9.002769973085682e-004	-2.757200e-004
9.005313579473354e-004	-2.757621e-004
9.010400792248697e-004	-2.758499e-004
9.020166417248697e-004	5.649127e-001
9.029932042248697e-004	3.677284e+000
9.033668236461588e-004	7.179110e+000
9.036131473944089e-004	1.063672e+001
9.037707192249999e-004	1.289478e+001
9.038955534015170e-004	1.438582e+001
9.039592204277138e-004	1.414733e+001
9.039943822922035e-004	1.272085e+001
9.040223618727503e-004	1.091887e+001
9.040384224577195e-004	9.790960e+000
9.040458455627795e-004	8.981831e+000
9.040534821916097e-004	7.976984e+000
9.040586265450702e-004	7.446238e+000
9.040654808236434e-004	6.939305e+000
9.040723653825680e-004	6.585822e+000
9.040805676296144e-004	6.316790e+000
9.040898479609687e-004	6.133892e+000
9.041004295040490e-004	6.021790e+000
9.041154430117081e-004	5.945453e+000
9.041295891186089e-004	5.916162e+000
9.041578813324104e-004	5.899318e+000
9.041859811470553e-004	5.895167e+000
9.042421807763448e-004	5.894376e+000
9.043276137377690e-004	5.893768e+000
9.044984796606172e-004	5.892817e+000
9.046582681543036e-004	5.892002e+000
9.046804230126274e-004	5.891945e+000
9.047247327292749e-004	5.891884e+000
9.049107842613442e-004	5.891364e+000
9.050000000000001e-004	5.888981e+000
9.050089215738657e-004	5.890066e+000
9.050267647215969e-004	5.890070e+000
9.050624510170592e-004	5.889131e+000
9.051061414927397e-004	5.888795e+000
9.051935224441006e-004	5.888794e+000
9.053682843468224e-004	5.888797e+000
9.057178081522661e-004	5.888796e+000
9.064168557631535e-004	5.888797e+000
9.073934182631535e-004	5.888797e+000
9.083699807631535e-004	5.888797e+000
9.093465432631535e-004	5.888797e+000
9.103231057631535e-004	5.888797e+000
9.112996682631535e-004	5.888796e+000
9.122762307631536e-004	5.888796e+000
9.132527932631536e-004	5.888797e+000
9.142293557631536e-004	5.888797e+000
9.152059182631536e-004	5.888796e+000
9.161824807631536e-004	5.888796e+000
9.171590432631536e-004	5.888796e+000
9.181356057631536e-004	5.888796e+000
9.191121682631536e-004	5.888796e+000
9.200887307631536e-004	5.888796e+000
9.210652932631536e-004	5.888796e+000
9.220418557631536e-004	5.888796e+000
9.230184182631536e-004	5.888796e+000
9.239949807631536e-004	5.888796e+000
9.249715432631536e-004	5.888796e+000
9.259481057631536e-004	5.888796e+000
9.269246682631536e-004	5.888796e+000
9.279012307631536e-004	5.888796e+000
9.288777932631536e-004	5.888796e+000
9.298543557631536e-004	5.888797e+000
9.308309182631536e-004	5.888797e+000
9.318074807631536e-004	5.888796e+000
9.327840432631536e-004	5.888796e+000
9.337606057631536e-004	5.888796e+000
9.347371682631536e-004	5.888796e+000
9.357137307631536e-004	5.888797e+000
9.366902932631536e-004	5.888797e+000
9.376668557631536e-004	5.888796e+000
9.386434182631536e-004	5.888796e+000
9.396199807631536e-004	5.888796e+000
9.405965432631536e-004	5.888796e+000
9.415731057631536e-004	5.888797e+000
9.425496682631536e-004	5.888797e+000
9.435262307631536e-004	5.888796e+000
9.445027932631536e-004	5.888796e+000
9.454793557631536e-004	5.888797e+000
9.464559182631536e-004	5.888797e+000
9.474324807631536e-004	5.888797e+000
9.484090432631536e-004	5.888797e+000
9.493856057631536e-004	5.888796e+000
9.503621682631536e-004	5.888796e+000
9.513387307631536e-004	5.888797e+000
9.523152932631536e-004	5.888797e+000
9.532918557631536e-004	5.888797e+000
9.540234375000001e-004	5.888797e+000
9.550000000000001e-004	5.888803e+000
9.550976562500001e-004	5.887337e+000
9.552929687500001e-004	5.885826e+000
9.556835937500000e-004	5.883647e+000
9.561979012300605e-004	5.876694e+000
9.564458844625964e-004	5.867138e+000
9.565905949348019e-004	5.852243e+000
9.566783471549353e-004	5.830426e+000
9.567334379883892e-004	5.797916e+000
9.567749231336674e-004	5.730114e+000
9.568109946848475e-004	5.599169e+000
9.568580048768103e-004	5.351236e+000
9.569114681074661e-004	5.019768e+000
9.569772418786859e-004	4.474555e+000
9.570158174960935e-004	3.971111e+000
9.570540173474371e-004	3.344295e+000
9.570928565369580e-004	2.780743e+000
9.571705349159998e-004	1.922678e+000
9.572404872157742e-004	1.339166e+000
9.573643460031955e-004	6.508420e-001
9.575460206486005e-004	1.658476e-001
9.577615977760319e-004	2.605997e-002
9.579043645902673e-004	1.247573e-002
9.580840670403231e-004	6.751785e-004
9.582191100492325e-004	-1.697806e-004
9.583772282726361e-004	4.076670e-004
9.585587243494282e-004	2.224408e-004
9.588088739761549e-004	2.977382e-004
9.592314061311438e-004	3.012295e-004
9.593300263895975e-004	2.978740e-004
9.595272669065051e-004	2.774254e-004
9.596055189661850e-004	2.782678e-004
9.597620230855448e-004	2.755573e-004
9.600000000000001e-004	1.507109e-004
9.600008008252655e-004	2.046053e-004
9.600024024757962e-004	2.040267e-004
9.600056057768578e-004	1.333702e-004
9.600080777369041e-004	9.401089e-005
9.600105801612448e-004	6.706714e-005
9.600134298699572e-004	4.561153e-005
9.600162008738429e-004	3.135547e-005
9.600190893559857e-004	2.125656e-005
9.600217780629392e-004	1.490023e-005
9.600246829699290e-004	1.020189e-005
9.600273320517187e-004	7.250637e-006
9.600298975544568e-004	5.262958e-006
9.600326606413385e-004	3.794745e-006
9.600352003551551e-004	2.824802e-006
9.600379661773322e-004	2.095652e-006
9.600403643497084e-004	1.631328e-006
9.600430877270512e-004	1.257389e-006
9.600452341739200e-004	1.033087e-006
9.600478976014724e-004	8.357301e-007
9.600498767738085e-004	7.180937e-007
9.600523607156383e-004	6.145963e-007
9.600542745499012e-004	5.426879e-007
9.600566041424768e-004	4.959596e-007
9.600589162777658e-004	4.321693e-007
9.600614267213542e-004	3.984581e-007
9.600643419135878e-004	3.420105e-007
9.600674369138727e-004	3.130336e-007
9.600713425491097e-004	2.641665e-007
9.600754594087167e-004	2.369195e-007
9.600809891389583e-004	1.934038e-007
9.600868037546551e-004	1.670451e-007
9.600952664182569e-004	1.267434e-007
9.601040142132442e-004	1.023854e-007
9.601189945530789e-004	6.497725e-008
9.601340593254048e-004	4.456406e-008
9.601601124049137e-004	2.093256e-008
9.601949321767844e-004	9.866373e-009
9.602645717205258e-004	1.545034e-009
9.603702407490942e-004	4.152506e-010
9.605815788062308e-004	-2.273263e-011
9.990234375000001e-004	6.107636e-010
9.998442842284454e-004	1.673859e-010
1.000000000000000e-003	-2.682867e-010
