time	V(out)
0.000000000000000e+000	4.617194e+001
9.765624940649698e-012	4.617194e+001
1.953124988129940e-011	4.617194e+001
3.906249976259879e-011	4.617194e+001
7.812499952519758e-011	4.617194e+001
1.562499990503952e-010	4.617194e+001
3.124999981007903e-010	4.617194e+001
5.723630526765819e-010	4.617194e+001
1.049312737112842e-009	4.617194e+001
1.813782268498963e-009	4.617195e+001
2.898805361534509e-009	4.617195e+001
4.394904151097213e-009	4.617196e+001
6.385920425667593e-009	4.617196e+001
9.029053881539522e-009	4.617197e+001
1.250664595622858e-008	4.617198e+001
1.714895353864279e-008	4.617199e+001
2.345340079129613e-008	4.617200e+001
3.239000450757726e-008	4.617202e+001
4.587549123365485e-008	4.617203e+001
6.865259251000852e-008	4.617205e+001
1.142067950627159e-007	4.617206e+001
2.053152001681305e-007	4.617207e+001
3.875320103789599e-007	4.617207e+001
7.519656308006185e-007	4.617207e+001
1.480832871643936e-006	4.617207e+001
2.457395371643936e-006	4.587059e+001
2.958850456888925e-006	4.460472e+001
3.257562440997630e-006	4.186716e+001
3.449717256987360e-006	3.754592e+001
3.623150465865423e-006	3.024962e+001
3.788614160052823e-006	1.977471e+001
3.903896849514228e-006	1.048544e+001
3.964650011401403e-006	5.221811e+000
3.998318746114507e-006	2.702288e+000
4.026472732445747e-006	1.132608e+000
4.041381001163427e-006	5.313371e-001
4.048369929042503e-006	3.674506e-001
4.055849865440872e-006	2.858345e-001
4.061517526260108e-006	2.495217e-001
4.068212676902389e-006	2.233858e-001
4.075404407663676e-006	2.055893e-001
4.083803039379449e-006	1.929317e-001
4.093269229744455e-006	1.845560e-001
4.104380193681329e-006	1.791320e-001
4.119960803399240e-006	1.750748e-001
4.135011700365892e-006	1.729543e-001
4.165113494299196e-006	1.704236e-001
4.195287086308552e-006	1.684401e-001
4.255634270327265e-006	1.649982e-001
4.350888012344334e-006	1.601943e-001
4.541395496378470e-006	1.518162e-001
4.618985031931728e-006	1.488778e-001
4.774164103038246e-006	1.439549e-001
5.000000000000000e-006	1.378259e-001
5.022583589696176e-006	1.374673e-001
5.067750769088527e-006	1.372107e-001
5.158085127873229e-006	1.371632e-001
5.262225678172686e-006	1.371679e-001
5.470506778771601e-006	1.371654e-001
5.887068979969430e-006	1.371662e-001
6.720193382365089e-006	1.371659e-001
7.696755882365089e-006	1.371659e-001
8.673318382365089e-006	1.371659e-001
9.649880882365089e-006	1.371659e-001
1.062644338236509e-005	1.371659e-001
1.160300588236509e-005	1.371659e-001
1.257956838236509e-005	1.371659e-001
1.355613088236509e-005	1.371659e-001
1.453269338236509e-005	1.371659e-001
1.550925588236510e-005	1.371659e-001
1.648581838236510e-005	1.371659e-001
1.746238088236510e-005	1.371659e-001
1.843894338236510e-005	1.371659e-001
1.941550588236510e-005	1.371659e-001
2.039206838236510e-005	1.371659e-001
2.136863088236510e-005	1.371659e-001
2.234519338236510e-005	1.371659e-001
2.332175588236510e-005	1.371659e-001
2.429831838236510e-005	1.371659e-001
2.527488088236510e-005	1.371659e-001
2.625144338236510e-005	1.371659e-001
2.722800588236511e-005	1.371659e-001
2.820456838236511e-005	1.371659e-001
2.918113088236511e-005	1.371659e-001
3.015769338236511e-005	1.371659e-001
3.113425588236511e-005	1.371659e-001
3.211081838236511e-005	1.371659e-001
3.308738088236511e-005	1.371659e-001
3.406394338236511e-005	1.371659e-001
3.504050588236511e-005	1.371659e-001
3.601706838236511e-005	1.371659e-001
3.699363088236511e-005	1.371659e-001
3.797019338236511e-005	1.371659e-001
3.894675588236511e-005	1.371659e-001
3.992331838236511e-005	1.371659e-001
4.089988088236511e-005	1.371659e-001
4.187644338236512e-005	1.371659e-001
4.285300588236512e-005	1.371659e-001
4.382956838236512e-005	1.371659e-001
4.480613088236512e-005	1.371659e-001
4.578269338236512e-005	1.371659e-001
4.675925588236512e-005	1.371659e-001
4.773581838236512e-005	1.371659e-001
4.871238088236512e-005	1.371659e-001
4.968894338236512e-005	1.371659e-001
5.066550588236512e-005	1.371659e-001
5.164206838236512e-005	1.371659e-001
5.261863088236512e-005	1.371659e-001
5.359519338236513e-005	1.371659e-001
5.402343750000000e-005	1.371659e-001
5.414351176473025e-005	1.371659e-001
5.438366029419075e-005	1.371659e-001
5.451970294107901e-005	1.371659e-001
5.472791470622348e-005	1.371659e-001
5.500000000000000e-005	1.371663e-001
5.502720852937765e-005	1.376169e-001
5.508162558813296e-005	1.388155e-001
5.519045970564357e-005	1.418155e-001
5.540812794066478e-005	1.491822e-001
5.571707153001728e-005	1.641830e-001
5.614402904470638e-005	1.974284e-001
5.640230875587360e-005	2.321462e-001
5.654359069619837e-005	2.647052e-001
5.663188205125171e-005	2.973914e-001
5.669569412493580e-005	3.338736e-001
5.674318080222580e-005	3.768727e-001
5.678180333826255e-005	4.398700e-001
5.681742666644802e-005	5.514753e-001
5.686034062749817e-005	7.915872e-001
5.692435587188432e-005	1.359163e+000
5.698447643602949e-005	2.146580e+000
5.702136067606055e-005	2.858291e+000
5.706072660519134e-005	3.894470e+000
5.710129597608520e-005	5.242112e+000
5.717345301902560e-005	8.111299e+000
5.724723703157137e-005	1.154816e+001
5.737784551505680e-005	1.852497e+001
5.756323061769074e-005	2.909676e+001
5.777927878805111e-005	4.034358e+001
5.792269063439453e-005	4.475800e+001
5.809687729486508e-005	4.615010e+001
5.823610910267717e-005	4.618455e+001
5.838897707771629e-005	4.616614e+001
5.859166741000007e-005	4.617311e+001
5.883353745370440e-005	4.617106e+001
5.919631499387967e-005	4.617185e+001
5.952402531808174e-005	4.617160e+001
6.000000000000000e-005	4.617035e+001
6.000118897446831e-005	4.617043e+001
6.000356692340492e-005	4.617054e+001
6.000734973646746e-005	4.617069e+001
6.000998206206675e-005	4.617078e+001
6.001247543826129e-005	4.617086e+001
6.001522393461314e-005	4.617095e+001
6.001816970583635e-005	4.617103e+001
6.002094517115448e-005	4.617110e+001
6.002364330166014e-005	4.617116e+001
6.002648712634566e-005	4.617122e+001
6.002921125255685e-005	4.617128e+001
6.003212538937892e-005	4.617133e+001
6.003482536712275e-005	4.617138e+001
6.003782301326528e-005	4.617142e+001
6.004047161878337e-005	4.617146e+001
6.004360759927573e-005	4.617150e+001
6.004612722953051e-005	4.617153e+001
6.004948006635841e-005	4.617157e+001
6.005216526861394e-005	4.617160e+001
6.005565271007661e-005	4.617163e+001
6.005869295183940e-005	4.617165e+001
6.006231861181748e-005	4.617168e+001
6.006586028275025e-005	4.617171e+001
6.006968015347637e-005	4.617173e+001
6.007363010097542e-005	4.617175e+001
6.007772502115346e-005	4.617177e+001
6.008196860582717e-005	4.617179e+001
6.008628391345596e-005	4.617181e+001
6.009096912429542e-005	4.617183e+001
6.009530221530254e-005	4.617184e+001
6.009999589785402e-005	4.617185e+001
6.010449369174625e-005	4.617186e+001
6.010941910616739e-005	4.617187e+001
6.011429872730827e-005	4.617188e+001
6.011970645571973e-005	4.617189e+001
6.012520613206089e-005	4.617189e+001
6.013141269636590e-005	4.617190e+001
6.013782286423188e-005	4.617191e+001
6.014523047765384e-005	4.617191e+001
6.015292803212717e-005	4.617191e+001
6.016206374054599e-005	4.617192e+001
6.017154678183916e-005	4.617192e+001
6.018311944167975e-005	4.617192e+001
6.019505832331435e-005	4.617193e+001
6.021001424253994e-005	4.617193e+001
6.022647511905622e-005	4.617193e+001
6.024793950483879e-005	4.617193e+001
6.027408401066518e-005	4.617193e+001
6.031222555478982e-005	4.617193e+001
6.036424508140875e-005	4.617193e+001
6.045485917917021e-005	4.617193e+001
6.060467392181112e-005	4.617193e+001
6.090430340709293e-005	4.617193e+001
9.949012426593958e-005	4.617193e+001
1.000000000000000e-004	4.617193e+001
1.000011217277498e-004	4.617194e+001
1.000033651832494e-004	4.617195e+001
1.000058532986782e-004	4.617196e+001
1.000081844118323e-004	4.617196e+001
1.000113450977108e-004	4.617197e+001
1.000154153878588e-004	4.617198e+001
1.000212268576285e-004	4.617200e+001
1.000290428440614e-004	4.617201e+001
1.000408593428250e-004	4.617203e+001
1.000594669135746e-004	4.617204e+001
1.000955327824769e-004	4.617205e+001
1.001676645202816e-004	4.617206e+001
1.003119279958909e-004	4.617206e+001
1.006004549471096e-004	4.617206e+001
1.011775088495469e-004	4.617206e+001
1.021540713495469e-004	4.557365e+001
1.031306338495469e-004	4.124944e+001
1.035075628880354e-004	3.365974e+001
1.037270755301652e-004	2.319736e+001
1.038674243248983e-004	1.298431e+001
1.039433794902746e-004	6.504729e+000
1.039839947307951e-004	3.269121e+000
1.040106637346079e-004	1.666170e+000
1.040372682493838e-004	5.528887e-001
1.040463934264242e-004	3.397309e-001
1.040553973783349e-004	2.589989e-001
1.040610638502479e-004	2.314767e-001
1.040683725819735e-004	2.107100e-001
1.040760332421527e-004	1.969457e-001
1.040844419604330e-004	1.879260e-001
1.040955010309135e-004	1.810317e-001
1.041060229914074e-004	1.773791e-001
1.041238204580728e-004	1.740823e-001
1.041406873513183e-004	1.722295e-001
1.041727827100019e-004	1.698771e-001
1.042107818313925e-004	1.675236e-001
1.042842646538529e-004	1.634948e-001
1.044129290165583e-004	1.574420e-001
1.046702577419690e-004	1.477470e-001
1.050000000000000e-004	1.379170e-001
1.050329742258031e-004	1.374752e-001
1.050989226774093e-004	1.371917e-001
1.052308195806217e-004	1.371644e-001
1.053580561371516e-004	1.371692e-001
1.056125292502115e-004	1.371649e-001
1.061214754763312e-004	1.371663e-001
1.070980379763312e-004	1.371659e-001
1.080746004763312e-004	1.371659e-001
1.090511629763312e-004	1.371659e-001
1.100277254763312e-004	1.371659e-001
1.110042879763312e-004	1.371659e-001
1.119808504763312e-004	1.371659e-001
1.129574129763312e-004	1.371659e-001
1.139339754763312e-004	1.371659e-001
1.149105379763312e-004	1.371659e-001
1.158871004763312e-004	1.371659e-001
1.168636629763312e-004	1.371659e-001
1.178402254763312e-004	1.371659e-001
1.188167879763312e-004	1.371659e-001
1.197933504763312e-004	1.371659e-001
1.207699129763312e-004	1.371659e-001
1.217464754763312e-004	1.371659e-001
1.227230379763312e-004	1.371659e-001
1.236996004763312e-004	1.371659e-001
1.246761629763312e-004	1.371659e-001
1.256527254763312e-004	1.371659e-001
1.266292879763312e-004	1.371659e-001
1.276058504763312e-004	1.371659e-001
1.285824129763312e-004	1.371659e-001
1.295589754763312e-004	1.371659e-001
1.305355379763312e-004	1.371659e-001
1.315121004763312e-004	1.371659e-001
1.324886629763312e-004	1.371659e-001
1.334652254763312e-004	1.371659e-001
1.344417879763312e-004	1.371659e-001
1.354183504763312e-004	1.371659e-001
1.363949129763312e-004	1.371659e-001
1.373714754763312e-004	1.371659e-001
1.383480379763312e-004	1.371659e-001
1.393246004763312e-004	1.371659e-001
1.403011629763312e-004	1.371659e-001
1.412777254763312e-004	1.371659e-001
1.422542879763312e-004	1.371659e-001
1.432308504763312e-004	1.371659e-001
1.442074129763312e-004	1.371659e-001
1.451839754763312e-004	1.371659e-001
1.461605379763312e-004	1.371659e-001
1.471371004763312e-004	1.371659e-001
1.481136629763312e-004	1.371659e-001
1.490902254763312e-004	1.371659e-001
1.500667879763312e-004	1.371659e-001
1.510433504763312e-004	1.371659e-001
1.520199129763312e-004	1.371659e-001
1.529964754763312e-004	1.371659e-001
1.539730379763312e-004	1.371661e-001
1.540234375000000e-004	1.371660e-001
1.541242365473376e-004	1.371659e-001
1.543258346420127e-004	1.371659e-001
1.545968038106498e-004	1.371659e-001
1.550000000000000e-004	1.371656e-001
1.550403196189350e-004	1.379254e-001
1.551209588568051e-004	1.398638e-001
1.552822373325451e-004	1.447103e-001
1.555531535786317e-004	1.559873e-001
1.560334794118558e-004	1.882764e-001
1.563818571814013e-004	2.299414e-001
1.565434786255298e-004	2.659324e-001
1.566455607405256e-004	3.048779e-001
1.567084473619068e-004	3.439021e-001
1.567544469741437e-004	3.915362e-001
1.567918819313969e-004	4.646024e-001
1.568291320776759e-004	6.003446e-001
1.568702288793487e-004	8.615096e-001
1.569426731514321e-004	1.565926e+000
1.569929399013378e-004	2.281455e+000
1.570276016388858e-004	2.996087e+000
1.570650903819419e-004	4.024941e+000
1.571099610056183e-004	5.566211e+000
1.571904863675444e-004	8.864006e+000
1.572665621533035e-004	1.251456e+001
1.574138682627056e-004	2.055909e+001
1.576010778342719e-004	3.125508e+001
1.577998463990351e-004	4.120237e+001
1.579414086029329e-004	4.511936e+001
1.581076500670858e-004	4.616597e+001
1.582503365146468e-004	4.617542e+001
1.583991928127644e-004	4.616990e+001
1.586310496498101e-004	4.617204e+001
1.588686586480806e-004	4.617158e+001
1.592107443762015e-004	4.617186e+001
1.596157431509053e-004	4.617179e+001
1.600000000000000e-004	4.617130e+001
1.600011067239745e-004	4.617136e+001
1.600033201719236e-004	4.617142e+001
1.600066371083453e-004	4.617147e+001
1.600094334443253e-004	4.617151e+001
1.600120000609154e-004	4.617154e+001
1.600147569795348e-004	4.617157e+001
1.600176383344768e-004	4.617160e+001
1.600203429428169e-004	4.617162e+001
1.600229031578388e-004	4.617165e+001
1.600256593077167e-004	4.617167e+001
1.600281403722327e-004	4.617169e+001
1.600308985350736e-004	4.617171e+001
1.600332030286261e-004	4.617172e+001
1.600359212455839e-004	4.617174e+001
1.600379176960484e-004	4.617175e+001
1.600405781159255e-004	4.617176e+001
1.600424245986376e-004	4.617177e+001
1.600448812249150e-004	4.617178e+001
1.600467516795756e-004	4.617179e+001
1.600489249444433e-004	4.617180e+001
1.600507625405290e-004	4.617181e+001
1.600527324739853e-004	4.617181e+001
1.600545131827188e-004	4.617182e+001
1.600563554288091e-004	4.617183e+001
1.600581102101782e-004	4.617183e+001
1.600598966586879e-004	4.617184e+001
1.600618130188410e-004	4.617184e+001
1.600636066483946e-004	4.617184e+001
1.600656737564409e-004	4.617185e+001
1.600676130060764e-004	4.617186e+001
1.600699900890177e-004	4.617186e+001
1.600723619991208e-004	4.617186e+001
1.600753641360414e-004	4.617187e+001
1.600784981540816e-004	4.617188e+001
1.600826725434325e-004	4.617188e+001
1.600870420725734e-004	4.617189e+001
1.600932902057974e-004	4.617189e+001
1.600996502916723e-004	4.617190e+001
1.601094577183021e-004	4.617191e+001
1.601190154457292e-004	4.617192e+001
1.601333511214704e-004	4.617192e+001
1.601479762956508e-004	4.617192e+001
1.601685530245265e-004	4.617193e+001
1.601900906949642e-004	4.617193e+001
1.602244425909260e-004	4.617193e+001
1.602569664715592e-004	4.617193e+001
1.603220142328257e-004	4.617193e+001
1.603929689670081e-004	4.617193e+001
1.605348784353729e-004	4.617193e+001
1.990234375000000e-004	4.617193e+001
2.000000000000000e-004	4.617193e+001
2.000021484391579e-004	4.617194e+001
2.000064453174738e-004	4.617196e+001
2.000150390741055e-004	4.617198e+001
2.000207114681022e-004	4.617200e+001
2.000272438120325e-004	4.617201e+001
2.000363054913510e-004	4.617202e+001
2.000544288499881e-004	4.617204e+001
2.000862198785601e-004	4.617205e+001
2.001498019357040e-004	4.617206e+001
2.002769660499920e-004	4.617207e+001
2.005312942785678e-004	4.617207e+001
2.010399507357195e-004	4.617207e+001
2.020165132357195e-004	4.587302e+001
2.029930757357195e-004	4.351006e+001
2.033666928793406e-004	3.866869e+001
2.036130442601412e-004	3.023598e+001
2.037706490331725e-004	2.086138e+001
2.038954885662375e-004	1.096858e+001
2.039591790398758e-004	5.477389e+000
2.039943536522161e-004	2.811734e+000
2.040223309171732e-004	1.221876e+000
2.040384124436596e-004	5.559583e-001
2.040458431368458e-004	3.739314e-001
2.040534829647867e-004	2.869511e-001
2.040586184599562e-004	2.529941e-001
2.040654760882661e-004	2.252898e-001
2.040723555175959e-004	2.073855e-001
2.040805548528820e-004	1.943458e-001
2.040898336535289e-004	1.855525e-001
2.041004065875894e-004	1.799513e-001
2.041154119979606e-004	1.756646e-001
2.041295444960258e-004	1.734758e-001
2.041578094921561e-004	1.709336e-001
2.041858798480537e-004	1.690195e-001
2.042420205598490e-004	1.657482e-001
2.043273172018502e-004	1.613221e-001
2.044979104858526e-004	1.537004e-001
2.046588134319952e-004	1.474116e-001
2.046781941077150e-004	1.467367e-001
2.047169554591546e-004	1.454933e-001
2.047944781620339e-004	1.431414e-001
2.048838673743150e-004	1.406315e-001
2.050000000000000e-004	1.373280e-001
2.050116132625685e-004	1.373490e-001
2.050348397877055e-004	1.372656e-001
2.050812928379796e-004	1.371733e-001
2.051417291161624e-004	1.371643e-001
2.052626016725281e-004	1.371662e-001
2.055043467852595e-004	1.371658e-001
2.059878370107224e-004	1.371660e-001
2.069548174616481e-004	1.371659e-001
2.079313799616481e-004	1.371659e-001
2.089079424616481e-004	1.371659e-001
2.098845049616481e-004	1.371659e-001
2.108610674616481e-004	1.371659e-001
2.118376299616481e-004	1.371659e-001
2.128141924616481e-004	1.371659e-001
2.137907549616481e-004	1.371659e-001
2.147673174616481e-004	1.371659e-001
2.157438799616481e-004	1.371659e-001
2.167204424616481e-004	1.371659e-001
2.176970049616481e-004	1.371659e-001
2.186735674616481e-004	1.371659e-001
2.196501299616481e-004	1.371659e-001
2.206266924616481e-004	1.371659e-001
2.216032549616481e-004	1.371659e-001
2.225798174616481e-004	1.371659e-001
2.235563799616481e-004	1.371659e-001
2.245329424616481e-004	1.371659e-001
2.255095049616481e-004	1.371659e-001
2.264860674616481e-004	1.371659e-001
2.274626299616481e-004	1.371659e-001
2.284391924616481e-004	1.371659e-001
2.294157549616481e-004	1.371659e-001
2.303923174616481e-004	1.371659e-001
2.313688799616481e-004	1.371659e-001
2.323454424616481e-004	1.371659e-001
2.333220049616481e-004	1.371659e-001
2.342985674616481e-004	1.371659e-001
2.352751299616481e-004	1.371659e-001
2.362516924616481e-004	1.371659e-001
2.372282549616481e-004	1.371659e-001
2.382048174616481e-004	1.371659e-001
2.391813799616481e-004	1.371659e-001
2.401579424616481e-004	1.371659e-001
2.411345049616481e-004	1.371659e-001
2.421110674616481e-004	1.371659e-001
2.430876299616481e-004	1.371659e-001
2.440641924616481e-004	1.371659e-001
2.450407549616481e-004	1.371659e-001
2.460173174616481e-004	1.371659e-001
2.469938799616481e-004	1.371659e-001
2.479704424616481e-004	1.371659e-001
2.489470049616481e-004	1.371659e-001
2.499235674616481e-004	1.371659e-001
2.509001299616481e-004	1.371659e-001
2.518766924616481e-004	1.371659e-001
2.528532549616481e-004	1.371659e-001
2.538298174616481e-004	1.371659e-001
2.540234375000000e-004	1.371659e-001
2.544106775767038e-004	1.371659e-001
2.550000000000000e-004	1.371652e-001
2.550589322423296e-004	1.383911e-001
2.551767967269889e-004	1.414772e-001
2.554125256963074e-004	1.495091e-001
2.557611571661091e-004	1.664235e-001
2.561233087431887e-004	1.947793e-001
2.563944510785374e-004	2.306173e-001
2.565346984549682e-004	2.619018e-001
2.566242198475491e-004	2.939055e-001
2.566908283295611e-004	3.304766e-001
2.567391453001939e-004	3.722585e-001
2.567784472236866e-004	4.326956e-001
2.568139176813783e-004	5.387678e-001
2.568582554904719e-004	7.766027e-001
2.569178314392977e-004	1.288483e+000
2.569808209240649e-004	2.089219e+000
2.570186299062554e-004	2.800982e+000
2.570596811549104e-004	3.864890e+000
2.570989529838672e-004	5.164253e+000
2.571774966417807e-004	8.291407e+000
2.572493330955168e-004	1.164579e+001
2.573819344859364e-004	1.875223e+001
2.575652587692880e-004	2.919815e+001
2.577846418534940e-004	4.051605e+001
2.579297369911577e-004	4.486631e+001
2.581027124619334e-004	4.615675e+001
2.582428330720283e-004	4.618145e+001
2.583952149820679e-004	4.616742e+001
2.586048853428190e-004	4.617267e+001
2.588422791706882e-004	4.617124e+001
2.591879026737995e-004	4.617192e+001
2.595680658929404e-004	4.617172e+001
2.600000000000000e-004	4.617068e+001
2.600011553167008e-004	4.617075e+001
2.600034659501024e-004	4.617083e+001
2.600073023780572e-004	4.617095e+001
2.600099032833497e-004	4.617102e+001
2.600123720663027e-004	4.617109e+001
2.600151160401102e-004	4.617115e+001
2.600180367986618e-004	4.617122e+001
2.600208216182367e-004	4.617128e+001
2.600237791227573e-004	4.617133e+001
2.600264913173415e-004	4.617138e+001
2.600291523886652e-004	4.617142e+001
2.600320210630728e-004	4.617146e+001
2.600347120585072e-004	4.617149e+001
2.600376712309663e-004	4.617153e+001
2.600403386429572e-004	4.617156e+001
2.600433976029121e-004	4.617159e+001
2.600459794746227e-004	4.617162e+001
2.600492058874707e-004	4.617165e+001
2.600517744236695e-004	4.617167e+001
2.600551777280653e-004	4.617169e+001
2.600579804751227e-004	4.617171e+001
2.600615066449452e-004	4.617173e+001
2.600648005395531e-004	4.617175e+001
2.600684561417339e-004	4.617177e+001
2.600721682557866e-004	4.617178e+001
2.600760720630439e-004	4.617180e+001
2.600801304362736e-004	4.617181e+001
2.600842816358172e-004	4.617183e+001
2.600889328507600e-004	4.617184e+001
2.600932368751142e-004	4.617185e+001
2.600984519824246e-004	4.617186e+001
2.601034022033852e-004	4.617188e+001
2.601093232832564e-004	4.617188e+001
2.601152717767575e-004	4.617189e+001
2.601223396066464e-004	4.617190e+001
2.601296138596524e-004	4.617191e+001
2.601384689193436e-004	4.617191e+001
2.601475180341652e-004	4.617192e+001
2.601589967272736e-004	4.617192e+001
2.601710576214771e-004	4.617192e+001
2.601869393776585e-004	4.617193e+001
2.602052091112513e-004	4.617193e+001
2.602321447809467e-004	4.617193e+001
2.602654936766456e-004	4.617193e+001
2.603264127295372e-004	4.617193e+001
2.604102985780795e-004	4.617193e+001
2.605780702751641e-004	4.617193e+001
2.660702655929978e-004	4.617193e+001
2.715624609108315e-004	4.617193e+001
2.770546562286653e-004	4.617193e+001
2.825468515464990e-004	4.617193e+001
2.880390468643326e-004	4.617193e+001
2.935312421821663e-004	4.617193e+001
2.990234375000000e-004	4.617193e+001
2.993412759153439e-004	4.617193e+001
2.994104176772487e-004	4.617193e+001
2.995026066931218e-004	4.617193e+001
2.996305135955261e-004	4.617193e+001
2.997441861951914e-004	4.617193e+001
2.998295920116248e-004	4.617193e+001
2.998861255780888e-004	4.617193e+001
2.998869328670721e-004	4.617193e+001
2.998885474450387e-004	4.617193e+001
2.998904243718345e-004	4.617193e+001
2.998924585001472e-004	4.617193e+001
2.998958364260174e-004	4.617193e+001
2.998996800177990e-004	4.617193e+001
2.999054579217984e-004	4.617193e+001
2.999133225185540e-004	4.617193e+001
2.999241563764831e-004	4.617193e+001
2.999616929222663e-004	4.617193e+001
2.999823466788080e-004	4.617193e+001
3.000000000000000e-004	4.617193e+001
3.000000388372170e-004	4.617193e+001
3.000001165116509e-004	4.617193e+001
3.000002026483504e-004	4.617193e+001
3.000003008800489e-004	4.617193e+001
3.000004973434459e-004	4.617194e+001
3.000008902702398e-004	4.617194e+001
3.000016022548595e-004	4.617194e+001
3.000025822060349e-004	4.617194e+001
3.000039905061743e-004	4.617195e+001
3.000058237854203e-004	4.617196e+001
3.000083125875328e-004	4.617196e+001
3.000115338158944e-004	4.617197e+001
3.000158747479028e-004	4.617199e+001
3.000216700610083e-004	4.617200e+001
3.000298572492776e-004	4.617201e+001
3.000418885037752e-004	4.617203e+001
3.000616621319542e-004	4.617204e+001
3.000995785494712e-004	4.617205e+001
3.001754113845052e-004	4.617206e+001
3.003270770545732e-004	4.617207e+001
3.006304083947093e-004	4.617207e+001
3.012370710749815e-004	4.617207e+001
3.022136335749815e-004	4.537197e+001
3.031901960749815e-004	4.267878e+001
3.032628902728351e-004	4.194461e+001
3.034082786685424e-004	3.874806e+001
3.035759496414449e-004	3.220992e+001
3.037887208142435e-004	1.936058e+001
3.039081429985583e-004	9.938246e+000
3.039696296422767e-004	4.693603e+000
3.040023631934549e-004	2.349902e+000
3.040304614025073e-004	8.825263e-001
3.040425151966847e-004	4.529684e-001
3.040483484422803e-004	3.402762e-001
3.040541287348513e-004	2.850780e-001
3.040607862520423e-004	2.457476e-001
3.040678520475912e-004	2.201583e-001
3.040773919329997e-004	1.998486e-001
3.040869769171605e-004	1.885080e-001
3.041014035632667e-004	1.798691e-001
3.041151532281353e-004	1.758348e-001
3.041402530005583e-004	1.724064e-001
3.041631980337855e-004	1.704988e-001
3.042090881002399e-004	1.676271e-001
3.042644701400960e-004	1.645112e-001
3.043752342198081e-004	1.591007e-001
3.045967623792323e-004	1.504025e-001
3.050000000000000e-004	1.375414e-001
3.050403237620768e-004	1.373420e-001
3.051209712862304e-004	1.371855e-001
3.052822663345375e-004	1.371619e-001
3.055559905925451e-004	1.371677e-001
3.060485036963918e-004	1.371651e-001
3.070250661963918e-004	1.371660e-001
3.080016286963918e-004	1.371659e-001
3.089781911963918e-004	1.371660e-001
3.099547536963918e-004	1.371659e-001
3.109313161963918e-004	1.371660e-001
3.119078786963918e-004	1.371659e-001
3.128844411963918e-004	1.371660e-001
3.138610036963918e-004	1.371659e-001
3.148375661963918e-004	1.371660e-001
3.158141286963918e-004	1.371659e-001
3.167906911963918e-004	1.371660e-001
3.177672536963918e-004	1.371659e-001
3.187438161963918e-004	1.371660e-001
3.197203786963918e-004	1.371659e-001
3.206969411963918e-004	1.371659e-001
3.216735036963918e-004	1.371659e-001
3.226500661963918e-004	1.371659e-001
3.236266286963918e-004	1.371659e-001
3.246031911963918e-004	1.371659e-001
3.255797536963918e-004	1.371659e-001
3.265563161963918e-004	1.371659e-001
3.275328786963918e-004	1.371659e-001
3.285094411963918e-004	1.371659e-001
3.294860036963918e-004	1.371659e-001
3.304625661963918e-004	1.371659e-001
3.314391286963918e-004	1.371659e-001
3.324156911963918e-004	1.371659e-001
3.333922536963918e-004	1.371659e-001
3.343688161963918e-004	1.371659e-001
3.353453786963918e-004	1.371659e-001
3.363219411963918e-004	1.371659e-001
3.372985036963918e-004	1.371659e-001
3.382750661963918e-004	1.371659e-001
3.392516286963918e-004	1.371659e-001
3.402281911963918e-004	1.371659e-001
3.412047536963918e-004	1.371659e-001
3.421813161963918e-004	1.371659e-001
3.431578786963918e-004	1.371659e-001
3.441344411963918e-004	1.371659e-001
3.451110036963918e-004	1.371659e-001
3.460875661963918e-004	1.371659e-001
3.470641286963918e-004	1.371659e-001
3.480406911963918e-004	1.371659e-001
3.490172536963918e-004	1.371659e-001
3.499938161963918e-004	1.371659e-001
3.509703786963918e-004	1.371659e-001
3.519469411963918e-004	1.371659e-001
3.529235036963918e-004	1.371659e-001
3.539000661963918e-004	1.371658e-001
3.540234375000001e-004	1.371658e-001
3.542701801072165e-004	1.371659e-001
3.545065147855671e-004	1.371661e-001
3.545273306432989e-004	1.371661e-001
3.545689623587623e-004	1.371660e-001
3.546522257896893e-004	1.371659e-001
3.548187526515431e-004	1.371659e-001
3.550000000000000e-004	1.371660e-001
3.550181247348457e-004	1.374190e-001
3.550543742045371e-004	1.381375e-001
3.551268731439199e-004	1.399819e-001
3.552718710226855e-004	1.442797e-001
3.554852775999887e-004	1.524986e-001
3.559120907545953e-004	1.767564e-001
3.562410493316631e-004	2.073796e-001
3.564412688859030e-004	2.390372e-001
3.565611380339609e-004	2.698552e-001
3.566422831788537e-004	3.023473e-001
3.567045462489704e-004	3.404936e-001
3.567498025935800e-004	3.849771e-001
3.567875454932471e-004	4.532267e-001
3.568237827328936e-004	5.765995e-001
3.568651061434326e-004	8.239563e-001
3.569334959386101e-004	1.459502e+000
3.569887290200415e-004	2.212815e+000
3.570242764868814e-004	2.919785e+000
3.570618182291741e-004	3.925153e+000
3.571041880368501e-004	5.347821e+000
3.571772943380446e-004	8.277424e+000
3.572520139027323e-004	1.178534e+001
3.573864554903447e-004	1.900721e+001
3.575730989986751e-004	2.963437e+001
3.577908188828114e-004	4.074411e+001
3.579361533093865e-004	4.497270e+001
3.581076869350529e-004	4.616180e+001
3.582493880766161e-004	4.617845e+001
3.584008001537377e-004	4.616855e+001
3.586224361265150e-004	4.617232e+001
3.588612350523095e-004	4.617140e+001
3.592073851572795e-004	4.617188e+001
3.595795467249553e-004	4.617174e+001
3.600000000000000e-004	4.617096e+001
3.600011738597838e-004	4.617103e+001
3.600035215793512e-004	4.617111e+001
3.600070739302913e-004	4.617119e+001
3.600097781847097e-004	4.617125e+001
3.600123039782723e-004	4.617130e+001
3.600150494414853e-004	4.617135e+001
3.600179663921887e-004	4.617139e+001
3.600206891589907e-004	4.617144e+001
3.600232897065446e-004	4.617147e+001
3.600260744914526e-004	4.617151e+001
3.600286340316415e-004	4.617154e+001
3.600314443220677e-004	4.617157e+001
3.600338766835868e-004	4.617160e+001
3.600366868149041e-004	4.617162e+001
3.600388947519702e-004	4.617164e+001
3.600417079712745e-004	4.617167e+001
3.600437246503422e-004	4.617168e+001
3.600464761246343e-004	4.617170e+001
3.600485714308882e-004	4.617171e+001
3.600511353048780e-004	4.617173e+001
3.600533550828247e-004	4.617174e+001
3.600557827407843e-004	4.617176e+001
3.600580683235904e-004	4.617176e+001
3.600604573272698e-004	4.617178e+001
3.600628196923620e-004	4.617179e+001
3.600652345529528e-004	4.617180e+001
3.600679203225703e-004	4.617181e+001
3.600703935734061e-004	4.617182e+001
3.600732954048706e-004	4.617183e+001
3.600759640595721e-004	4.617183e+001
3.600790035370419e-004	4.617184e+001
3.600819897011927e-004	4.617185e+001
3.600854354726313e-004	4.617186e+001
3.600889911054412e-004	4.617186e+001
3.600931819909942e-004	4.617187e+001
3.600976486821154e-004	4.617188e+001
3.601030642556262e-004	4.617189e+001
3.601089214711425e-004	4.617189e+001
3.601162837351912e-004	4.617190e+001
3.601241902409990e-004	4.617191e+001
3.601346641785626e-004	4.617191e+001
3.601454779635246e-004	4.617192e+001
3.601610562650840e-004	4.617192e+001
3.601758773199258e-004	4.617193e+001
3.601973782568700e-004	4.617193e+001
3.602183023318131e-004	4.617193e+001
3.602519832296460e-004	4.617193e+001
3.602875842987707e-004	4.617193e+001
3.603490023331302e-004	4.617193e+001
3.604285155349371e-004	4.617193e+001
3.605800616690219e-004	4.617193e+001
3.990234375000000e-004	4.617193e+001
4.000000000000000e-004	4.617193e+001
4.000021484391322e-004	4.617194e+001
4.000064453173966e-004	4.617196e+001
4.000150390739253e-004	4.617198e+001
4.000207113777754e-004	4.617200e+001
4.000272437560565e-004	4.617201e+001
4.000363053574351e-004	4.617202e+001
4.000544285601923e-004	4.617204e+001
4.000862191852171e-004	4.617205e+001
4.001498004352666e-004	4.617206e+001
4.002769629353655e-004	4.617207e+001
4.005312879355634e-004	4.617207e+001
4.010399379359593e-004	4.617207e+001
4.020165004359593e-004	4.587305e+001
4.029930629359593e-004	4.351021e+001
4.033666798526518e-004	3.866906e+001
4.036130339865217e-004	3.023651e+001
4.037706420404951e-004	2.086189e+001
4.038954821069123e-004	1.096916e+001
4.039591749167417e-004	5.477742e+000
4.039943507993013e-004	2.811928e+000
4.040223278343480e-004	1.222029e+000
4.040384114504116e-004	5.559964e-001
4.040458428993951e-004	3.739396e-001
4.040534830472463e-004	2.869508e-001
4.040586176608244e-004	2.529984e-001
4.040654756246073e-004	2.252917e-001
4.040723545455676e-004	2.073876e-001
4.040805535930197e-004	1.943474e-001
4.040898322428881e-004	1.855536e-001
4.041004043249450e-004	1.799522e-001
4.041154089353422e-004	1.756652e-001
4.041295400871432e-004	1.734763e-001
4.041578023907450e-004	1.709342e-001
4.041858698356516e-004	1.690201e-001
4.042420047254648e-004	1.657491e-001
4.043272879024814e-004	1.613235e-001
4.044978542565144e-004	1.537029e-001
4.046588672919340e-004	1.474094e-001
4.046779739291609e-004	1.467438e-001
4.047161872036147e-004	1.455172e-001
4.047926137525223e-004	1.431982e-001
4.048863306797177e-004	1.405666e-001
4.050000000000000e-004	1.373280e-001
4.050113669320283e-004	1.373506e-001
4.050341007960847e-004	1.372678e-001
4.050795685241976e-004	1.371741e-001
4.051386115584344e-004	1.371643e-001
4.052566976269077e-004	1.371662e-001
4.054928697638546e-004	1.371658e-001
4.059652140377482e-004	1.371660e-001
4.069099025855355e-004	1.371659e-001
4.078864650855355e-004	1.371659e-001
4.088630275855355e-004	1.371659e-001
4.098395900855355e-004	1.371659e-001
4.108161525855355e-004	1.371659e-001
4.117927150855355e-004	1.371659e-001
4.127692775855355e-004	1.371659e-001
4.137458400855355e-004	1.371659e-001
4.147224025855355e-004	1.371659e-001
4.156989650855355e-004	1.371659e-001
4.166755275855355e-004	1.371659e-001
4.176520900855355e-004	1.371659e-001
4.186286525855355e-004	1.371659e-001
4.196052150855355e-004	1.371659e-001
4.205817775855355e-004	1.371659e-001
4.215583400855355e-004	1.371659e-001
4.225349025855355e-004	1.371659e-001
4.235114650855355e-004	1.371659e-001
4.244880275855355e-004	1.371659e-001
4.254645900855355e-004	1.371659e-001
4.264411525855355e-004	1.371659e-001
4.274177150855355e-004	1.371659e-001
4.283942775855355e-004	1.371659e-001
4.293708400855355e-004	1.371659e-001
4.303474025855355e-004	1.371659e-001
4.313239650855355e-004	1.371659e-001
4.323005275855355e-004	1.371659e-001
4.332770900855355e-004	1.371659e-001
4.342536525855355e-004	1.371659e-001
4.352302150855355e-004	1.371659e-001
4.362067775855355e-004	1.371659e-001
4.371833400855355e-004	1.371659e-001
4.381599025855355e-004	1.371659e-001
4.391364650855355e-004	1.371659e-001
4.401130275855355e-004	1.371659e-001
4.410895900855355e-004	1.371659e-001
4.420661525855355e-004	1.371659e-001
4.430427150855355e-004	1.371659e-001
4.440192775855355e-004	1.371659e-001
4.449958400855355e-004	1.371659e-001
4.459724025855355e-004	1.371659e-001
4.469489650855355e-004	1.371659e-001
4.479255275855355e-004	1.371659e-001
4.489020900855355e-004	1.371659e-001
4.498786525855355e-004	1.371659e-001
4.508552150855355e-004	1.371659e-001
4.528083400855355e-004	1.371659e-001
4.537849025855355e-004	1.371659e-001
4.540234375000001e-004	1.371659e-001
4.545005073289292e-004	1.371659e-001
4.550000000000000e-004	1.371652e-001
4.550499492671071e-004	1.381629e-001
4.551498478013213e-004	1.406799e-001
4.553496448697496e-004	1.470782e-001
4.556605451079037e-004	1.610873e-001
4.560836490357501e-004	1.919249e-001
4.563919580522256e-004	2.309996e-001
4.565423715878831e-004	2.648849e-001
4.566373486844581e-004	3.000250e-001
4.566969766108387e-004	3.348105e-001
4.567461184348104e-004	3.806124e-001
4.567841510666881e-004	4.451659e-001
4.568200593389235e-004	5.616962e-001
4.568623188364749e-004	8.049605e-001
4.569281685239438e-004	1.400403e+000
4.569862499375755e-004	2.174055e+000
4.570225889839650e-004	2.883923e+000
4.570610443426189e-004	3.903054e+000
4.571023262891819e-004	5.279721e+000
4.571746355123364e-004	8.162205e+000
4.572487623617212e-004	1.162391e+001
4.573805575154770e-004	1.867669e+001
4.575664568044159e-004	2.927366e+001
4.577829142578145e-004	4.047406e+001
4.579268044435858e-004	4.482777e+001
4.581000606928389e-004	4.615408e+001
4.582400692739578e-004	4.618259e+001
4.583923166967096e-004	4.616685e+001
4.586003943835312e-004	4.617283e+001
4.588410204054858e-004	4.617117e+001
4.591969083851823e-004	4.617189e+001
4.595451379924090e-004	4.617167e+001
4.600000000000000e-004	4.617053e+001
4.600011985686253e-004	4.617061e+001
4.600035957058759e-004	4.617072e+001
4.600073777636858e-004	4.617085e+001
4.600100057940312e-004	4.617093e+001
4.600124946793013e-004	4.617100e+001
4.600152372263870e-004	4.617107e+001
4.600181795743053e-004	4.617114e+001
4.600209418491589e-004	4.617120e+001
4.600236167733363e-004	4.617126e+001
4.600264445152951e-004	4.617131e+001
4.600291314941229e-004	4.617136e+001
4.600320175703007e-004	4.617141e+001
4.600346558778773e-004	4.617144e+001
4.600376032322358e-004	4.617149e+001
4.600401502808847e-004	4.617152e+001
4.600431997344497e-004	4.617155e+001
4.600455522075669e-004	4.617158e+001
4.600487662659774e-004	4.617161e+001
4.600512587108742e-004	4.617163e+001
4.600545114691560e-004	4.617166e+001
4.600573317315374e-004	4.617168e+001
4.600606228565468e-004	4.617170e+001
4.600638107437812e-004	4.617172e+001
4.600672309002995e-004	4.617174e+001
4.600707361720468e-004	4.617176e+001
4.600743600791976e-004	4.617178e+001
4.600781218020029e-004	4.617179e+001
4.600819435728814e-004	4.617181e+001
4.600861286254837e-004	4.617182e+001
4.600900363297350e-004	4.617183e+001
4.600943163040741e-004	4.617184e+001
4.600984557495341e-004	4.617186e+001
4.601030458928365e-004	4.617187e+001
4.601076542150594e-004	4.617188e+001
4.601128253249631e-004	4.617188e+001
4.601181641972509e-004	4.617189e+001
4.601242778440720e-004	4.617190e+001
4.601306747362012e-004	4.617190e+001
4.601382106306583e-004	4.617191e+001
4.601461000191728e-004	4.617191e+001
4.601557149299502e-004	4.617192e+001
4.601656776778319e-004	4.617192e+001
4.601782882483471e-004	4.617192e+001
4.601911173047922e-004	4.617193e+001
4.602079804666318e-004	4.617193e+001
4.602259546365706e-004	4.617193e+001
4.602503571506933e-004	4.617193e+001
4.602796746901049e-004	4.617193e+001
4.603239007009077e-004	4.617193e+001
4.603841262956602e-004	4.617193e+001
4.604923080660646e-004	4.617193e+001
4.606750506256684e-004	4.617193e+001
4.627848121053289e-004	4.617193e+001
4.648945735849894e-004	4.617193e+001
4.670043350646499e-004	4.617193e+001
4.691140965443103e-004	4.617193e+001
4.712238580239708e-004	4.617193e+001
4.733336195036313e-004	4.617193e+001
4.754433809832918e-004	4.617193e+001
4.996722207326685e-004	4.617193e+001
5.000000000000000e-004	4.617193e+001
5.000007211148909e-004	4.617194e+001
5.000021633446726e-004	4.617194e+001
5.000035469352335e-004	4.617195e+001
5.000048378961468e-004	4.617195e+001
5.000072098257714e-004	4.617196e+001
5.000098684759495e-004	4.617197e+001
5.000139425947364e-004	4.617198e+001
5.000187633274308e-004	4.617199e+001
5.000260570133981e-004	4.617200e+001
5.000357518799801e-004	4.617202e+001
5.000518719801882e-004	4.617203e+001
5.000788159561508e-004	4.617205e+001
5.001327039080760e-004	4.617206e+001
5.002404798119263e-004	4.617207e+001
5.004560316196270e-004	4.617207e+001
5.008871352350285e-004	4.617207e+001
5.017493424658313e-004	4.613989e+001
5.027259049658313e-004	4.549353e+001
5.030898188657015e-004	4.385699e+001
5.033302188982892e-004	4.062944e+001
5.035047352974066e-004	3.563051e+001
5.036798411744165e-004	2.706114e+001
5.038282437049761e-004	1.673711e+001
5.039338653931428e-004	7.859215e+000
5.039835437097791e-004	3.728989e+000
5.040112213374683e-004	1.936049e+000
5.040411468445771e-004	5.930769e-001
5.040506785865259e-004	3.534000e-001
5.040607145818889e-004	2.580968e-001
5.040662672723722e-004	2.305508e-001
5.040735377197994e-004	2.100728e-001
5.040810796724614e-004	1.965625e-001
5.040893898574304e-004	1.876260e-001
5.041001982323049e-004	1.808184e-001
5.041105580880041e-004	1.771553e-001
5.041276919882643e-004	1.738893e-001
5.041438606576849e-004	1.720609e-001
5.041735231524667e-004	1.698415e-001
5.042084273761279e-004	1.676560e-001
5.042732766361621e-004	1.640489e-001
5.043830792229808e-004	1.587183e-001
5.046026843966182e-004	1.501647e-001
5.050000000000000e-004	1.379246e-001
5.050397315603382e-004	1.374687e-001
5.051191946810146e-004	1.371853e-001
5.052781209223673e-004	1.371649e-001
5.054273950891453e-004	1.371692e-001
5.057259434227015e-004	1.371648e-001
5.063230400898137e-004	1.371663e-001
5.072996025898137e-004	1.371659e-001
5.082761650898137e-004	1.371660e-001
5.092527275898137e-004	1.371659e-001
5.102292900898137e-004	1.371660e-001
5.112058525898137e-004	1.371659e-001
5.121824150898137e-004	1.371659e-001
5.131589775898137e-004	1.371659e-001
5.141355400898137e-004	1.371660e-001
5.151121025898137e-004	1.371659e-001
5.160886650898137e-004	1.371659e-001
5.170652275898137e-004	1.371659e-001
5.180417900898137e-004	1.371659e-001
5.190183525898137e-004	1.371659e-001
5.199949150898137e-004	1.371659e-001
5.209714775898137e-004	1.371659e-001
5.219480400898137e-004	1.371659e-001
5.229246025898137e-004	1.371659e-001
5.239011650898137e-004	1.371659e-001
5.248777275898137e-004	1.371659e-001
5.258542900898137e-004	1.371659e-001
5.268308525898137e-004	1.371659e-001
5.278074150898137e-004	1.371659e-001
5.287839775898137e-004	1.371659e-001
5.297605400898137e-004	1.371659e-001
5.307371025898137e-004	1.371659e-001
5.317136650898137e-004	1.371659e-001
5.326902275898137e-004	1.371659e-001
5.336667900898137e-004	1.371659e-001
5.346433525898137e-004	1.371659e-001
5.356199150898137e-004	1.371659e-001
5.365964775898137e-004	1.371659e-001
5.375730400898137e-004	1.371659e-001
5.385496025898137e-004	1.371659e-001
5.395261650898137e-004	1.371659e-001
5.405027275898137e-004	1.371659e-001
5.414792900898137e-004	1.371659e-001
5.424558525898137e-004	1.371659e-001
5.434324150898137e-004	1.371659e-001
5.444089775898137e-004	1.371659e-001
5.453855400898137e-004	1.371659e-001
5.463621025898137e-004	1.371659e-001
5.473386650898137e-004	1.371659e-001
5.483152275898137e-004	1.371659e-001
5.492917900898137e-004	1.371659e-001
5.502683525898137e-004	1.371659e-001
5.512449150898137e-004	1.371659e-001
5.522214775898137e-004	1.371659e-001
5.531980400898137e-004	1.371659e-001
5.540234375000001e-004	1.371659e-001
5.550000000000001e-004	1.371652e-001
5.550976562500000e-004	1.394356e-001
5.552929687500000e-004	1.453778e-001
5.556835937500000e-004	1.637783e-001
5.561986205090465e-004	2.047974e-001
5.564465926475669e-004	2.422189e-001
5.565912964869393e-004	2.824350e-001
5.566790371343610e-004	3.239554e-001
5.567341106793119e-004	3.676054e-001
5.567755210975859e-004	4.274798e-001
5.568116074603526e-004	5.320247e-001
5.568582852065227e-004	7.753527e-001
5.569127632250554e-004	1.232929e+000
5.569771791852956e-004	2.031838e+000
5.570155935312054e-004	2.730137e+000
5.570537057637153e-004	3.687918e+000
5.570924416745606e-004	4.939960e+000
5.571699134962510e-004	7.964659e+000
5.572397893884286e-004	1.117207e+001
5.573630153578940e-004	1.769650e+001
5.575445548103547e-004	2.805868e+001
5.577598461174896e-004	3.958526e+001
5.579025610073371e-004	4.435659e+001
5.580828908619145e-004	4.612492e+001
5.582175097295648e-004	4.619587e+001
5.583763052380700e-004	4.616345e+001
5.585561709707976e-004	4.617508e+001
5.588077741111589e-004	4.617044e+001
5.592419661288563e-004	4.616897e+001
5.592850012303770e-004	4.616949e+001
5.593710714334183e-004	4.617146e+001
5.595432118395010e-004	4.617180e+001
5.596557191878347e-004	4.617179e+001
5.597749853033328e-004	4.617180e+001
5.600000000000001e-004	4.617178e+001
5.600005254618204e-004	4.617180e+001
5.600015763854610e-004	4.617181e+001
5.600036782327422e-004	4.617182e+001
5.600063251661026e-004	4.617183e+001
5.600089768658542e-004	4.617183e+001
5.600119365773514e-004	4.617184e+001
5.600146848004927e-004	4.617185e+001
5.600174876621281e-004	4.617186e+001
5.600202757073489e-004	4.617186e+001
5.600230072719289e-004	4.617187e+001
5.600259206217821e-004	4.617188e+001
5.600285453355128e-004	4.617188e+001
5.600310123146491e-004	4.617188e+001
5.600337420639658e-004	4.617189e+001
5.600361029491355e-004	4.617189e+001
5.600388215302999e-004	4.617189e+001
5.600409548654522e-004	4.617189e+001
5.600435948921404e-004	4.617190e+001
5.600455413308999e-004	4.617190e+001
5.600479873669011e-004	4.617190e+001
5.600498598011790e-004	4.617190e+001
5.600520043858552e-004	4.617191e+001
5.600537473629157e-004	4.617191e+001
5.600556628855592e-004	4.617191e+001
5.600575971254574e-004	4.617191e+001
5.600595937371225e-004	4.617191e+001
5.600619381943724e-004	4.617191e+001
5.600643257297226e-004	4.617191e+001
5.600676933667536e-004	4.617192e+001
5.600707690460803e-004	4.617192e+001
5.600750619243167e-004	4.617192e+001
5.600794959632917e-004	4.617192e+001
5.600857924214465e-004	4.617192e+001
5.600922154992507e-004	4.617192e+001
5.601030318410237e-004	4.617192e+001
5.601132042225588e-004	4.617193e+001
5.601306356902082e-004	4.617193e+001
5.601526196668189e-004	4.617193e+001
5.601920469367722e-004	4.617193e+001
5.602520005149593e-004	4.617193e+001
5.603719076713334e-004	4.617193e+001
5.606096857103970e-004	4.617193e+001
5.610852417885241e-004	4.617193e+001
5.990234375000001e-004	4.617193e+001
6.000000000000001e-004	4.617193e+001
6.000021484391598e-004	4.617194e+001
6.000064453174792e-004	4.617196e+001
6.000150390741180e-004	4.617198e+001
6.000207114723073e-004	4.617200e+001
6.000272438136641e-004	4.617201e+001
6.000363054988549e-004	4.617202e+001
6.000544288692366e-004	4.617204e+001
6.000862199401388e-004	4.617205e+001
6.001498020819431e-004	4.617206e+001
6.002769663655518e-004	4.617207e+001
6.005312949327690e-004	4.617207e+001
6.010399520672036e-004	4.617207e+001
6.020165145672036e-004	4.587302e+001
6.029930770672036e-004	4.351004e+001
6.033666942426342e-004	3.866866e+001
6.036130453310397e-004	3.023593e+001
6.037706497595017e-004	2.086132e+001
6.038954892348395e-004	1.096852e+001
6.039591794659802e-004	5.477353e+000
6.039943539467178e-004	2.811714e+000
6.040223312355411e-004	1.221860e+000
6.040384125461642e-004	5.559543e-001
6.040458431611368e-004	3.739305e-001
6.040534829560900e-004	2.869511e-001
6.040586185423764e-004	2.529936e-001
6.040654761360595e-004	2.252896e-001
6.040723556181146e-004	2.073853e-001
6.040805549832278e-004	1.943456e-001
6.040898337993229e-004	1.855524e-001
6.041004068217962e-004	1.799512e-001
6.041154123148049e-004	1.756646e-001
6.041295449525319e-004	1.734757e-001
6.041578102279859e-004	1.709336e-001
6.041858808850775e-004	1.690194e-001
6.042420221992607e-004	1.657481e-001
6.043273202341429e-004	1.613219e-001
6.044979163039074e-004	1.537001e-001
6.046588078604711e-004	1.474119e-001
6.046782168868726e-004	1.467359e-001
6.047170349396756e-004	1.454909e-001
6.047946710452815e-004	1.431356e-001
6.048836115271616e-004	1.406382e-001
6.050000000000001e-004	1.373280e-001
6.050116388472839e-004	1.373488e-001
6.050349165418516e-004	1.372654e-001
6.050814719309870e-004	1.371732e-001
6.051420533230147e-004	1.371643e-001
6.052632161070701e-004	1.371662e-001
6.055055416751807e-004	1.371658e-001
6.059901928114022e-004	1.371660e-001
6.069594950838450e-004	1.371659e-001
6.079360575838450e-004	1.371659e-001
6.089126200838450e-004	1.371659e-001
6.098891825838450e-004	1.371659e-001
6.108657450838450e-004	1.371659e-001
6.118423075838450e-004	1.371659e-001
6.128188700838450e-004	1.371659e-001
6.137954325838450e-004	1.371659e-001
6.147719950838450e-004	1.371659e-001
6.157485575838450e-004	1.371659e-001
6.167251200838450e-004	1.371659e-001
6.177016825838450e-004	1.371659e-001
6.186782450838450e-004	1.371659e-001
6.196548075838450e-004	1.371659e-001
6.206313700838450e-004	1.371659e-001
6.216079325838450e-004	1.371659e-001
6.225844950838450e-004	1.371659e-001
6.235610575838450e-004	1.371659e-001
6.245376200838450e-004	1.371659e-001
6.255141825838450e-004	1.371659e-001
6.264907450838451e-004	1.371659e-001
6.274673075838451e-004	1.371659e-001
6.284438700838451e-004	1.371659e-001
6.294204325838451e-004	1.371659e-001
6.303969950838451e-004	1.371659e-001
6.313735575838451e-004	1.371659e-001
6.323501200838451e-004	1.371659e-001
6.333266825838451e-004	1.371659e-001
6.343032450838451e-004	1.371659e-001
6.352798075838451e-004	1.371659e-001
6.362563700838451e-004	1.371659e-001
6.372329325838451e-004	1.371659e-001
6.382094950838451e-004	1.371659e-001
6.391860575838451e-004	1.371659e-001
6.401626200838451e-004	1.371659e-001
6.411391825838451e-004	1.371659e-001
6.421157450838451e-004	1.371659e-001
6.430923075838451e-004	1.371659e-001
6.440688700838451e-004	1.371659e-001
6.450454325838451e-004	1.371659e-001
6.460219950838451e-004	1.371659e-001
6.469985575838451e-004	1.371659e-001
6.479751200838451e-004	1.371659e-001
6.489516825838451e-004	1.371659e-001
6.499282450838451e-004	1.371659e-001
6.509048075838451e-004	1.371659e-001
6.518813700838451e-004	1.371659e-001
6.528579325838451e-004	1.371659e-001
6.538344950838451e-004	1.371659e-001
6.540234375000001e-004	1.371659e-001
6.544013223323101e-004	1.371659e-001
6.550000000000001e-004	1.371652e-001
6.550598677667691e-004	1.384152e-001
6.551796033003071e-004	1.415623e-001
6.554190743673830e-004	1.497762e-001
6.557716510775781e-004	1.670176e-001
6.561273948451058e-004	1.950841e-001
6.563945851018989e-004	2.305543e-001
6.565337864991510e-004	2.615722e-001
6.566228735021615e-004	2.933457e-001
6.566908013384660e-004	3.304887e-001
6.567388215597815e-004	3.718869e-001
6.567782775944580e-004	4.323718e-001
6.568137425870058e-004	5.381619e-001
6.568581726905199e-004	7.758673e-001
6.569173230322644e-004	1.282964e+000
6.569805039810632e-004	2.084232e+000
6.570183789776026e-004	2.795707e+000
6.570595629834055e-004	3.861505e+000
6.570987302562017e-004	5.156082e+000
6.571770648017940e-004	8.272520e+000
6.572488730252252e-004	1.162301e+001
6.573810465841116e-004	1.870243e+001
6.575643258972740e-004	2.914751e+001
6.577834619035346e-004	4.047545e+001
6.579283435601393e-004	4.484417e+001
6.581015866855472e-004	4.615554e+001
6.582414590963486e-004	4.618208e+001
6.583939915767033e-004	4.616717e+001
6.586018412024011e-004	4.617276e+001
6.588396444076503e-004	4.617121e+001
6.591871429285755e-004	4.617192e+001
6.595622967730604e-004	4.617171e+001
6.600000000000001e-004	4.617062e+001
6.600011525049242e-004	4.617068e+001
6.600034575147722e-004	4.617077e+001
6.600072979573818e-004	4.617090e+001
6.600098986586617e-004	4.617097e+001
6.600123679995187e-004	4.617104e+001
6.600151137381123e-004	4.617111e+001
6.600180358810043e-004	4.617118e+001
6.600208253384788e-004	4.617124e+001
6.600237845292196e-004	4.617130e+001
6.600265049453156e-004	4.617134e+001
6.600291807123631e-004	4.617139e+001
6.600320593812293e-004	4.617143e+001
6.600347736560108e-004	4.617147e+001
6.600377499098413e-004	4.617151e+001
6.600404549255769e-004	4.617154e+001
6.600435440633500e-004	4.617157e+001
6.600461872460583e-004	4.617160e+001
6.600494643129919e-004	4.617163e+001
6.600521047181942e-004	4.617165e+001
6.600555979068451e-004	4.617168e+001
6.600585058578656e-004	4.617170e+001
6.600621618672241e-004	4.617173e+001
6.600655898150195e-004	4.617175e+001
6.600694200972271e-004	4.617176e+001
6.600733216691010e-004	4.617178e+001
6.600774315320854e-004	4.617180e+001
6.600817070488456e-004	4.617181e+001
6.600860841958289e-004	4.617183e+001
6.600909823892578e-004	4.617184e+001
6.600954968300266e-004	4.617185e+001
6.601009654907161e-004	4.617186e+001
6.601061249362043e-004	4.617188e+001
6.601122916929426e-004	4.617188e+001
6.601184417844494e-004	4.617189e+001
6.601257407879428e-004	4.617190e+001
6.601331936660474e-004	4.617191e+001
6.601422455451858e-004	4.617191e+001
6.601514337717124e-004	4.617192e+001
6.601630265202574e-004	4.617192e+001
6.601754246919046e-004	4.617192e+001
6.601917140084681e-004	4.617193e+001
6.602106908142496e-004	4.617193e+001
6.602389103336877e-004	4.617193e+001
6.602743236772224e-004	4.617193e+001
6.603399348549909e-004	4.617193e+001
6.604323240522775e-004	4.617193e+001
6.606171024468508e-004	4.617193e+001
6.994000168714195e-004	4.617193e+001
7.000000000000001e-004	4.617193e+001
7.000013199641661e-004	4.617194e+001
7.000039598924980e-004	4.617195e+001
7.000092397491619e-004	4.617197e+001
7.000134084010667e-004	4.617198e+001
7.000177889885219e-004	4.617199e+001
7.000237824302933e-004	4.617200e+001
7.000331518039009e-004	4.617202e+001
7.000473330941348e-004	4.617203e+001
7.000716606665862e-004	4.617205e+001
7.001203158114890e-004	4.617206e+001
7.002176261012945e-004	4.617207e+001
7.004122466809055e-004	4.617207e+001
7.008014878401275e-004	4.617207e+001
7.015799701585715e-004	4.617207e+001
7.025565326585715e-004	4.585947e+001
7.029593867521253e-004	4.482441e+001
7.032162226293808e-004	4.264541e+001
7.034043694645038e-004	3.895698e+001
7.035784628845860e-004	3.244988e+001
7.037587195551880e-004	2.196350e+001
7.038749233828015e-004	1.303138e+001
7.039457285083719e-004	6.838984e+000
7.039851726080512e-004	3.596208e+000
7.040118414049948e-004	1.884174e+000
7.040375786390430e-004	6.752217e-001
7.040473915434296e-004	3.978429e-001
7.040575290988453e-004	2.750148e-001
7.040626512173884e-004	2.433320e-001
7.040696493687274e-004	2.188494e-001
7.040769264051973e-004	2.025001e-001
7.040852290416106e-004	1.911858e-001
7.040948299027271e-004	1.834731e-001
7.041057133001777e-004	1.785955e-001
7.041213602121893e-004	1.748052e-001
7.041360002194983e-004	1.728298e-001
7.041652802341163e-004	1.704072e-001
7.041947647271099e-004	1.684719e-001
7.042537337130971e-004	1.650966e-001
7.043439122101028e-004	1.605124e-001
7.045242692041142e-004	1.525580e-001
7.046392860119772e-004	1.481938e-001
7.047699663842740e-004	1.440425e-001
7.050000000000000e-004	1.378589e-001
7.050230033615726e-004	1.374768e-001
7.050690100847178e-004	1.372095e-001
7.051610235310082e-004	1.371634e-001
7.052621953108950e-004	1.371680e-001
7.054645388706684e-004	1.371654e-001
7.058692259902154e-004	1.371662e-001
7.066786002293093e-004	1.371659e-001
7.076551627293093e-004	1.371659e-001
7.086317252293093e-004	1.371659e-001
7.096082877293093e-004	1.371659e-001
7.105848502293093e-004	1.371659e-001
7.115614127293093e-004	1.371659e-001
7.125379752293093e-004	1.371659e-001
7.135145377293093e-004	1.371659e-001
7.144911002293093e-004	1.371659e-001
7.154676627293093e-004	1.371659e-001
7.164442252293093e-004	1.371659e-001
7.174207877293093e-004	1.371659e-001
7.183973502293093e-004	1.371659e-001
7.193739127293093e-004	1.371659e-001
7.203504752293093e-004	1.371659e-001
7.213270377293093e-004	1.371659e-001
7.223036002293093e-004	1.371659e-001
7.232801627293093e-004	1.371659e-001
7.242567252293093e-004	1.371659e-001
7.252332877293093e-004	1.371659e-001
7.262098502293093e-004	1.371659e-001
7.271864127293093e-004	1.371659e-001
7.281629752293093e-004	1.371659e-001
7.291395377293093e-004	1.371659e-001
7.301161002293093e-004	1.371659e-001
7.310926627293093e-004	1.371659e-001
7.320692252293093e-004	1.371659e-001
7.330457877293093e-004	1.371659e-001
7.340223502293093e-004	1.371659e-001
7.349989127293093e-004	1.371659e-001
7.359754752293093e-004	1.371659e-001
7.369520377293093e-004	1.371659e-001
7.379286002293093e-004	1.371659e-001
7.389051627293093e-004	1.371659e-001
7.398817252293093e-004	1.371659e-001
7.408582877293093e-004	1.371659e-001
7.418348502293093e-004	1.371659e-001
7.428114127293093e-004	1.371659e-001
7.437879752293093e-004	1.371659e-001
7.447645377293093e-004	1.371659e-001
7.457411002293093e-004	1.371659e-001
7.467176627293093e-004	1.371659e-001
7.476942252293093e-004	1.371659e-001
7.486707877293093e-004	1.371659e-001
7.496473502293093e-004	1.371659e-001
7.506239127293093e-004	1.371659e-001
7.516004752293093e-004	1.371659e-001
7.525770377293093e-004	1.371659e-001
7.535536002293093e-004	1.371659e-001
7.540234375000000e-004	1.371659e-001
7.540603254586186e-004	1.371659e-001
7.541341013758557e-004	1.371659e-001
7.542816532103299e-004	1.371659e-001
7.545767568792783e-004	1.371659e-001
7.550000000000000e-004	1.371663e-001
7.550423243120723e-004	1.379744e-001
7.551269729362166e-004	1.400305e-001
7.552962701845052e-004	1.451848e-001
7.555754185751200e-004	1.572523e-001
7.560839941882264e-004	1.936041e-001
7.564208431444258e-004	2.381486e-001
7.565792319158806e-004	2.788284e-001
7.566780953649851e-004	3.245731e-001
7.567389106665301e-004	3.739628e-001
7.567812474960062e-004	4.405585e-001
7.568182382634961e-004	5.571132e-001
7.568631959280273e-004	8.125302e-001
7.569267539876709e-004	1.382472e+000
7.569844850176628e-004	2.144297e+000
7.570209381799576e-004	2.847996e+000
7.570597544179898e-004	3.866038e+000
7.571002305240608e-004	5.205594e+000
7.571720012622605e-004	8.049780e+000
7.572454457923305e-004	1.146038e+001
7.573743928049891e-004	1.833320e+001
7.575595635083915e-004	2.889721e+001
7.577747324105352e-004	4.017904e+001
7.579175269950199e-004	4.466702e+001
7.580929723476379e-004	4.614455e+001
7.582312709293174e-004	4.618708e+001
7.583850527749878e-004	4.616529e+001
7.585817959147319e-004	4.617351e+001
7.588260457391646e-004	4.617092e+001
7.592015952749010e-004	4.617175e+001
7.594873283572494e-004	4.617146e+001
7.600000000000000e-004	4.617015e+001
7.600011658103002e-004	4.617023e+001
7.600034974309007e-004	4.617036e+001
7.600071508201142e-004	4.617052e+001
7.600098378895426e-004	4.617063e+001
7.600123645398018e-004	4.617072e+001
7.600151266114373e-004	4.617082e+001
7.600180710179770e-004	4.617091e+001
7.600208485767638e-004	4.617099e+001
7.600235485104019e-004	4.617106e+001
7.600264042055047e-004	4.617113e+001
7.600291293767069e-004	4.617119e+001
7.600320640235969e-004	4.617125e+001
7.600347689058892e-004	4.617130e+001
7.600378001929015e-004	4.617136e+001
7.600404544017363e-004	4.617140e+001
7.600436434229843e-004	4.617145e+001
7.600461847625231e-004	4.617148e+001
7.600496075746273e-004	4.617152e+001
7.600523784737596e-004	4.617155e+001
7.600559394570219e-004	4.617159e+001
7.600591348710063e-004	4.617162e+001
7.600628531185771e-004	4.617166e+001
7.600665515764279e-004	4.617168e+001
7.600705054090696e-004	4.617171e+001
7.600746134953962e-004	4.617174e+001
7.600788514600333e-004	4.617176e+001
7.600832196292746e-004	4.617178e+001
7.600876537351865e-004	4.617180e+001
7.600923930457008e-004	4.617181e+001
7.600967864823725e-004	4.617183e+001
7.601014471392640e-004	4.617184e+001
7.601057555096890e-004	4.617185e+001
7.601104123361696e-004	4.617186e+001
7.601149050100474e-004	4.617187e+001
7.601197561547359e-004	4.617188e+001
7.601246306156266e-004	4.617189e+001
7.601299504367931e-004	4.617189e+001
7.601354263434273e-004	4.617190e+001
7.601415327110507e-004	4.617191e+001
7.601479013099868e-004	4.617191e+001
7.601551811279963e-004	4.617191e+001
7.601628266744042e-004	4.617192e+001
7.601717866531752e-004	4.617192e+001
7.601812130835127e-004	4.617192e+001
7.601925398932183e-004	4.617192e+001
7.602044203456953e-004	4.617193e+001
7.602190348259317e-004	4.617193e+001
7.602354810738868e-004	4.617193e+001
7.602567637368853e-004	4.617193e+001
7.602831234099376e-004	4.617193e+001
7.603215732376510e-004	4.617193e+001
7.603750308828095e-004	4.617193e+001
7.604685471329225e-004	4.617193e+001
7.606268435094753e-004	4.617193e+001
7.609434362625810e-004	4.617193e+001
7.990234375000000e-004	4.617193e+001
7.993966379248300e-004	4.617193e+001
7.997139224510203e-004	4.617193e+001
8.000000000000000e-004	4.617193e+001
8.000006293716823e-004	4.617194e+001
8.000018881150467e-004	4.617194e+001
8.000030506279970e-004	4.617194e+001
8.000041482298751e-004	4.617195e+001
8.000063222244782e-004	4.617196e+001
8.000086977814394e-004	4.617197e+001
8.000124034707732e-004	4.617197e+001
8.000166880097884e-004	4.617199e+001
8.000231796621478e-004	4.617200e+001
8.000315542280635e-004	4.617202e+001
8.000451325561243e-004	4.617203e+001
8.000664466584668e-004	4.617204e+001
8.001090748631519e-004	4.617205e+001
8.001943312725223e-004	4.617206e+001
8.003648440912628e-004	4.617207e+001
8.007058697287441e-004	4.617207e+001
8.013879210037065e-004	4.617207e+001
8.023644835037066e-004	4.577239e+001
8.030236309759225e-004	4.374686e+001
8.033483003383909e-004	3.969760e+001
8.035560893854896e-004	3.324773e+001
8.037265960935189e-004	2.411740e+001
8.038464404607834e-004	1.530762e+001
8.039284632934739e-004	8.242661e+000
8.039739978314339e-004	4.344955e+000
8.040018325747254e-004	2.395991e+000
8.040304852712622e-004	9.089268e-001
8.040427086605543e-004	4.625606e-001
8.040484396954464e-004	3.471918e-001
8.040543671193496e-004	2.884698e-001
8.040611218203788e-004	2.471511e-001
8.040679352167738e-004	2.217276e-001
8.040776516498160e-004	2.004028e-001
8.040868006009526e-004	1.890233e-001
8.040996599748726e-004	1.807743e-001
8.041133203110645e-004	1.763366e-001
8.041345229994732e-004	1.730115e-001
8.041569776644984e-004	1.709820e-001
8.042018869945488e-004	1.680555e-001
8.042487468617284e-004	1.653542e-001
8.043424665960876e-004	1.606054e-001
8.045299060648060e-004	1.523010e-001
8.046251210625632e-004	1.487147e-001
8.048155510580776e-004	1.427277e-001
8.050000000000001e-004	1.375238e-001
8.050184448941922e-004	1.373810e-001
8.050553346825767e-004	1.372249e-001
8.051291142593457e-004	1.371632e-001
8.052766734128837e-004	1.371664e-001
8.054958916000137e-004	1.371657e-001
8.059343279742737e-004	1.371660e-001
8.068112007227938e-004	1.371659e-001
8.077877632227938e-004	1.371659e-001
8.087643257227938e-004	1.371659e-001
8.097408882227938e-004	1.371659e-001
8.107174507227938e-004	1.371659e-001
8.116940132227938e-004	1.371659e-001
8.126705757227938e-004	1.371659e-001
8.136471382227938e-004	1.371659e-001
8.146237007227938e-004	1.371659e-001
8.156002632227938e-004	1.371659e-001
8.165768257227938e-004	1.371659e-001
8.175533882227938e-004	1.371659e-001
8.185299507227938e-004	1.371659e-001
8.195065132227938e-004	1.371659e-001
8.204830757227938e-004	1.371659e-001
8.214596382227938e-004	1.371659e-001
8.224362007227938e-004	1.371659e-001
8.234127632227938e-004	1.371659e-001
8.243893257227938e-004	1.371659e-001
8.253658882227938e-004	1.371659e-001
8.263424507227938e-004	1.371659e-001
8.273190132227938e-004	1.371659e-001
8.282955757227938e-004	1.371659e-001
8.292721382227938e-004	1.371659e-001
8.302487007227938e-004	1.371659e-001
8.312252632227938e-004	1.371659e-001
8.322018257227938e-004	1.371659e-001
8.331783882227938e-004	1.371659e-001
8.341549507227938e-004	1.371659e-001
8.351315132227938e-004	1.371659e-001
8.361080757227938e-004	1.371659e-001
8.370846382227938e-004	1.371659e-001
8.380612007227938e-004	1.371659e-001
8.390377632227938e-004	1.371659e-001
8.400143257227938e-004	1.371659e-001
8.409908882227938e-004	1.371659e-001
8.419674507227938e-004	1.371659e-001
8.429440132227938e-004	1.371659e-001
8.439205757227938e-004	1.371659e-001
8.448971382227938e-004	1.371659e-001
8.458737007227938e-004	1.371659e-001
8.468502632227938e-004	1.371659e-001
8.478268257227938e-004	1.371659e-001
8.488033882227938e-004	1.371659e-001
8.497799507227938e-004	1.371659e-001
8.507565132227938e-004	1.371659e-001
8.517330757227938e-004	1.371659e-001
8.527096382227938e-004	1.371659e-001
8.536862007227938e-004	1.371659e-001
8.540234375000001e-004	1.371659e-001
8.543255264455876e-004	1.371659e-001
8.543958221088250e-004	1.371659e-001
8.545364134352998e-004	1.371659e-001
8.547188173470505e-004	1.371659e-001
8.550000000000001e-004	1.371658e-001
8.550281182652950e-004	1.376375e-001
8.550843547958849e-004	1.388858e-001
8.551968278570648e-004	1.420059e-001
8.554185830657084e-004	1.496077e-001
8.557385468067094e-004	1.653250e-001
8.561462376477329e-004	1.973257e-001
8.563973835953102e-004	2.309517e-001
8.565366372862124e-004	2.623844e-001
8.566243210135064e-004	2.940747e-001
8.566934880627323e-004	3.324282e-001
8.567405412561454e-004	3.738030e-001
8.567799192917039e-004	4.358997e-001
8.568154553351036e-004	5.442864e-001
8.568591601660667e-004	7.839319e-001
8.569218453489763e-004	1.332238e+000
8.569831822265513e-004	2.126438e+000
8.570204362380134e-004	2.839032e+000
8.570604429249221e-004	3.886672e+000
8.571005361617908e-004	5.214560e+000
8.571725913553197e-004	8.074305e+000
8.572461427400471e-004	1.149385e+001
8.573758393209854e-004	1.841284e+001
8.575608824881769e-004	2.896774e+001
8.577766058153470e-004	4.024581e+001
8.579197084971912e-004	4.470529e+001
8.580946272603502e-004	4.614697e+001
8.582332858644098e-004	4.618602e+001
8.583866954976907e-004	4.616565e+001
8.585857079861223e-004	4.617334e+001
8.588286768914817e-004	4.617098e+001
8.591977347426384e-004	4.617181e+001
8.595054012532497e-004	4.617154e+001
8.600000000000001e-004	4.617023e+001
8.600012045442384e-004	4.617031e+001
8.600036136327152e-004	4.617043e+001
8.600075329602749e-004	4.617060e+001
8.600101183932986e-004	4.617070e+001
8.600125868509374e-004	4.617078e+001
8.600153309254755e-004	4.617087e+001
8.600182888938379e-004	4.617096e+001
8.600210821212029e-004	4.617104e+001
8.600240945997313e-004	4.617111e+001
8.600268257034245e-004	4.617117e+001
8.600295249015569e-004	4.617123e+001
8.600324547749700e-004	4.617129e+001
8.600352245428161e-004	4.617134e+001
8.600382927309786e-004	4.617139e+001
8.600410976097654e-004	4.617143e+001
8.600443361843881e-004	4.617148e+001
8.600471261688968e-004	4.617151e+001
8.600506418823651e-004	4.617155e+001
8.600535824223063e-004	4.617159e+001
8.600573959287628e-004	4.617162e+001
8.600607321940330e-004	4.617165e+001
8.600648387665645e-004	4.617168e+001
8.600688492447189e-004	4.617171e+001
8.600732620038743e-004	4.617174e+001
8.600778427490870e-004	4.617176e+001
8.600826312756744e-004	4.617178e+001
8.600875623315556e-004	4.617180e+001
8.600925969122048e-004	4.617182e+001
8.600980463261028e-004	4.617184e+001
8.601029671357131e-004	4.617185e+001
8.601086362866567e-004	4.617186e+001
8.601138753152039e-004	4.617187e+001
8.601198485541887e-004	4.617188e+001
8.601256658609567e-004	4.617189e+001
8.601322431896480e-004	4.617190e+001
8.601388534772040e-004	4.617191e+001
8.601464211284690e-004	4.617191e+001
8.601541150336947e-004	4.617191e+001
8.601631172723587e-004	4.617192e+001
8.601723039239721e-004	4.617192e+001
8.601832868882177e-004	4.617192e+001
8.601946691217838e-004	4.617193e+001
8.602083649501020e-004	4.617193e+001
8.602239113357883e-004	4.617193e+001
8.602437079092166e-004	4.617193e+001
8.602679775258691e-004	4.617193e+001
8.603030093290044e-004	4.617193e+001
8.603507549342372e-004	4.617193e+001
8.604331211198902e-004	4.617193e+001
8.605680367466886e-004	4.617193e+001
8.608378680002854e-004	4.617193e+001
8.990234375000001e-004	4.617193e+001
9.000000000000001e-004	4.617193e+001
9.000021484394158e-004	4.617194e+001
9.000064453182473e-004	4.617196e+001
9.000150390759103e-004	4.617198e+001
9.000207123712601e-004	4.617200e+001
9.000272443711046e-004	4.617201e+001
9.000363068306188e-004	4.617202e+001
9.000544317496470e-004	4.617204e+001
9.000862268294928e-004	4.617205e+001
9.001498169891846e-004	4.617206e+001
9.002769973085682e-004	4.617207e+001
9.005313579473354e-004	4.617207e+001
9.010400792248697e-004	4.617207e+001
9.020166417248697e-004	4.587281e+001
9.029932042248697e-004	4.350846e+001
9.033668236461588e-004	3.866505e+001
9.036131473944089e-004	3.023073e+001
9.037707192249999e-004	2.085618e+001
9.038955534015170e-004	1.096279e+001
9.039592204277138e-004	5.473846e+000
9.039943822922035e-004	2.809793e+000
9.040223618727503e-004	1.220338e+000
9.040384224577195e-004	5.555748e-001
9.040458455627795e-004	3.738486e-001
9.040534821916097e-004	2.869535e-001
9.040586265450702e-004	2.529504e-001
9.040654808236434e-004	2.252705e-001
9.040723653825680e-004	2.073644e-001
9.040805676296144e-004	1.943287e-001
9.040898479609687e-004	1.855419e-001
9.041004295040490e-004	1.799421e-001
9.041154430117081e-004	1.756585e-001
9.041295891186089e-004	1.734704e-001
9.041578813324104e-004	1.709283e-001
9.041859811470553e-004	1.690132e-001
9.042421807763448e-004	1.657393e-001
9.043276137377690e-004	1.613077e-001
9.044984796606172e-004	1.536753e-001
9.046582681543036e-004	1.474344e-001
9.046804230126274e-004	1.466648e-001
9.047247327292749e-004	1.452532e-001
9.049107842613442e-004	1.398757e-001
9.050000000000001e-004	1.378500e-001
9.050089215738657e-004	1.375422e-001
9.050267647215969e-004	1.372933e-001
9.050624510170592e-004	1.371844e-001
9.051061414927397e-004	1.371645e-001
9.051935224441006e-004	1.371661e-001
9.053682843468224e-004	1.371659e-001
9.057178081522661e-004	1.371659e-001
9.064168557631535e-004	1.371659e-001
9.073934182631535e-004	1.371659e-001
9.083699807631535e-004	1.371659e-001
9.093465432631535e-004	1.371659e-001
9.103231057631535e-004	1.371659e-001
9.112996682631535e-004	1.371659e-001
9.122762307631536e-004	1.371659e-001
9.132527932631536e-004	1.371659e-001
9.142293557631536e-004	1.371659e-001
9.152059182631536e-004	1.371659e-001
9.161824807631536e-004	1.371659e-001
9.171590432631536e-004	1.371659e-001
9.181356057631536e-004	1.371659e-001
9.191121682631536e-004	1.371659e-001
9.200887307631536e-004	1.371659e-001
9.210652932631536e-004	1.371659e-001
9.220418557631536e-004	1.371659e-001
9.230184182631536e-004	1.371659e-001
9.239949807631536e-004	1.371659e-001
9.249715432631536e-004	1.371659e-001
9.259481057631536e-004	1.371659e-001
9.269246682631536e-004	1.371659e-001
9.279012307631536e-004	1.371659e-001
9.288777932631536e-004	1.371659e-001
9.298543557631536e-004	1.371659e-001
9.308309182631536e-004	1.371659e-001
9.318074807631536e-004	1.371659e-001
9.327840432631536e-004	1.371659e-001
9.337606057631536e-004	1.371659e-001
9.347371682631536e-004	1.371659e-001
9.357137307631536e-004	1.371659e-001
9.366902932631536e-004	1.371659e-001
9.376668557631536e-004	1.371659e-001
9.386434182631536e-004	1.371659e-001
9.396199807631536e-004	1.371659e-001
9.405965432631536e-004	1.371659e-001
9.415731057631536e-004	1.371659e-001
9.425496682631536e-004	1.371659e-001
9.435262307631536e-004	1.371659e-001
9.445027932631536e-004	1.371659e-001
9.454793557631536e-004	1.371659e-001
9.464559182631536e-004	1.371659e-001
9.474324807631536e-004	1.371659e-001
9.484090432631536e-004	1.371659e-001
9.493856057631536e-004	1.371659e-001
9.503621682631536e-004	1.371659e-001
9.513387307631536e-004	1.371659e-001
9.523152932631536e-004	1.371659e-001
9.532918557631536e-004	1.371659e-001
9.540234375000001e-004	1.371659e-001
9.550000000000001e-004	1.371651e-001
9.550976562500001e-004	1.394356e-001
9.552929687500001e-004	1.453778e-001
9.556835937500000e-004	1.637699e-001
9.561979012300605e-004	2.046933e-001
9.564458844625964e-004	2.420454e-001
9.565905949348019e-004	2.821421e-001
9.566783471549353e-004	3.234862e-001
9.567334379883892e-004	3.668717e-001
9.567749231336674e-004	4.262634e-001
9.568109946848475e-004	5.299441e-001
9.568580048768103e-004	7.730666e-001
9.569114681074661e-004	1.220379e+000
9.569772418786859e-004	2.034393e+000
9.570158174960935e-004	2.735365e+000
9.570540173474371e-004	3.696929e+000
9.570928565369580e-004	4.954327e+000
9.571705349159998e-004	7.991212e+000
9.572404872157742e-004	1.120619e+001
9.573643460031955e-004	1.777021e+001
9.575460206486005e-004	2.814013e+001
9.577615977760319e-004	3.965584e+001
9.579043645902673e-004	4.439577e+001
9.580840670403231e-004	4.612761e+001
9.582191100492325e-004	4.619475e+001
9.583772282726361e-004	4.616364e+001
9.585587243494282e-004	4.617487e+001
9.588088739761549e-004	4.617050e+001
9.592314061311438e-004	4.617033e+001
9.593300263895975e-004	4.617052e+001
9.595272669065051e-004	4.617172e+001
9.596055189661850e-004	4.617167e+001
9.597620230855448e-004	4.617181e+001
9.600000000000001e-004	4.617182e+001
9.600008008252655e-004	4.617181e+001
9.600024024757962e-004	4.617181e+001
9.600056057768578e-004	4.617183e+001
9.600080777369041e-004	4.617184e+001
9.600105801612448e-004	4.617184e+001
9.600134298699572e-004	4.617185e+001
9.600162008738429e-004	4.617186e+001
9.600190893559857e-004	4.617186e+001
9.600217780629392e-004	4.617187e+001
9.600246829699290e-004	4.617188e+001
9.600273320517187e-004	4.617188e+001
9.600298975544568e-004	4.617188e+001
9.600326606413385e-004	4.617189e+001
9.600352003551551e-004	4.617189e+001
9.600379661773322e-004	4.617189e+001
9.600403643497084e-004	4.617189e+001
9.600430877270512e-004	4.617190e+001
9.600452341739200e-004	4.617190e+001
9.600478976014724e-004	4.617190e+001
9.600498767738085e-004	4.617191e+001
9.600523607156383e-004	4.617191e+001
9.600542745499012e-004	4.617191e+001
9.600566041424768e-004	4.617191e+001
9.600589162777658e-004	4.617191e+001
9.600614267213542e-004	4.617191e+001
9.600643419135878e-004	4.617191e+001
9.600674369138727e-004	4.617192e+001
9.600713425491097e-004	4.617192e+001
9.600754594087167e-004	4.617192e+001
9.600809891389583e-004	4.617192e+001
9.600868037546551e-004	4.617192e+001
9.600952664182569e-004	4.617192e+001
9.601040142132442e-004	4.617193e+001
9.601189945530789e-004	4.617193e+001
9.601340593254048e-004	4.617193e+001
9.601601124049137e-004	4.617193e+001
9.601949321767844e-004	4.617193e+001
9.602645717205258e-004	4.617193e+001
9.603702407490942e-004	4.617193e+001
9.605815788062308e-004	4.617193e+001
9.990234375000001e-004	4.617193e+001
9.998442842284454e-004	4.617193e+001
1.000000000000000e-003	4.617193e+001
