time	V(OUT)*Id(M1)+V(N144)*Ig(M1)
0.000000000000000e+000	5.806863e-009
9.765624940649698e-012	-4.928119e-006
1.953124988129940e-011	-1.179831e-005
3.906249976259879e-011	-3.104534e-005
7.812499952519758e-011	-7.980199e-005
1.562499990503952e-010	-1.943148e-004
3.124999981007903e-010	-4.474251e-004
5.723630526765819e-010	-8.709447e-004
1.049312737112842e-009	-1.607675e-003
1.813782268498963e-009	-2.690602e-003
2.898805361534509e-009	-4.044156e-003
4.394904151097213e-009	-5.608377e-003
6.385920425667593e-009	-7.251375e-003
9.029053881539522e-009	-8.848011e-003
1.250664595622858e-008	-1.024527e-002
1.714895353864279e-008	-1.133817e-002
2.345340079129613e-008	-1.206959e-002
3.239000450757726e-008	-1.246654e-002
4.587549123365485e-008	-1.261936e-002
6.865259251000852e-008	-1.264137e-002
1.142067950627159e-007	-1.260401e-002
2.053152001681305e-007	-1.251306e-002
3.875320103789599e-007	-1.232333e-002
7.519656308006185e-007	-1.194225e-002
1.480832871643936e-006	-1.118031e-002
2.457395371643936e-006	2.861678e+001
2.958850456888925e-006	1.185768e+002
3.257562440997630e-006	2.351689e+002
3.449717256987360e-006	3.100122e+002
3.623150465865423e-006	3.261148e+002
3.788614160052823e-006	2.600761e+002
3.903896849514228e-006	1.517934e+002
3.964650011401403e-006	7.385408e+001
3.998318746114507e-006	3.442927e+001
4.026472732445747e-006	1.252216e+001
4.041381001163427e-006	5.424755e+000
4.048369929042503e-006	3.500921e+000
4.055849865440872e-006	2.431289e+000
4.061517526260108e-006	1.961168e+000
4.068212676902389e-006	1.627463e+000
4.075404407663676e-006	1.406734e+000
4.083803039379449e-006	1.253957e+000
4.093269229744455e-006	1.155795e+000
4.104380193681329e-006	1.094756e+000
4.119960803399240e-006	1.052194e+000
4.135011700365892e-006	1.032734e+000
4.165113494299196e-006	1.014091e+000
4.195287086308552e-006	1.001585e+000
4.255634270327265e-006	9.812683e-001
4.350888012344334e-006	9.529994e-001
4.541395496378470e-006	9.037822e-001
4.618985031931728e-006	8.865509e-001
4.774164103038246e-006	8.577391e-001
5.000000000000000e-006	8.214996e-001
5.022583589696176e-006	8.146514e-001
5.067750769088527e-006	8.089662e-001
5.158085127873229e-006	8.076581e-001
5.262225678172686e-006	8.078095e-001
5.470506778771601e-006	8.077222e-001
5.887068979969430e-006	8.077502e-001
6.720193382365089e-006	8.077412e-001
7.696755882365089e-006	8.077425e-001
8.673318382365089e-006	8.077421e-001
9.649880882365089e-006	8.077425e-001
1.062644338236509e-005	8.077422e-001
1.160300588236509e-005	8.077424e-001
1.257956838236509e-005	8.077422e-001
1.355613088236509e-005	8.077424e-001
1.453269338236509e-005	8.077422e-001
1.550925588236510e-005	8.077424e-001
1.648581838236510e-005	8.077422e-001
1.746238088236510e-005	8.077424e-001
1.843894338236510e-005	8.077422e-001
1.941550588236510e-005	8.077423e-001
2.039206838236510e-005	8.077422e-001
2.136863088236510e-005	8.077424e-001
2.234519338236510e-005	8.077423e-001
2.332175588236510e-005	8.077423e-001
2.429831838236510e-005	8.077422e-001
2.527488088236510e-005	8.077423e-001
2.625144338236510e-005	8.077422e-001
2.722800588236511e-005	8.077423e-001
2.820456838236511e-005	8.077422e-001
2.918113088236511e-005	8.077423e-001
3.015769338236511e-005	8.077422e-001
3.113425588236511e-005	8.077423e-001
3.211081838236511e-005	8.077423e-001
3.308738088236511e-005	8.077424e-001
3.406394338236511e-005	8.077424e-001
3.504050588236511e-005	8.077423e-001
3.601706838236511e-005	8.077422e-001
3.699363088236511e-005	8.077423e-001
3.797019338236511e-005	8.077422e-001
3.894675588236511e-005	8.077423e-001
3.992331838236511e-005	8.077423e-001
4.089988088236511e-005	8.077424e-001
4.187644338236512e-005	8.077423e-001
4.285300588236512e-005	8.077424e-001
4.382956838236512e-005	8.077423e-001
4.480613088236512e-005	8.077423e-001
4.578269338236512e-005	8.077423e-001
4.675925588236512e-005	8.077423e-001
4.773581838236512e-005	8.077422e-001
4.871238088236512e-005	8.077423e-001
4.968894338236512e-005	8.077423e-001
5.066550588236512e-005	8.077423e-001
5.164206838236512e-005	8.077423e-001
5.261863088236512e-005	8.077423e-001
5.359519338236513e-005	8.077427e-001
5.402343750000000e-005	8.077410e-001
5.414351176473025e-005	8.077414e-001
5.438366029419075e-005	8.077420e-001
5.451970294107901e-005	8.077419e-001
5.472791470622348e-005	8.077425e-001
5.500000000000000e-005	8.077455e-001
5.502720852937765e-005	8.051423e-001
5.508162558813296e-005	8.080125e-001
5.519045970564357e-005	8.249756e-001
5.540812794066478e-005	8.687582e-001
5.571707153001728e-005	9.572160e-001
5.614402904470638e-005	1.152286e+000
5.640230875587360e-005	1.354560e+000
5.654359069619837e-005	1.542566e+000
5.663188205125171e-005	1.729258e+000
5.669569412493580e-005	1.934382e+000
5.674318080222580e-005	2.169768e+000
5.678180333826255e-005	2.497068e+000
5.681742666644802e-005	3.048918e+000
5.686034062749817e-005	4.190633e+000
5.692435587188432e-005	6.650325e+000
5.698447643602949e-005	9.374009e+000
5.702136067606055e-005	1.104669e+001
5.706072660519134e-005	1.255693e+001
5.710129597608520e-005	1.393340e+001
5.717345301902560e-005	1.531393e+001
5.724723703157137e-005	1.489577e+001
5.737784551505680e-005	1.104681e+001
5.756323061769074e-005	4.243847e+000
5.777927878805111e-005	9.507148e-001
5.792269063439453e-005	4.594635e-001
5.809687729486508e-005	2.222858e-002
5.823610910267717e-005	1.993631e-004
5.838897707771629e-005	1.537336e-002
5.859166741000007e-005	1.018292e-002
5.883353745370440e-005	1.213421e-002
5.919631499387967e-005	1.185070e-002
5.952402531808174e-005	1.242050e-002
6.000000000000000e-005	3.321409e-002
6.000118897446831e-005	2.003434e-002
6.000356692340492e-005	1.062670e-002
6.000734973646746e-005	6.643587e-003
6.000998206206675e-005	4.743987e-003
6.001247543826129e-005	3.551796e-003
6.001522393461314e-005	2.640794e-003
6.001816970583635e-005	1.947306e-003
6.002094517115448e-005	1.491736e-003
6.002364330166014e-005	1.177600e-003
6.002648712634566e-005	9.433774e-004
6.002921125255685e-005	7.766827e-004
6.003212538937892e-005	6.476692e-004
6.003482536712275e-005	5.550174e-004
6.003782301326528e-005	4.781160e-004
6.004047161878337e-005	4.224196e-004
6.004360759927573e-005	3.710825e-004
6.004612722953051e-005	3.354187e-004
6.004948006635841e-005	2.985248e-004
6.005216526861394e-005	2.714089e-004
6.005565271007661e-005	2.435124e-004
6.005869295183940e-005	2.204443e-004
6.006231861181748e-005	1.982631e-004
6.006586028275025e-005	1.775073e-004
6.006968015347637e-005	1.590335e-004
6.007363010097542e-005	1.409848e-004
6.007772502115346e-005	1.253808e-004
6.008196860582717e-005	1.103726e-004
6.008628391345596e-005	9.770147e-005
6.009096912429542e-005	8.505374e-005
6.009530221530254e-005	7.507465e-005
6.009999589785402e-005	6.527720e-005
6.010449369174625e-005	5.745927e-005
6.010941910616739e-005	4.954723e-005
6.011429872730827e-005	4.322343e-005
6.011970645571973e-005	3.669606e-005
6.012520613206089e-005	3.151669e-005
6.013141269636590e-005	2.610260e-005
6.013782286423188e-005	2.189523e-005
6.014523047765384e-005	1.748067e-005
6.015292803212717e-005	1.417950e-005
6.016206374054599e-005	1.074018e-005
6.017154678183916e-005	8.322787e-006
6.018311944167975e-005	5.849190e-006
6.019505832331435e-005	4.268884e-006
6.021001424253994e-005	2.677516e-006
6.022647511905622e-005	1.785573e-006
6.024793950483879e-005	8.855576e-007
6.027408401066518e-005	5.262351e-007
6.031222555478982e-005	1.284984e-007
6.036424508140875e-005	9.244933e-008
6.045485917917021e-005	-1.498628e-008
6.060467392181112e-005	2.413774e-008
6.090430340709293e-005	-3.412817e-009
9.949012426593958e-005	-1.065635e-009
1.000000000000000e-004	-4.299577e-005
1.000011217277498e-004	-1.583689e-003
1.000033651832494e-004	-4.349301e-003
1.000058532986782e-004	-6.766443e-003
1.000081844118323e-004	-8.371249e-003
1.000113450977108e-004	-9.830714e-003
1.000154153878588e-004	-1.099190e-002
1.000212268576285e-004	-1.186496e-002
1.000290428440614e-004	-1.236338e-002
1.000408593428250e-004	-1.258685e-002
1.000594669135746e-004	-1.264173e-002
1.000955327824769e-004	-1.262070e-002
1.001676645202816e-004	-1.255134e-002
1.003119279958909e-004	-1.240235e-002
1.006004549471096e-004	-1.210065e-002
1.011775088495469e-004	-1.149741e-002
1.021540713495469e-004	4.400675e+001
1.031306338495469e-004	2.150080e+002
1.035075628880354e-004	3.079342e+002
1.037270755301652e-004	2.849021e+002
1.038674243248983e-004	1.832829e+002
1.039433794902746e-004	9.322586e+001
1.039839947307951e-004	4.289222e+001
1.040106637346079e-004	1.924297e+001
1.040372682493838e-004	5.492801e+000
1.040463934264242e-004	3.102502e+000
1.040553973783349e-004	2.073720e+000
1.040610638502479e-004	1.726298e+000
1.040683725819735e-004	1.466656e+000
1.040760332421527e-004	1.299472e+000
1.040844419604330e-004	1.192773e+000
1.040955010309135e-004	1.113833e+000
1.041060229914074e-004	1.074179e+000
1.041238204580728e-004	1.041740e+000
1.041406873513183e-004	1.026238e+000
1.041727827100019e-004	1.010427e+000
1.042107818313925e-004	9.961487e-001
1.042842646538529e-004	9.724160e-001
1.044129290165583e-004	9.368232e-001
1.046702577419690e-004	8.799531e-001
1.050000000000000e-004	8.218028e-001
1.050329742258031e-004	8.141181e-001
1.050989226774093e-004	8.084459e-001
1.052308195806217e-004	8.076999e-001
1.053580561371516e-004	8.078404e-001
1.056125292502115e-004	8.077099e-001
1.061214754763312e-004	8.077550e-001
1.070980379763312e-004	8.077420e-001
1.080746004763312e-004	8.077426e-001
1.090511629763312e-004	8.077420e-001
1.100277254763312e-004	8.077426e-001
1.110042879763312e-004	8.077420e-001
1.119808504763312e-004	8.077425e-001
1.129574129763312e-004	8.077421e-001
1.139339754763312e-004	8.077426e-001
1.149105379763312e-004	8.077421e-001
1.158871004763312e-004	8.077425e-001
1.168636629763312e-004	8.077421e-001
1.178402254763312e-004	8.077425e-001
1.188167879763312e-004	8.077422e-001
1.197933504763312e-004	8.077425e-001
1.207699129763312e-004	8.077422e-001
1.217464754763312e-004	8.077424e-001
1.227230379763312e-004	8.077422e-001
1.236996004763312e-004	8.077425e-001
1.246761629763312e-004	8.077421e-001
1.256527254763312e-004	8.077424e-001
1.266292879763312e-004	8.077422e-001
1.276058504763312e-004	8.077424e-001
1.285824129763312e-004	8.077422e-001
1.295589754763312e-004	8.077425e-001
1.305355379763312e-004	8.077422e-001
1.315121004763312e-004	8.077425e-001
1.324886629763312e-004	8.077423e-001
1.334652254763312e-004	8.077424e-001
1.344417879763312e-004	8.077422e-001
1.354183504763312e-004	8.077423e-001
1.363949129763312e-004	8.077422e-001
1.373714754763312e-004	8.077423e-001
1.383480379763312e-004	8.077422e-001
1.393246004763312e-004	8.077423e-001
1.403011629763312e-004	8.077422e-001
1.412777254763312e-004	8.077423e-001
1.422542879763312e-004	8.077422e-001
1.432308504763312e-004	8.077423e-001
1.442074129763312e-004	8.077422e-001
1.451839754763312e-004	8.077423e-001
1.461605379763312e-004	8.077423e-001
1.471371004763312e-004	8.077423e-001
1.481136629763312e-004	8.077422e-001
1.490902254763312e-004	8.077424e-001
1.500667879763312e-004	8.077422e-001
1.510433504763312e-004	8.077423e-001
1.520199129763312e-004	8.077422e-001
1.529964754763312e-004	8.077423e-001
1.539730379763312e-004	8.077501e-001
1.540234375000000e-004	8.077474e-001
1.541242365473376e-004	8.077416e-001
1.543258346420127e-004	8.077425e-001
1.545968038106498e-004	8.077422e-001
1.550000000000000e-004	8.077392e-001
1.550403196189350e-004	8.065134e-001
1.551209588568051e-004	8.139105e-001
1.552822373325451e-004	8.421757e-001
1.555531535786317e-004	9.089405e-001
1.560334794118558e-004	1.098708e+000
1.563818571814013e-004	1.341689e+000
1.565434786255298e-004	1.549608e+000
1.566455607405256e-004	1.771692e+000
1.567084473619068e-004	1.989946e+000
1.567544469741437e-004	2.247921e+000
1.567918819313969e-004	2.621984e+000
1.568291320776759e-004	3.283309e+000
1.568702288793487e-004	4.510730e+000
1.569426731514321e-004	7.452393e+000
1.569929399013378e-004	9.740998e+000
1.570276016388858e-004	1.128162e+001
1.570650903819419e-004	1.271152e+001
1.571099610056183e-004	1.422887e+001
1.571904863675444e-004	1.538992e+001
1.572665621533035e-004	1.450025e+001
1.574138682627056e-004	9.585122e+000
1.576010778342719e-004	3.178469e+000
1.577998463990351e-004	8.981166e-001
1.579414086029329e-004	3.746233e-001
1.581076500670858e-004	1.473933e-002
1.582503365146468e-004	7.958278e-003
1.583991928127644e-004	1.275143e-002
1.586310496498101e-004	1.108407e-002
1.588686586480806e-004	1.182169e-002
1.592107443762015e-004	1.181954e-002
1.596157431509053e-004	1.233432e-002
1.600000000000000e-004	4.510349e-002
1.600011067239745e-004	2.485951e-002
1.600033201719236e-004	1.143068e-002
1.600066371083453e-004	7.376840e-003
1.600094334443253e-004	5.022710e-003
1.600120000609154e-004	3.580772e-003
1.600147569795348e-004	2.530762e-003
1.600176383344768e-004	1.762387e-003
1.600203429428169e-004	1.266052e-003
1.600229031578388e-004	9.374500e-004
1.600256593077167e-004	6.936390e-004
1.600281403722327e-004	5.334550e-004
1.600308985350736e-004	4.090153e-004
1.600332030286261e-004	3.307920e-004
1.600359212455839e-004	2.635114e-004
1.600379176960484e-004	2.249851e-004
1.600405781159255e-004	1.882936e-004
1.600424245986376e-004	1.670260e-004
1.600448812249150e-004	1.477564e-004
1.600467516795756e-004	1.339283e-004
1.600489249444433e-004	1.222618e-004
1.600507625405290e-004	1.121759e-004
1.600527324739853e-004	1.044606e-004
1.600545131827188e-004	9.658316e-005
1.600563554288091e-004	9.119780e-005
1.600581102101782e-004	8.464678e-005
1.600598966586879e-004	8.100191e-005
1.600618130188410e-004	7.500982e-005
1.600636066483946e-004	7.163534e-005
1.600656737564409e-004	6.606851e-005
1.600676130060764e-004	6.295851e-005
1.600699900890177e-004	5.752675e-005
1.600723619991208e-004	5.419851e-005
1.600753641360414e-004	4.880736e-005
1.600784981540816e-004	4.499482e-005
1.600826725434325e-004	3.932582e-005
1.600870420725734e-004	3.499317e-005
1.600932902057974e-004	2.891308e-005
1.600996502916723e-004	2.433095e-005
1.601094577183021e-004	1.821316e-005
1.601190154457292e-004	1.398606e-005
1.601333511214704e-004	9.223551e-006
1.601479762956508e-004	6.151248e-006
1.601685530245265e-004	3.391751e-006
1.601900906949642e-004	1.918709e-006
1.602244425909260e-004	7.184421e-007
1.602569664715592e-004	3.322015e-007
1.603220142328257e-004	5.379218e-008
1.603929689670081e-004	3.098787e-008
1.605348784353729e-004	-3.420239e-009
1.990234375000000e-004	7.084947e-009
2.000000000000000e-004	2.586052e-005
2.000021484391579e-004	-2.618159e-003
2.000064453174738e-004	-6.472780e-003
2.000150390741055e-004	-1.072409e-002
2.000207114681022e-004	-1.193405e-002
2.000272438120325e-004	-1.235627e-002
2.000363054913510e-004	-1.255442e-002
2.000544288499881e-004	-1.263537e-002
2.000862198785601e-004	-1.262916e-002
2.001498019357040e-004	-1.256905e-002
2.002769660499920e-004	-1.243886e-002
2.005312942785678e-004	-1.217295e-002
2.010399507357195e-004	-1.164122e-002
2.020165132357195e-004	2.590145e+001
2.029930757357195e-004	1.599503e+002
2.033666928793406e-004	2.775652e+002
2.036130442601412e-004	3.216230e+002
2.037706490331725e-004	2.690688e+002
2.038954885662375e-004	1.579092e+002
2.039591790398758e-004	7.766202e+001
2.039943536522161e-004	3.599605e+001
2.040223309171732e-004	1.362010e+001
2.040384124436596e-004	5.705434e+000
2.040458431368458e-004	3.576070e+000
2.040534829647867e-004	2.444109e+000
2.040586184599562e-004	2.004776e+000
2.040654760882661e-004	1.649829e+000
2.040723555175959e-004	1.427506e+000
2.040805548528820e-004	1.269703e+000
2.040898336535289e-004	1.166322e+000
2.041004065875894e-004	1.102932e+000
2.041154119979606e-004	1.057403e+000
2.041295444960258e-004	1.036796e+000
2.041578094921561e-004	1.017390e+000
2.041858798480537e-004	1.005059e+000
2.042420205598490e-004	9.856889e-001
2.043273172018502e-004	9.596327e-001
2.044979104858526e-004	9.148445e-001
2.046588134319952e-004	8.779269e-001
2.046781941077150e-004	8.739787e-001
2.047169554591546e-004	8.667214e-001
2.047944781620339e-004	8.529708e-001
2.048838673743150e-004	8.383095e-001
2.050000000000000e-004	8.194749e-001
2.050116132625685e-004	8.153663e-001
2.050348397877055e-004	8.105066e-001
2.050812928379796e-004	8.078958e-001
2.051417291161624e-004	8.077062e-001
2.052626016725281e-004	8.077492e-001
2.055043467852595e-004	8.077401e-001
2.059878370107224e-004	8.077432e-001
2.069548174616481e-004	8.077422e-001
2.079313799616481e-004	8.077423e-001
2.089079424616481e-004	8.077422e-001
2.098845049616481e-004	8.077423e-001
2.108610674616481e-004	8.077423e-001
2.118376299616481e-004	8.077423e-001
2.128141924616481e-004	8.077422e-001
2.137907549616481e-004	8.077423e-001
2.147673174616481e-004	8.077423e-001
2.157438799616481e-004	8.077423e-001
2.167204424616481e-004	8.077423e-001
2.176970049616481e-004	8.077423e-001
2.186735674616481e-004	8.077422e-001
2.196501299616481e-004	8.077423e-001
2.206266924616481e-004	8.077424e-001
2.216032549616481e-004	8.077423e-001
2.225798174616481e-004	8.077422e-001
2.235563799616481e-004	8.077423e-001
2.245329424616481e-004	8.077423e-001
2.255095049616481e-004	8.077423e-001
2.264860674616481e-004	8.077422e-001
2.274626299616481e-004	8.077423e-001
2.284391924616481e-004	8.077422e-001
2.294157549616481e-004	8.077423e-001
2.303923174616481e-004	8.077422e-001
2.313688799616481e-004	8.077423e-001
2.323454424616481e-004	8.077422e-001
2.333220049616481e-004	8.077424e-001
2.342985674616481e-004	8.077424e-001
2.352751299616481e-004	8.077423e-001
2.362516924616481e-004	8.077422e-001
2.372282549616481e-004	8.077423e-001
2.382048174616481e-004	8.077423e-001
2.391813799616481e-004	8.077422e-001
2.401579424616481e-004	8.077422e-001
2.411345049616481e-004	8.077422e-001
2.421110674616481e-004	8.077422e-001
2.430876299616481e-004	8.077423e-001
2.440641924616481e-004	8.077423e-001
2.450407549616481e-004	8.077423e-001
2.460173174616481e-004	8.077424e-001
2.469938799616481e-004	8.077423e-001
2.479704424616481e-004	8.077422e-001
2.489470049616481e-004	8.077422e-001
2.499235674616481e-004	8.077422e-001
2.509001299616481e-004	8.077422e-001
2.518766924616481e-004	8.077422e-001
2.528532549616481e-004	8.077423e-001
2.538298174616481e-004	8.077424e-001
2.540234375000000e-004	8.077424e-001
2.544106775767038e-004	8.077423e-001
2.550000000000000e-004	8.077387e-001
2.550589322423296e-004	8.089403e-001
2.551767967269889e-004	8.233005e-001
2.554125256963074e-004	8.706123e-001
2.557611571661091e-004	9.704365e-001
2.561233087431887e-004	1.136826e+000
2.563944510785374e-004	1.345633e+000
2.565346984549682e-004	1.526467e+000
2.566242198475491e-004	1.709494e+000
2.566908283295611e-004	1.915433e+000
2.567391453001939e-004	2.144920e+000
2.567784472236866e-004	2.460604e+000
2.568139176813783e-004	2.987820e+000
2.568582554904719e-004	4.120817e+000
2.569178314392977e-004	6.362857e+000
2.569808209240649e-004	9.208146e+000
2.570186299062554e-004	1.094265e+001
2.570596811549104e-004	1.252467e+001
2.570989529838672e-004	1.389085e+001
2.571774966417807e-004	1.535810e+001
2.572493330955168e-004	1.482906e+001
2.573819344859364e-004	1.085391e+001
2.575652587692880e-004	4.139952e+000
2.577846418534940e-004	9.313751e-001
2.579297369911577e-004	4.311698e-001
2.581027124619334e-004	1.939808e-002
2.582428330720283e-004	2.930035e-003
2.583952149820679e-004	1.449257e-002
2.586048853428190e-004	1.053999e-002
2.588422791706882e-004	1.202415e-002
2.591879026737995e-004	1.176730e-002
2.595680658929404e-004	1.235664e-002
2.600000000000000e-004	2.999595e-002
2.600011553167008e-004	1.921565e-002
2.600034659501024e-004	1.103374e-002
2.600073023780572e-004	6.776249e-003
2.600099032833497e-004	4.798535e-003
2.600123720663027e-004	3.560281e-003
2.600151160401102e-004	2.605511e-003
2.600180367986618e-004	1.888182e-003
2.600208216182367e-004	1.418664e-003
2.600237791227573e-004	1.070288e-003
2.600264913173415e-004	8.446182e-004
2.600291523886652e-004	6.844307e-004
2.600320210630728e-004	5.608771e-004
2.600347120585072e-004	4.725057e-004
2.600376712309663e-004	4.011656e-004
2.600403386429572e-004	3.498080e-004
2.600433976029121e-004	3.048887e-004
2.600459794746227e-004	2.728759e-004
2.600492058874707e-004	2.416095e-004
2.600517744236695e-004	2.194081e-004
2.600551777280653e-004	1.963145e-004
2.600579804751227e-004	1.785002e-004
2.600615066449452e-004	1.607035e-004
2.600648005395531e-004	1.447101e-004
2.600684561417339e-004	1.301605e-004
2.600721682557866e-004	1.160719e-004
2.600760720630439e-004	1.037886e-004
2.600801304362736e-004	9.179149e-005
2.600842816358172e-004	8.169621e-005
2.600889328507600e-004	7.112527e-005
2.600932368751142e-004	6.303059e-005
2.600984519824246e-004	5.386983e-005
2.601034022033852e-004	4.688625e-005
2.601093232832564e-004	3.922113e-005
2.601152717767575e-004	3.323394e-005
2.601223396066464e-004	2.687669e-005
2.601296138596524e-004	2.198202e-005
2.601384689193436e-004	1.686480e-005
2.601475180341652e-004	1.315937e-005
2.601589967272736e-004	9.328814e-006
2.601710576214771e-004	6.744172e-006
2.601869393776585e-004	4.180701e-006
2.602052091112513e-004	2.642009e-006
2.602321447809467e-004	1.181830e-006
2.602654936766456e-004	5.817988e-007
2.603264127295372e-004	9.169980e-008
2.604102985780795e-004	4.410022e-008
2.605780702751641e-004	-1.064788e-008
2.660702655929978e-004	-3.141919e-009
2.715624609108315e-004	2.619056e-009
2.770546562286653e-004	6.635040e-009
2.825468515464990e-004	8.906035e-009
2.880390468643326e-004	9.432040e-009
2.935312421821663e-004	8.213056e-009
2.990234375000000e-004	5.249082e-009
2.993412759153439e-004	2.191911e-007
2.994104176772487e-004	-5.134622e-008
2.995026066931218e-004	2.172095e-008
2.996305135955261e-004	1.087446e-008
2.997441861951914e-004	-1.306677e-007
2.998295920116248e-004	5.398743e-009
2.998861255780888e-004	5.375809e-006
2.998869328670721e-004	2.930061e-006
2.998885474450387e-004	-4.026881e-007
2.998904243718345e-004	2.151593e-007
2.998924585001472e-004	-5.318646e-007
2.998958364260174e-004	1.095562e-007
2.998996800177990e-004	-1.939992e-007
2.999054579217984e-004	1.055003e-007
2.999133225185540e-004	-6.573310e-008
2.999241563764831e-004	6.265032e-008
2.999616929222663e-004	-1.752239e-007
2.999823466788080e-004	3.487403e-008
3.000000000000000e-004	1.312270e-005
3.000000388372170e-004	-2.756576e-005
3.000001165116509e-004	-1.284493e-004
3.000002026483504e-004	-2.613061e-004
3.000003008800489e-004	-4.236649e-004
3.000004973434459e-004	-7.459268e-004
3.000008902702398e-004	-1.362298e-003
3.000016022548595e-004	-2.396878e-003
3.000025822060349e-004	-3.664693e-003
3.000039905061743e-004	-5.211554e-003
3.000058237854203e-004	-6.827071e-003
3.000083125875328e-004	-8.465071e-003
3.000115338158944e-004	-9.913598e-003
3.000158747479028e-004	-1.109757e-002
3.000216700610083e-004	-1.191658e-002
3.000298572492776e-004	-1.239268e-002
3.000418885037752e-004	-1.259580e-002
3.000616621319542e-004	-1.264178e-002
3.000995785494712e-004	-1.261719e-002
3.001754113845052e-004	-1.254351e-002
3.003270770545732e-004	-1.238653e-002
3.006304083947093e-004	-1.206933e-002
3.012370710749815e-004	-1.143514e-002
3.022136335749815e-004	5.280850e+001
3.031901960749815e-004	2.109393e+002
3.032628902728351e-004	2.364740e+002
3.034082786685424e-004	2.974702e+002
3.035759496414449e-004	3.252386e+002
3.037887208142435e-004	2.544745e+002
3.039081429985583e-004	1.436051e+002
3.039696296422767e-004	6.515168e+001
3.040023631934549e-004	2.915713e+001
3.040304614025073e-004	9.483564e+000
3.040425151966847e-004	4.498649e+000
3.040483484422803e-004	3.154325e+000
3.040541287348513e-004	2.422780e+000
3.040607862520423e-004	1.909716e+000
3.040678520475912e-004	1.585376e+000
3.040773919329997e-004	1.335664e+000
3.040869769171605e-004	1.200962e+000
3.041014035632667e-004	1.102256e+000
3.041151532281353e-004	1.059339e+000
3.041402530005583e-004	1.028183e+000
3.041631980337855e-004	1.014224e+000
3.042090881002399e-004	9.967976e-001
3.042644701400960e-004	9.783913e-001
3.043752342198081e-004	9.465715e-001
3.045967623792323e-004	8.955249e-001
3.050000000000000e-004	8.203461e-001
3.050403237620768e-004	8.133805e-001
3.051209712862304e-004	8.082654e-001
3.052822663345375e-004	8.076283e-001
3.055559905925451e-004	8.077929e-001
3.060485036963918e-004	8.077169e-001
3.070250661963918e-004	8.077431e-001
3.080016286963918e-004	8.077417e-001
3.089781911963918e-004	8.077429e-001
3.099547536963918e-004	8.077417e-001
3.109313161963918e-004	8.077429e-001
3.119078786963918e-004	8.077418e-001
3.128844411963918e-004	8.077428e-001
3.138610036963918e-004	8.077419e-001
3.148375661963918e-004	8.077428e-001
3.158141286963918e-004	8.077420e-001
3.167906911963918e-004	8.077428e-001
3.177672536963918e-004	8.077421e-001
3.187438161963918e-004	8.077427e-001
3.197203786963918e-004	8.077420e-001
3.206969411963918e-004	8.077426e-001
3.216735036963918e-004	8.077420e-001
3.226500661963918e-004	8.077425e-001
3.236266286963918e-004	8.077421e-001
3.246031911963918e-004	8.077426e-001
3.255797536963918e-004	8.077421e-001
3.265563161963918e-004	8.077426e-001
3.275328786963918e-004	8.077422e-001
3.285094411963918e-004	8.077425e-001
3.294860036963918e-004	8.077422e-001
3.304625661963918e-004	8.077425e-001
3.314391286963918e-004	8.077421e-001
3.324156911963918e-004	8.077424e-001
3.333922536963918e-004	8.077421e-001
3.343688161963918e-004	8.077423e-001
3.353453786963918e-004	8.077422e-001
3.363219411963918e-004	8.077424e-001
3.372985036963918e-004	8.077422e-001
3.382750661963918e-004	8.077424e-001
3.392516286963918e-004	8.077422e-001
3.402281911963918e-004	8.077425e-001
3.412047536963918e-004	8.077422e-001
3.421813161963918e-004	8.077424e-001
3.431578786963918e-004	8.077422e-001
3.441344411963918e-004	8.077424e-001
3.451110036963918e-004	8.077423e-001
3.460875661963918e-004	8.077424e-001
3.470641286963918e-004	8.077423e-001
3.480406911963918e-004	8.077424e-001
3.490172536963918e-004	8.077422e-001
3.499938161963918e-004	8.077424e-001
3.509703786963918e-004	8.077422e-001
3.519469411963918e-004	8.077423e-001
3.529235036963918e-004	8.077422e-001
3.539000661963918e-004	8.077353e-001
3.540234375000001e-004	8.077378e-001
3.542701801072165e-004	8.077425e-001
3.545065147855671e-004	8.077508e-001
3.545273306432989e-004	8.077490e-001
3.545689623587623e-004	8.077430e-001
3.546522257896893e-004	8.077422e-001
3.548187526515431e-004	8.077423e-001
3.550000000000000e-004	8.077426e-001
3.550181247348457e-004	8.045595e-001
3.550543742045371e-004	8.045244e-001
3.551268731439199e-004	8.141303e-001
3.552718710226855e-004	8.397292e-001
3.554852775999887e-004	8.883180e-001
3.559120907545953e-004	1.031167e+000
3.562410493316631e-004	1.210449e+000
3.564412688859030e-004	1.394486e+000
3.565611380339609e-004	1.572142e+000
3.566422831788537e-004	1.757351e+000
3.567045462489704e-004	1.971122e+000
3.567498025935800e-004	2.213132e+000
3.567875454932471e-004	2.564666e+000
3.568237827328936e-004	3.169470e+000
3.568651061434326e-004	4.339012e+000
3.569334959386101e-004	7.046259e+000
3.569887290200415e-004	9.557771e+000
3.570242764868814e-004	1.115085e+001
3.570618182291741e-004	1.259019e+001
3.571041880368501e-004	1.402852e+001
3.571772943380446e-004	1.533526e+001
3.572520139027323e-004	1.481197e+001
3.573864554903447e-004	1.071191e+001
3.575730989986751e-004	4.009683e+000
3.577908188828114e-004	9.137020e-001
3.579361533093865e-004	4.052269e-001
3.581076869350529e-004	1.698843e-002
3.582493880766161e-004	5.468490e-003
3.584008001537377e-004	1.370705e-002
3.586224361265150e-004	1.084290e-002
3.588612350523095e-004	1.193662e-002
3.592073851572795e-004	1.181781e-002
3.595795467249553e-004	1.235596e-002
3.600000000000000e-004	4.142552e-002
3.600011738597838e-004	2.329994e-002
3.600035215793512e-004	1.104926e-002
3.600070739302913e-004	6.970669e-003
3.600097781847097e-004	4.841807e-003
3.600123039782723e-004	3.521515e-003
3.600150494414853e-004	2.540165e-003
3.600179663921887e-004	1.805435e-003
3.600206891589907e-004	1.331209e-003
3.600232897065446e-004	1.013044e-003
3.600260744914526e-004	7.761593e-004
3.600286340316415e-004	6.160877e-004
3.600314443220677e-004	4.918918e-004
3.600338766835868e-004	4.099736e-004
3.600366868149041e-004	3.407151e-004
3.600388947519702e-004	2.971582e-004
3.600417079712745e-004	2.556319e-004
3.600437246503422e-004	2.303352e-004
3.600464761246343e-004	2.056917e-004
3.600485714308882e-004	1.879569e-004
3.600511353048780e-004	1.719835e-004
3.600533550828247e-004	1.579149e-004
3.600557827407843e-004	1.462064e-004
3.600580683235904e-004	1.345914e-004
3.600604573272698e-004	1.254202e-004
3.600628196923620e-004	1.155611e-004
3.600652345529528e-004	1.083634e-004
3.600679203225703e-004	9.916474e-005
3.600703935734061e-004	9.266761e-005
3.600732954048706e-004	8.429888e-005
3.600759640595721e-004	7.826511e-005
3.600790035370419e-004	7.096670e-005
3.600819897011927e-004	6.547474e-005
3.600854354726313e-004	5.866786e-005
3.600889911054412e-004	5.333164e-005
3.600931819909942e-004	4.678661e-005
3.600976486821154e-004	4.146753e-005
3.601030642556262e-004	3.513643e-005
3.601089214711425e-004	2.995240e-005
3.601162837351912e-004	2.400980e-005
3.601241902409990e-004	1.934336e-005
3.601346641785626e-004	1.418607e-005
3.601454779635246e-004	1.057485e-005
3.601610562650840e-004	6.702576e-006
3.601758773199258e-004	4.466382e-006
3.601973782568700e-004	2.379767e-006
3.602183023318131e-004	1.390650e-006
3.602519832296460e-004	5.161149e-007
3.602875842987707e-004	2.429759e-007
3.603490023331302e-004	2.798980e-008
3.604285155349371e-004	3.334663e-008
3.605800616690219e-004	-6.436090e-009
3.990234375000000e-004	9.426589e-009
4.000000000000000e-004	3.308316e-005
4.000021484391322e-004	-2.615680e-003
4.000064453173966e-004	-6.472777e-003
4.000150390739253e-004	-1.072409e-002
4.000207113777754e-004	-1.193404e-002
4.000272437560565e-004	-1.235627e-002
4.000363053574351e-004	-1.255442e-002
4.000544285601923e-004	-1.263537e-002
4.000862191852171e-004	-1.262916e-002
4.001498004352666e-004	-1.256905e-002
4.002769629353655e-004	-1.243887e-002
4.005312879355634e-004	-1.217295e-002
4.010399379359593e-004	-1.164123e-002
4.020165004359593e-004	2.589995e+001
4.029930629359593e-004	1.599450e+002
4.033666798526518e-004	2.775609e+002
4.036130339865217e-004	3.216240e+002
4.037706420404951e-004	2.690735e+002
4.038954821069123e-004	1.579171e+002
4.039591749167417e-004	7.766762e+001
4.039943507993013e-004	3.599899e+001
4.040223278343480e-004	1.362203e+001
4.040384114504116e-004	5.705874e+000
4.040458428993951e-004	3.576166e+000
4.040534830472463e-004	2.444107e+000
4.040586176608244e-004	2.004833e+000
4.040654756246073e-004	1.649853e+000
4.040723545455676e-004	1.427531e+000
4.040805535930197e-004	1.269724e+000
4.040898322428881e-004	1.166334e+000
4.041004043249450e-004	1.102942e+000
4.041154089353422e-004	1.057409e+000
4.041295400871432e-004	1.036801e+000
4.041578023907450e-004	1.017394e+000
4.041858698356516e-004	1.005063e+000
4.042420047254648e-004	9.856940e-001
4.043272879024814e-004	9.596412e-001
4.044978542565144e-004	9.148590e-001
4.046588672919340e-004	8.779135e-001
4.046779739291609e-004	8.740203e-001
4.047161872036147e-004	8.668610e-001
4.047926137525223e-004	8.533026e-001
4.048863306797177e-004	8.379308e-001
4.050000000000000e-004	8.194750e-001
4.050113669320283e-004	8.154143e-001
4.050341007960847e-004	8.105696e-001
4.050795685241976e-004	8.079148e-001
4.051386115584344e-004	8.077036e-001
4.052566976269077e-004	8.077496e-001
4.054928697638546e-004	8.077400e-001
4.059652140377482e-004	8.077432e-001
4.069099025855355e-004	8.077422e-001
4.078864650855355e-004	8.077423e-001
4.088630275855355e-004	8.077422e-001
4.098395900855355e-004	8.077423e-001
4.108161525855355e-004	8.077422e-001
4.117927150855355e-004	8.077423e-001
4.127692775855355e-004	8.077422e-001
4.137458400855355e-004	8.077423e-001
4.147224025855355e-004	8.077423e-001
4.156989650855355e-004	8.077423e-001
4.166755275855355e-004	8.077422e-001
4.176520900855355e-004	8.077423e-001
4.186286525855355e-004	8.077423e-001
4.196052150855355e-004	8.077423e-001
4.205817775855355e-004	8.077422e-001
4.215583400855355e-004	8.077423e-001
4.225349025855355e-004	8.077422e-001
4.235114650855355e-004	8.077423e-001
4.244880275855355e-004	8.077422e-001
4.254645900855355e-004	8.077423e-001
4.264411525855355e-004	8.077422e-001
4.274177150855355e-004	8.077423e-001
4.283942775855355e-004	8.077422e-001
4.293708400855355e-004	8.077423e-001
4.303474025855355e-004	8.077423e-001
4.313239650855355e-004	8.077423e-001
4.323005275855355e-004	8.077422e-001
4.332770900855355e-004	8.077423e-001
4.342536525855355e-004	8.077423e-001
4.352302150855355e-004	8.077424e-001
4.362067775855355e-004	8.077424e-001
4.371833400855355e-004	8.077423e-001
4.381599025855355e-004	8.077422e-001
4.391364650855355e-004	8.077423e-001
4.401130275855355e-004	8.077422e-001
4.410895900855355e-004	8.077423e-001
4.420661525855355e-004	8.077424e-001
4.430427150855355e-004	8.077424e-001
4.440192775855355e-004	8.077423e-001
4.449958400855355e-004	8.077423e-001
4.459724025855355e-004	8.077423e-001
4.469489650855355e-004	8.077423e-001
4.479255275855355e-004	8.077424e-001
4.489020900855355e-004	8.077423e-001
4.498786525855355e-004	8.077422e-001
4.508552150855355e-004	8.077422e-001
4.528083400855355e-004	8.077423e-001
4.537849025855355e-004	8.077423e-001
4.540234375000001e-004	8.077423e-001
4.545005073289292e-004	8.077422e-001
4.550000000000000e-004	8.077385e-001
4.550499492671071e-004	8.077215e-001
4.551498478013213e-004	8.186382e-001
4.553496448697496e-004	8.562191e-001
4.556605451079037e-004	9.390125e-001
4.560836490357501e-004	1.120098e+000
4.563919580522256e-004	1.347837e+000
4.565423715878831e-004	1.543605e+000
4.566373486844581e-004	1.744249e+000
4.566969766108387e-004	1.939533e+000
4.567461184348104e-004	2.189809e+000
4.567841510666881e-004	2.523978e+000
4.568200593389235e-004	3.098065e+000
4.568623188364749e-004	4.252133e+000
4.569281685239438e-004	6.814603e+000
4.569862499375755e-004	9.451153e+000
4.570225889839650e-004	1.109047e+001
4.570610443426189e-004	1.256541e+001
4.571023262891819e-004	1.396762e+001
4.571746355123364e-004	1.532040e+001
4.572487623617212e-004	1.487033e+001
4.573805575154770e-004	1.094328e+001
4.575664568044159e-004	4.169610e+000
4.577829142578145e-004	9.393854e-001
4.579268044435858e-004	4.424687e-001
4.581000606928389e-004	2.062885e-002
4.582400692739578e-004	1.928353e-003
4.583923166967096e-004	1.488948e-002
4.586003943835312e-004	1.041304e-002
4.588410204054858e-004	1.207027e-002
4.591969083851823e-004	1.182024e-002
4.595451379924090e-004	1.238924e-002
4.600000000000000e-004	3.473699e-002
4.600011985686253e-004	2.067260e-002
4.600035957058759e-004	1.072375e-002
4.600073777636858e-004	6.659231e-003
4.600100057940312e-004	4.727034e-003
4.600124946793013e-004	3.516709e-003
4.600152372263870e-004	2.594415e-003
4.600181795743053e-004	1.892965e-003
4.600209418491589e-004	1.435086e-003
4.600236167733363e-004	1.121781e-003
4.600264445152951e-004	8.886730e-004
4.600291314941229e-004	7.248382e-004
4.600320175703007e-004	5.984321e-004
4.600346558778773e-004	5.094232e-004
4.600376032322358e-004	4.356824e-004
4.600401502808847e-004	3.837929e-004
4.600431997344497e-004	3.356605e-004
4.600455522075669e-004	3.037603e-004
4.600487662659774e-004	2.705410e-004
4.600512587108742e-004	2.467471e-004
4.600545114691560e-004	2.226343e-004
4.600573317315374e-004	2.024590e-004
4.600606228565468e-004	1.836457e-004
4.600638107437812e-004	1.658463e-004
4.600672309002995e-004	1.502554e-004
4.600707361720468e-004	1.347621e-004
4.600743600791976e-004	1.215100e-004
4.600781218020029e-004	1.083573e-004
4.600819435728814e-004	9.735252e-005
4.600861286254837e-004	8.589973e-005
4.600900363297350e-004	7.682711e-005
4.600943163040741e-004	6.754619e-005
4.600984557495341e-004	6.012745e-005
4.601030458928365e-004	5.231385e-005
4.601076542150594e-004	4.602985e-005
4.601128253249631e-004	3.933218e-005
4.601181641972509e-004	3.395398e-005
4.601242778440720e-004	2.820078e-005
4.601306747362012e-004	2.366740e-005
4.601382106306583e-004	1.884053e-005
4.601461000191728e-004	1.519542e-005
4.601557149299502e-004	1.137006e-005
4.601656776778319e-004	8.687543e-006
4.601782882483471e-004	5.942154e-006
4.601911173047922e-004	4.227465e-006
4.602079804666318e-004	2.526586e-006
4.602259546365706e-004	1.610426e-006
4.602503571506933e-004	7.393133e-007
4.602796746901049e-004	4.113099e-007
4.603239007009077e-004	7.966918e-008
4.603841262956602e-004	6.511615e-008
4.604923080660646e-004	-1.330567e-008
4.606750506256684e-004	2.013570e-008
4.627848121053289e-004	1.365635e-008
4.648945735849894e-004	8.654509e-009
4.670043350646499e-004	5.130196e-009
4.691140965443103e-004	3.083406e-009
4.712238580239708e-004	2.514139e-009
4.733336195036313e-004	3.422395e-009
4.754433809832918e-004	5.808174e-009
4.996722207326685e-004	1.138708e-008
5.000000000000000e-004	4.059295e-005
5.000007211148909e-004	-1.042216e-003
5.000021633446726e-004	-3.060605e-003
5.000035469352335e-004	-4.736135e-003
5.000048378961468e-004	-5.994720e-003
5.000072098257714e-004	-7.785577e-003
5.000098684759495e-004	-9.230182e-003
5.000139425947364e-004	-1.064228e-002
5.000187633274308e-004	-1.158251e-002
5.000260570133981e-004	-1.222834e-002
5.000357518799801e-004	-1.253114e-002
5.000518719801882e-004	-1.263357e-002
5.000788159561508e-004	-1.263480e-002
5.001327039080760e-004	-1.258596e-002
5.002404798119263e-004	-1.247676e-002
5.004560316196270e-004	-1.225167e-002
5.008871352350285e-004	-1.180096e-002
5.017493424658313e-004	3.204872e+000
5.027259049658313e-004	6.077444e+001
5.030898188657015e-004	1.601783e+002
5.033302188982892e-004	2.668383e+002
5.035047352974066e-004	3.226469e+002
5.036798411744165e-004	3.140580e+002
5.038282437049761e-004	2.287735e+002
5.039338653931428e-004	1.138187e+002
5.039835437097791e-004	5.019438e+001
5.040112213374683e-004	2.311920e+001
5.040411468445771e-004	5.977297e+000
5.040506785865259e-004	3.270692e+000
5.040607145818889e-004	2.063953e+000
5.040662672723722e-004	1.718195e+000
5.040735377197994e-004	1.461869e+000
5.040810796724614e-004	1.297530e+000
5.040893898574304e-004	1.191603e+000
5.041001982323049e-004	1.113440e+000
5.041105580880041e-004	1.073493e+000
5.041276919882643e-004	1.041059e+000
5.041438606576849e-004	1.025517e+000
5.041735231524667e-004	1.010316e+000
5.042084273761279e-004	9.969491e-001
5.042732766361621e-004	9.756766e-001
5.043830792229808e-004	9.443235e-001
5.046026843966182e-004	8.941257e-001
5.050000000000000e-004	8.218070e-001
5.050397315603382e-004	8.138620e-001
5.051191946810146e-004	8.082683e-001
5.052781209223673e-004	8.077157e-001
5.054273950891453e-004	8.078383e-001
5.057259434227015e-004	8.077085e-001
5.063230400898137e-004	8.077536e-001
5.072996025898137e-004	8.077419e-001
5.082761650898137e-004	8.077428e-001
5.092527275898137e-004	8.077419e-001
5.102292900898137e-004	8.077428e-001
5.112058525898137e-004	8.077420e-001
5.121824150898137e-004	8.077427e-001
5.131589775898137e-004	8.077420e-001
5.141355400898137e-004	8.077427e-001
5.151121025898137e-004	8.077421e-001
5.160886650898137e-004	8.077426e-001
5.170652275898137e-004	8.077421e-001
5.180417900898137e-004	8.077425e-001
5.190183525898137e-004	8.077421e-001
5.199949150898137e-004	8.077425e-001
5.209714775898137e-004	8.077421e-001
5.219480400898137e-004	8.077425e-001
5.229246025898137e-004	8.077421e-001
5.239011650898137e-004	8.077425e-001
5.248777275898137e-004	8.077422e-001
5.258542900898137e-004	8.077425e-001
5.268308525898137e-004	8.077421e-001
5.278074150898137e-004	8.077425e-001
5.287839775898137e-004	8.077422e-001
5.297605400898137e-004	8.077425e-001
5.307371025898137e-004	8.077422e-001
5.317136650898137e-004	8.077424e-001
5.326902275898137e-004	8.077422e-001
5.336667900898137e-004	8.077424e-001
5.346433525898137e-004	8.077422e-001
5.356199150898137e-004	8.077423e-001
5.365964775898137e-004	8.077422e-001
5.375730400898137e-004	8.077424e-001
5.385496025898137e-004	8.077423e-001
5.395261650898137e-004	8.077424e-001
5.405027275898137e-004	8.077422e-001
5.414792900898137e-004	8.077423e-001
5.424558525898137e-004	8.077422e-001
5.434324150898137e-004	8.077424e-001
5.444089775898137e-004	8.077422e-001
5.453855400898137e-004	8.077423e-001
5.463621025898137e-004	8.077423e-001
5.473386650898137e-004	8.077423e-001
5.483152275898137e-004	8.077422e-001
5.492917900898137e-004	8.077424e-001
5.502683525898137e-004	8.077423e-001
5.512449150898137e-004	8.077424e-001
5.522214775898137e-004	8.077422e-001
5.531980400898137e-004	8.077421e-001
5.540234375000001e-004	8.077421e-001
5.550000000000001e-004	8.077142e-001
5.550976562500000e-004	8.148081e-001
5.552929687500000e-004	8.462840e-001
5.556835937500000e-004	9.547739e-001
5.561986205090465e-004	1.195294e+000
5.564465926475669e-004	1.412906e+000
5.565912964869393e-004	1.644082e+000
5.566790371343610e-004	1.878981e+000
5.567341106793119e-004	2.119779e+000
5.567755210975859e-004	2.434015e+000
5.568116074603526e-004	2.955910e+000
5.568582852065227e-004	4.114223e+000
5.569127632250554e-004	6.131494e+000
5.569771791852956e-004	9.036440e+000
5.570155935312054e-004	1.079284e+001
5.570537057637153e-004	1.229855e+001
5.570924416745606e-004	1.371486e+001
5.571699134962510e-004	1.531406e+001
5.572397893884286e-004	1.497173e+001
5.573630153578940e-004	1.156983e+001
5.575445548103547e-004	4.663087e+000
5.577598461174896e-004	1.009498e+000
5.579025610073371e-004	5.464292e-001
5.580828908619145e-004	2.926315e-002
5.582175097295648e-004	-1.030326e-002
5.583763052380700e-004	1.709021e-002
5.585561709707976e-004	8.633730e-003
5.588077741111589e-004	1.251931e-002
5.592419661288563e-004	1.412970e-002
5.592850012303770e-004	1.377507e-002
5.593710714334183e-004	1.233386e-002
5.595432118395010e-004	1.224734e-002
5.596557191878347e-004	1.237541e-002
5.597749853033328e-004	1.249352e-002
5.600000000000001e-004	1.979575e-002
5.600005254618204e-004	1.459104e-002
5.600015763854610e-004	1.049237e-002
5.600036782327422e-004	7.939580e-003
5.600063251661026e-004	5.564283e-003
5.600089768658542e-004	3.873945e-003
5.600119365773514e-004	2.590445e-003
5.600146848004927e-004	1.777082e-003
5.600174876621281e-004	1.219979e-003
5.600202757073489e-004	8.397425e-004
5.600230072719289e-004	5.890131e-004
5.600259206217821e-004	4.043087e-004
5.600285453355128e-004	2.888948e-004
5.600310123146491e-004	2.127993e-004
5.600337420639658e-004	1.549716e-004
5.600361029491355e-004	1.180930e-004
5.600388215302999e-004	8.838129e-005
5.600409548654522e-004	7.078454e-005
5.600435948921404e-004	5.543948e-005
5.600455413308999e-004	4.654869e-005
5.600479873669011e-004	3.885218e-005
5.600498598011790e-004	3.389375e-005
5.600520043858552e-004	2.969571e-005
5.600537473629157e-004	2.656121e-005
5.600556628855592e-004	2.487629e-005
5.600575971254574e-004	2.187783e-005
5.600595937371225e-004	2.077374e-005
5.600619381943724e-004	1.799087e-005
5.600643257297226e-004	1.710701e-005
5.600676933667536e-004	1.450733e-005
5.600707690460803e-004	1.333979e-005
5.600750619243167e-004	1.113146e-005
5.600794959632917e-004	9.970030e-006
5.600857924214465e-004	7.991313e-006
5.600922154992507e-004	6.855507e-006
5.601030318410237e-004	4.874952e-006
5.601132042225588e-004	3.771986e-006
5.601306356902082e-004	2.227442e-006
5.601526196668189e-004	1.327153e-006
5.601920469367722e-004	4.520057e-007
5.602520005149593e-004	1.368210e-007
5.603719076713334e-004	-2.440770e-009
5.606096857103970e-004	1.150743e-008
5.610852417885241e-004	2.829724e-009
5.990234375000001e-004	6.283252e-009
6.000000000000001e-004	2.199387e-005
6.000021484391598e-004	-2.619470e-003
6.000064453174792e-004	-6.472781e-003
6.000150390741180e-004	-1.072409e-002
6.000207114723073e-004	-1.193405e-002
6.000272438136641e-004	-1.235627e-002
6.000363054988549e-004	-1.255442e-002
6.000544288692366e-004	-1.263537e-002
6.000862199401388e-004	-1.262916e-002
6.001498020819431e-004	-1.256905e-002
6.002769663655518e-004	-1.243886e-002
6.005312949327690e-004	-1.217295e-002
6.010399520672036e-004	-1.164122e-002
6.020165145672036e-004	2.590161e+001
6.029930770672036e-004	1.599508e+002
6.033666942426342e-004	2.775656e+002
6.036130453310397e-004	3.216229e+002
6.037706497595017e-004	2.690683e+002
6.038954892348395e-004	1.579084e+002
6.039591794659802e-004	7.766144e+001
6.039943539467178e-004	3.599575e+001
6.040223312355411e-004	1.361990e+001
6.040384125461642e-004	5.705389e+000
6.040458431611368e-004	3.576059e+000
6.040534829560900e-004	2.444110e+000
6.040586185423764e-004	2.004770e+000
6.040654761360595e-004	1.649827e+000
6.040723556181146e-004	1.427503e+000
6.040805549832278e-004	1.269701e+000
6.040898337993229e-004	1.166321e+000
6.041004068217962e-004	1.102931e+000
6.041154123148049e-004	1.057402e+000
6.041295449525319e-004	1.036796e+000
6.041578102279859e-004	1.017390e+000
6.041858808850775e-004	1.005059e+000
6.042420221992607e-004	9.856883e-001
6.043273202341429e-004	9.596318e-001
6.044979163039074e-004	9.148430e-001
6.046588078604711e-004	8.779283e-001
6.046782168868726e-004	8.739744e-001
6.047170349396756e-004	8.667069e-001
6.047946710452815e-004	8.529365e-001
6.048836115271616e-004	8.383488e-001
6.050000000000001e-004	8.194749e-001
6.050116388472839e-004	8.153614e-001
6.050349165418516e-004	8.105002e-001
6.050814719309870e-004	8.078939e-001
6.051420533230147e-004	8.077065e-001
6.052632161070701e-004	8.077492e-001
6.055055416751807e-004	8.077401e-001
6.059901928114022e-004	8.077432e-001
6.069594950838450e-004	8.077422e-001
6.079360575838450e-004	8.077423e-001
6.089126200838450e-004	8.077423e-001
6.098891825838450e-004	8.077424e-001
6.108657450838450e-004	8.077422e-001
6.118423075838450e-004	8.077423e-001
6.128188700838450e-004	8.077422e-001
6.137954325838450e-004	8.077423e-001
6.147719950838450e-004	8.077422e-001
6.157485575838450e-004	8.077423e-001
6.167251200838450e-004	8.077423e-001
6.177016825838450e-004	8.077423e-001
6.186782450838450e-004	8.077423e-001
6.196548075838450e-004	8.077423e-001
6.206313700838450e-004	8.077423e-001
6.216079325838450e-004	8.077423e-001
6.225844950838450e-004	8.077422e-001
6.235610575838450e-004	8.077423e-001
6.245376200838450e-004	8.077423e-001
6.255141825838450e-004	8.077423e-001
6.264907450838451e-004	8.077422e-001
6.274673075838451e-004	8.077423e-001
6.284438700838451e-004	8.077422e-001
6.294204325838451e-004	8.077423e-001
6.303969950838451e-004	8.077422e-001
6.313735575838451e-004	8.077423e-001
6.323501200838451e-004	8.077422e-001
6.333266825838451e-004	8.077424e-001
6.343032450838451e-004	8.077424e-001
6.352798075838451e-004	8.077423e-001
6.362563700838451e-004	8.077422e-001
6.372329325838451e-004	8.077423e-001
6.382094950838451e-004	8.077423e-001
6.391860575838451e-004	8.077424e-001
6.401626200838451e-004	8.077423e-001
6.411391825838451e-004	8.077422e-001
6.421157450838451e-004	8.077422e-001
6.430923075838451e-004	8.077423e-001
6.440688700838451e-004	8.077423e-001
6.450454325838451e-004	8.077423e-001
6.460219950838451e-004	8.077424e-001
6.469985575838451e-004	8.077424e-001
6.479751200838451e-004	8.077423e-001
6.489516825838451e-004	8.077422e-001
6.499282450838451e-004	8.077422e-001
6.509048075838451e-004	8.077422e-001
6.518813700838451e-004	8.077422e-001
6.528579325838451e-004	8.077422e-001
6.538344950838451e-004	8.077424e-001
6.540234375000001e-004	8.077424e-001
6.544013223323101e-004	8.077423e-001
6.550000000000001e-004	8.077387e-001
6.550598677667691e-004	8.090713e-001
6.551796033003071e-004	8.237997e-001
6.554190743673830e-004	8.721924e-001
6.557716510775781e-004	9.739325e-001
6.561273948451058e-004	1.138611e+000
6.563945851018989e-004	1.345269e+000
6.565337864991510e-004	1.524572e+000
6.566228735021615e-004	1.706308e+000
6.566908013384660e-004	1.915507e+000
6.567388215597815e-004	2.142917e+000
6.567782775944580e-004	2.458949e+000
6.568137425870058e-004	2.984912e+000
6.568581726905199e-004	4.117298e+000
6.569173230322644e-004	6.340094e+000
6.569805039810632e-004	9.193446e+000
6.570183789776026e-004	1.093270e+001
6.570595629834055e-004	1.252084e+001
6.570987302562017e-004	1.388298e+001
6.571770648017940e-004	1.535565e+001
6.572488730252252e-004	1.483755e+001
6.573810465841116e-004	1.088890e+001
6.575643258972740e-004	4.163989e+000
6.577834619035346e-004	9.351989e-001
6.579283435601393e-004	4.367641e-001
6.581015866855472e-004	1.993564e-002
6.582414590963486e-004	2.378476e-003
6.583939915767033e-004	1.466242e-002
6.586018412024011e-004	1.047086e-002
6.588396444076503e-004	1.204462e-002
6.591871429285755e-004	1.176998e-002
6.595622967730604e-004	1.236226e-002
6.600000000000001e-004	2.949000e-002
6.600011525049242e-004	1.900447e-002
6.600034575147722e-004	1.100296e-002
6.600072979573818e-004	6.769733e-003
6.600098986586617e-004	4.804480e-003
6.600123679995187e-004	3.573078e-003
6.600151137381123e-004	2.622324e-003
6.600180358810043e-004	1.907662e-003
6.600208253384788e-004	1.438718e-003
6.600237845292196e-004	1.090670e-003
6.600265049453156e-004	8.643636e-004
6.600291807123631e-004	7.030103e-004
6.600320593812293e-004	5.784658e-004
6.600347736560108e-004	4.887586e-004
6.600377499098413e-004	4.162963e-004
6.600404549255769e-004	3.635745e-004
6.600435440633500e-004	3.175111e-004
6.600461872460583e-004	2.841627e-004
6.600494643129919e-004	2.516747e-004
6.600521047181942e-004	2.283390e-004
6.600555979068451e-004	2.039738e-004
6.600585058578656e-004	1.850483e-004
6.600621618672241e-004	1.660104e-004
6.600655898150195e-004	1.489983e-004
6.600694200972271e-004	1.333786e-004
6.600733216691010e-004	1.183552e-004
6.600774315320854e-004	1.052010e-004
6.600817070488456e-004	9.249447e-005
6.600860841958289e-004	8.177176e-005
6.600909823892578e-004	7.071018e-005
6.600954968300266e-004	6.226778e-005
6.601009654907161e-004	5.284862e-005
6.601061249362043e-004	4.570826e-005
6.601122916929426e-004	3.797397e-005
6.601184417844494e-004	3.198434e-005
6.601257407879428e-004	2.569501e-005
6.601331936660474e-004	2.090682e-005
6.601422455451858e-004	1.594543e-005
6.601514337717124e-004	1.239429e-005
6.601630265202574e-004	8.744744e-006
6.601754246919046e-004	6.280057e-006
6.601917140084681e-004	3.839093e-006
6.602106908142496e-004	2.398550e-006
6.602389103336877e-004	1.029479e-006
6.602743236772224e-004	4.968971e-007
6.603399348549909e-004	6.419584e-008
6.604323240522775e-004	3.772776e-008
6.606171024468508e-004	-9.369279e-009
6.994000168714195e-004	3.552771e-010
7.000000000000001e-004	-4.239689e-005
7.000013199641661e-004	-1.813676e-003
7.000039598924980e-004	-4.741886e-003
7.000092397491619e-004	-8.721799e-003
7.000134084010667e-004	-1.054113e-002
7.000177889885219e-004	-1.148695e-002
7.000237824302933e-004	-1.210604e-002
7.000331518039009e-004	-1.247977e-002
7.000473330941348e-004	-1.262319e-002
7.000716606665862e-004	-1.263900e-002
7.001203158114890e-004	-1.259788e-002
7.002176261012945e-004	-1.250036e-002
7.004122466809055e-004	-1.229748e-002
7.008014878401275e-004	-1.189049e-002
7.015799701585715e-004	-1.107666e-002
7.025565326585715e-004	3.053509e+001
7.029593867521253e-004	1.091766e+002
7.032162226293808e-004	2.147928e+002
7.034043694645038e-004	2.961289e+002
7.035784628845860e-004	3.286927e+002
7.037587195551880e-004	2.798179e+002
7.038749233828015e-004	1.856843e+002
7.039457285083719e-004	9.930432e+001
7.039851726080512e-004	4.836143e+001
7.040118414049948e-004	2.250270e+001
7.040375786390430e-004	7.059945e+000
7.040473915434296e-004	3.826710e+000
7.040575290988453e-004	2.282224e+000
7.040626512173884e-004	1.881577e+000
7.040696493687274e-004	1.570450e+000
7.040769264051973e-004	1.369021e+000
7.040852290416106e-004	1.233220e+000
7.040948299027271e-004	1.143321e+000
7.041057133001777e-004	1.088841e+000
7.041213602121893e-004	1.049519e+000
7.041360002194983e-004	1.031637e+000
7.041652802341163e-004	1.013965e+000
7.041947647271099e-004	1.001786e+000
7.042537337130971e-004	9.818484e-001
7.043439122101028e-004	9.548708e-001
7.045242692041142e-004	9.081386e-001
7.046392860119772e-004	8.825426e-001
7.047699663842740e-004	8.582463e-001
7.050000000000000e-004	8.216211e-001
7.050230033615726e-004	8.146547e-001
7.050690100847178e-004	8.089336e-001
7.051610235310082e-004	8.076645e-001
7.052621953108950e-004	8.078141e-001
7.054645388706684e-004	8.077212e-001
7.058692259902154e-004	8.077505e-001
7.066786002293093e-004	8.077409e-001
7.076551627293093e-004	8.077425e-001
7.086317252293093e-004	8.077422e-001
7.096082877293093e-004	8.077425e-001
7.105848502293093e-004	8.077422e-001
7.115614127293093e-004	8.077425e-001
7.125379752293093e-004	8.077422e-001
7.135145377293093e-004	8.077424e-001
7.144911002293093e-004	8.077422e-001
7.154676627293093e-004	8.077424e-001
7.164442252293093e-004	8.077422e-001
7.174207877293093e-004	8.077424e-001
7.183973502293093e-004	8.077422e-001
7.193739127293093e-004	8.077424e-001
7.203504752293093e-004	8.077422e-001
7.213270377293093e-004	8.077423e-001
7.223036002293093e-004	8.077422e-001
7.232801627293093e-004	8.077423e-001
7.242567252293093e-004	8.077422e-001
7.252332877293093e-004	8.077424e-001
7.262098502293093e-004	8.077422e-001
7.271864127293093e-004	8.077424e-001
7.281629752293093e-004	8.077422e-001
7.291395377293093e-004	8.077423e-001
7.301161002293093e-004	8.077422e-001
7.310926627293093e-004	8.077424e-001
7.320692252293093e-004	8.077422e-001
7.330457877293093e-004	8.077423e-001
7.340223502293093e-004	8.077422e-001
7.349989127293093e-004	8.077424e-001
7.359754752293093e-004	8.077423e-001
7.369520377293093e-004	8.077424e-001
7.379286002293093e-004	8.077422e-001
7.389051627293093e-004	8.077423e-001
7.398817252293093e-004	8.077422e-001
7.408582877293093e-004	8.077424e-001
7.418348502293093e-004	8.077424e-001
7.428114127293093e-004	8.077424e-001
7.437879752293093e-004	8.077423e-001
7.447645377293093e-004	8.077424e-001
7.457411002293093e-004	8.077422e-001
7.467176627293093e-004	8.077423e-001
7.476942252293093e-004	8.077423e-001
7.486707877293093e-004	8.077423e-001
7.496473502293093e-004	8.077422e-001
7.506239127293093e-004	8.077423e-001
7.516004752293093e-004	8.077422e-001
7.525770377293093e-004	8.077423e-001
7.535536002293093e-004	8.077427e-001
7.540234375000000e-004	8.077384e-001
7.540603254586186e-004	8.077396e-001
7.541341013758557e-004	8.077425e-001
7.542816532103299e-004	8.077422e-001
7.545767568792783e-004	8.077423e-001
7.550000000000000e-004	8.077441e-001
7.550423243120723e-004	8.067564e-001
7.551269729362166e-004	8.148705e-001
7.552962701845052e-004	8.449922e-001
7.555754185751200e-004	9.163957e-001
7.560839941882264e-004	1.129895e+000
7.564208431444258e-004	1.389254e+000
7.565792319158806e-004	1.623486e+000
7.566780953649851e-004	1.882433e+000
7.567389106665301e-004	2.154014e+000
7.567812474960062e-004	2.500624e+000
7.568182382634961e-004	3.077304e+000
7.568631959280273e-004	4.288120e+000
7.569267539876709e-004	6.742634e+000
7.569844850176628e-004	9.366874e+000
7.570209381799576e-004	1.102472e+001
7.570597544179898e-004	1.252229e+001
7.571002305240608e-004	1.390651e+001
7.571720012622605e-004	1.530553e+001
7.572454457923305e-004	1.492563e+001
7.573743928049891e-004	1.118153e+001
7.575595635083915e-004	4.337187e+000
7.577747324105352e-004	9.648491e-001
7.579175269950199e-004	4.810936e-001
7.580929723476379e-004	2.422516e-002
7.582312709293174e-004	-2.086527e-003
7.583850527749878e-004	1.594655e-002
7.585817959147319e-004	9.861811e-003
7.588260457391646e-004	1.222083e-002
7.592015952749010e-004	1.194855e-002
7.594873283572494e-004	1.249744e-002
7.600000000000000e-004	3.402143e-002
7.600011658103002e-004	2.016622e-002
7.600034974309007e-004	1.048172e-002
7.600071508201142e-004	6.711018e-003
7.600098378895426e-004	4.801561e-003
7.600123645398018e-004	3.604603e-003
7.600151266114373e-004	2.698878e-003
7.600180710179770e-004	2.011796e-003
7.600208485767638e-004	1.558229e-003
7.600235485104019e-004	1.243459e-003
7.600264042055047e-004	1.006756e-003
7.600291293767069e-004	8.373702e-004
7.600320640235969e-004	7.044761e-004
7.600347689058892e-004	6.084032e-004
7.600378001929015e-004	5.272160e-004
7.600404544017363e-004	4.682261e-004
7.600436434229843e-004	4.126563e-004
7.600461847625231e-004	3.739549e-004
7.600496075746273e-004	3.333199e-004
7.600523784737596e-004	3.028716e-004
7.600559394570219e-004	2.717246e-004
7.600591348710063e-004	2.451572e-004
7.600628531185771e-004	2.200267e-004
7.600665515764279e-004	1.962316e-004
7.600705054090696e-004	1.751753e-004
7.600746134953962e-004	1.546649e-004
7.600788514600333e-004	1.369635e-004
7.600832196292746e-004	1.201824e-004
7.600876537351865e-004	1.059765e-004
7.600923930457008e-004	9.214964e-005
7.600967864823725e-004	8.115030e-005
7.601014471392640e-004	7.074254e-005
7.601057555096890e-004	6.251792e-005
7.601104123361696e-004	5.437970e-005
7.601149050100474e-004	4.789800e-005
7.601197561547359e-004	4.134965e-005
7.601246306156266e-004	3.611792e-005
7.601299504367931e-004	3.070291e-005
7.601354263434273e-004	2.643006e-005
7.601415327110507e-004	2.191647e-005
7.601479013099868e-004	1.844262e-005
7.601551811279963e-004	1.474610e-005
7.601628266744042e-004	1.200905e-005
7.601717866531752e-004	9.116202e-006
7.601812130835127e-004	7.098963e-006
7.601925398932183e-004	5.004532e-006
7.602044203456953e-004	3.675838e-006
7.602190348259317e-004	2.309384e-006
7.602354810738868e-004	1.561024e-006
7.602567637368853e-004	7.642078e-007
7.602831234099376e-004	4.672167e-007
7.603215732376510e-004	1.051528e-007
7.603750308828095e-004	8.499951e-008
7.604685471329225e-004	-1.590317e-008
7.606268435094753e-004	2.320339e-008
7.609434362625810e-004	-2.929021e-009
7.990234375000000e-004	7.769827e-009
7.993966379248300e-004	-3.268553e-008
7.997139224510203e-004	-6.483828e-009
8.000000000000000e-004	-4.264628e-005
8.000006293716823e-004	-9.458609e-004
8.000018881150467e-004	-2.723939e-003
8.000030506279970e-004	-4.202447e-003
8.000041482298751e-004	-5.357210e-003
8.000063222244782e-004	-7.180686e-003
8.000086977814394e-004	-8.661444e-003
8.000124034707732e-004	-1.019727e-002
8.000166880097884e-004	-1.125370e-002
8.000231796621478e-004	-1.204153e-002
8.000315542280635e-004	-1.244532e-002
8.000451325561243e-004	-1.261301e-002
8.000664466584668e-004	-1.264186e-002
8.001090748631519e-004	-1.260840e-002
8.001943312725223e-004	-1.252430e-002
8.003648440912628e-004	-1.234705e-002
8.007058697287441e-004	-1.199045e-002
8.013879210037065e-004	-1.127744e-002
8.023644835037066e-004	3.498325e+001
8.030236309759225e-004	1.553249e+002
8.033483003383909e-004	2.730559e+002
8.035560893854896e-004	3.260108e+002
8.037265960935189e-004	2.961957e+002
8.038464404607834e-004	2.130988e+002
8.039284632934739e-004	1.202279e+002
8.039739978314339e-004	6.028456e+001
8.040018325747254e-004	2.991658e+001
8.040304852712622e-004	9.796283e+000
8.040427086605543e-004	4.619978e+000
8.040484396954464e-004	3.247316e+000
8.040543671193496e-004	2.467586e+000
8.040611218203788e-004	1.928237e+000
8.040679352167738e-004	1.605498e+000
8.040776516498160e-004	1.342662e+000
8.040868006009526e-004	1.207268e+000
8.040996599748726e-004	1.112520e+000
8.041133203110645e-004	1.064655e+000
8.041345229994732e-004	1.033192e+000
8.041569776644984e-004	1.017621e+000
8.042018869945488e-004	9.993612e-001
8.042487468617284e-004	9.833441e-001
8.043424665960876e-004	9.554186e-001
8.045299060648060e-004	9.066220e-001
8.046251210625632e-004	8.855930e-001
8.048155510580776e-004	8.505663e-001
8.050000000000001e-004	8.202965e-001
8.050184448941922e-004	8.146544e-001
8.050553346825767e-004	8.093534e-001
8.051291142593457e-004	8.076344e-001
8.052766734128837e-004	8.077614e-001
8.054958916000137e-004	8.077305e-001
8.059343279742737e-004	8.077470e-001
8.068112007227938e-004	8.077418e-001
8.077877632227938e-004	8.077423e-001
8.087643257227938e-004	8.077422e-001
8.097408882227938e-004	8.077425e-001
8.107174507227938e-004	8.077422e-001
8.116940132227938e-004	8.077425e-001
8.126705757227938e-004	8.077422e-001
8.136471382227938e-004	8.077423e-001
8.146237007227938e-004	8.077423e-001
8.156002632227938e-004	8.077424e-001
8.165768257227938e-004	8.077423e-001
8.175533882227938e-004	8.077423e-001
8.185299507227938e-004	8.077423e-001
8.195065132227938e-004	8.077423e-001
8.204830757227938e-004	8.077422e-001
8.214596382227938e-004	8.077423e-001
8.224362007227938e-004	8.077422e-001
8.234127632227938e-004	8.077423e-001
8.243893257227938e-004	8.077423e-001
8.253658882227938e-004	8.077423e-001
8.263424507227938e-004	8.077422e-001
8.273190132227938e-004	8.077423e-001
8.282955757227938e-004	8.077422e-001
8.292721382227938e-004	8.077423e-001
8.302487007227938e-004	8.077422e-001
8.312252632227938e-004	8.077423e-001
8.322018257227938e-004	8.077422e-001
8.331783882227938e-004	8.077423e-001
8.341549507227938e-004	8.077423e-001
8.351315132227938e-004	8.077423e-001
8.361080757227938e-004	8.077423e-001
8.370846382227938e-004	8.077423e-001
8.380612007227938e-004	8.077422e-001
8.390377632227938e-004	8.077423e-001
8.400143257227938e-004	8.077422e-001
8.409908882227938e-004	8.077423e-001
8.419674507227938e-004	8.077424e-001
8.429440132227938e-004	8.077424e-001
8.439205757227938e-004	8.077424e-001
8.448971382227938e-004	8.077424e-001
8.458737007227938e-004	8.077424e-001
8.468502632227938e-004	8.077423e-001
8.478268257227938e-004	8.077422e-001
8.488033882227938e-004	8.077423e-001
8.497799507227938e-004	8.077422e-001
8.507565132227938e-004	8.077423e-001
8.517330757227938e-004	8.077422e-001
8.527096382227938e-004	8.077423e-001
8.536862007227938e-004	8.077426e-001
8.540234375000001e-004	8.077422e-001
8.543255264455876e-004	8.077433e-001
8.543958221088250e-004	8.077430e-001
8.545364134352998e-004	8.077422e-001
8.547188173470505e-004	8.077423e-001
8.550000000000001e-004	8.077427e-001
8.550281182652950e-004	8.052213e-001
8.550843547958849e-004	8.083960e-001
8.551968278570648e-004	8.261068e-001
8.554185830657084e-004	8.712746e-001
8.557385468067094e-004	9.639460e-001
8.561462376477329e-004	1.151691e+000
8.563973835953102e-004	1.347635e+000
8.565366372862124e-004	1.529229e+000
8.566243210135064e-004	1.710405e+000
8.566934880627323e-004	1.926356e+000
8.567405412561454e-004	2.153257e+000
8.567799192917039e-004	2.476875e+000
8.568154553351036e-004	3.014398e+000
8.568591601660667e-004	4.155510e+000
8.569218453489763e-004	6.541844e+000
8.569831822265513e-004	9.316526e+000
8.570204362380134e-004	1.101275e+001
8.570604429249221e-004	1.254894e+001
8.571005361617908e-004	1.390864e+001
8.571725913553197e-004	1.530903e+001
8.572461427400471e-004	1.491338e+001
8.573758393209854e-004	1.112284e+001
8.575608824881769e-004	4.298624e+000
8.577766058153470e-004	9.589122e-001
8.579197084971912e-004	4.719710e-001
8.580946272603502e-004	2.337807e-002
8.582332858644098e-004	-1.121389e-003
8.583866954976907e-004	1.570523e-002
8.585857079861223e-004	1.000023e-002
8.588286768914817e-004	1.218254e-002
8.591977347426384e-004	1.189167e-002
8.595054012532497e-004	1.245479e-002
8.600000000000001e-004	3.027203e-002
8.600012045442384e-004	1.887781e-002
8.600036136327152e-004	1.046917e-002
8.600075329602749e-004	6.462695e-003
8.600101183932986e-004	4.655782e-003
8.600125868509374e-004	3.516398e-003
8.600153309254755e-004	2.633448e-003
8.600182888938379e-004	1.955988e-003
8.600210821212029e-004	1.513256e-003
8.600240945997313e-004	1.175718e-003
8.600268257034245e-004	9.562945e-004
8.600295249015569e-004	7.964833e-004
8.600324547749700e-004	6.700564e-004
8.600352245428161e-004	5.766000e-004
8.600382927309786e-004	4.988274e-004
8.600410976097654e-004	4.404863e-004
8.600443361843881e-004	3.878724e-004
8.600471261688968e-004	3.487290e-004
8.600506418823651e-004	3.094835e-004
8.600535824223063e-004	2.798329e-004
8.600573959287628e-004	2.488535e-004
8.600607321940330e-004	2.237152e-004
8.600648387665645e-004	1.985336e-004
8.600688492447189e-004	1.755985e-004
8.600732620038743e-004	1.546891e-004
8.600778427490870e-004	1.348063e-004
8.600826312756744e-004	1.174645e-004
8.600875623315556e-004	1.014547e-004
8.600925969122048e-004	8.791433e-005
8.600980463261028e-004	7.492950e-005
8.601029671357131e-004	6.508188e-005
8.601086362866567e-004	5.500246e-005
8.601138753152039e-004	4.737649e-005
8.601198485541887e-004	3.961710e-005
8.601256658609567e-004	3.363399e-005
8.601322431896480e-004	2.759406e-005
8.601388534772040e-004	2.296572e-005
8.601464211284690e-004	1.827158e-005
8.601541150336947e-004	1.479456e-005
8.601631172723587e-004	1.125768e-005
8.601723039239721e-004	8.780192e-006
8.601832868882177e-004	6.271808e-006
8.601946691217838e-004	4.636881e-006
8.602083649501020e-004	3.006115e-006
8.602239113357883e-004	2.060482e-006
8.602437079092166e-004	1.072589e-006
8.602679775258691e-004	6.604972e-007
8.603030093290044e-004	1.839523e-007
8.603507549342372e-004	1.228759e-007
8.604331211198902e-004	-1.515229e-008
8.605680367466886e-004	2.768922e-008
8.608378680002854e-004	-5.224645e-009
8.990234375000001e-004	8.230155e-010
9.000000000000001e-004	-4.633157e-005
9.000021484394158e-004	-2.642938e-003
9.000064453182473e-004	-6.472811e-003
9.000150390759103e-004	-1.072404e-002
9.000207123712601e-004	-1.193414e-002
9.000272443711046e-004	-1.235629e-002
9.000363068306188e-004	-1.255444e-002
9.000544317496470e-004	-1.263537e-002
9.000862268294928e-004	-1.262916e-002
9.001498169891846e-004	-1.256903e-002
9.002769973085682e-004	-1.243883e-002
9.005313579473354e-004	-1.217288e-002
9.010400792248697e-004	-1.164109e-002
9.020166417248697e-004	2.591658e+001
9.029932042248697e-004	1.600032e+002
9.033668236461588e-004	2.776084e+002
9.036131473944089e-004	3.216126e+002
9.037707192249999e-004	2.690219e+002
9.038955534015170e-004	1.578303e+002
9.039592204277138e-004	7.760576e+001
9.039943822922035e-004	3.596659e+001
9.040223618727503e-004	1.360077e+001
9.040384224577195e-004	5.701013e+000
9.040458455627795e-004	3.575096e+000
9.040534821916097e-004	2.444132e+000
9.040586265450702e-004	2.004199e+000
9.040654808236434e-004	1.649586e+000
9.040723653825680e-004	1.427245e+000
9.040805676296144e-004	1.269500e+000
9.040898479609687e-004	1.166199e+000
9.041004295040490e-004	1.102831e+000
9.041154430117081e-004	1.057341e+000
9.041295891186089e-004	1.036750e+000
9.041578813324104e-004	1.017354e+000
9.041859811470553e-004	1.005021e+000
9.042421807763448e-004	9.856364e-001
9.043276137377690e-004	9.595483e-001
9.044984796606172e-004	9.146974e-001
9.046582681543036e-004	8.780627e-001
9.046804230126274e-004	8.735597e-001
9.047247327292749e-004	8.653180e-001
9.049107842613442e-004	8.338941e-001
9.050000000000001e-004	8.216451e-001
9.050089215738657e-004	8.166710e-001
9.050267647215969e-004	8.113206e-001
9.050624510170592e-004	8.081855e-001
9.051061414927397e-004	8.076951e-001
9.051935224441006e-004	8.077477e-001
9.053682843468224e-004	8.077409e-001
9.057178081522661e-004	8.077429e-001
9.064168557631535e-004	8.077422e-001
9.073934182631535e-004	8.077424e-001
9.083699807631535e-004	8.077424e-001
9.093465432631535e-004	8.077423e-001
9.103231057631535e-004	8.077423e-001
9.112996682631535e-004	8.077423e-001
9.122762307631536e-004	8.077422e-001
9.132527932631536e-004	8.077423e-001
9.142293557631536e-004	8.077423e-001
9.152059182631536e-004	8.077423e-001
9.161824807631536e-004	8.077423e-001
9.171590432631536e-004	8.077423e-001
9.181356057631536e-004	8.077422e-001
9.191121682631536e-004	8.077423e-001
9.200887307631536e-004	8.077422e-001
9.210652932631536e-004	8.077423e-001
9.220418557631536e-004	8.077422e-001
9.230184182631536e-004	8.077423e-001
9.239949807631536e-004	8.077422e-001
9.249715432631536e-004	8.077423e-001
9.259481057631536e-004	8.077422e-001
9.269246682631536e-004	8.077423e-001
9.279012307631536e-004	8.077423e-001
9.288777932631536e-004	8.077423e-001
9.298543557631536e-004	8.077423e-001
9.308309182631536e-004	8.077423e-001
9.318074807631536e-004	8.077422e-001
9.327840432631536e-004	8.077422e-001
9.337606057631536e-004	8.077422e-001
9.347371682631536e-004	8.077422e-001
9.357137307631536e-004	8.077423e-001
9.366902932631536e-004	8.077423e-001
9.376668557631536e-004	8.077422e-001
9.386434182631536e-004	8.077422e-001
9.396199807631536e-004	8.077422e-001
9.405965432631536e-004	8.077422e-001
9.415731057631536e-004	8.077423e-001
9.425496682631536e-004	8.077423e-001
9.435262307631536e-004	8.077422e-001
9.445027932631536e-004	8.077422e-001
9.454793557631536e-004	8.077423e-001
9.464559182631536e-004	8.077423e-001
9.474324807631536e-004	8.077423e-001
9.484090432631536e-004	8.077423e-001
9.493856057631536e-004	8.077422e-001
9.503621682631536e-004	8.077422e-001
9.513387307631536e-004	8.077423e-001
9.523152932631536e-004	8.077423e-001
9.532918557631536e-004	8.077423e-001
9.540234375000001e-004	8.077423e-001
9.550000000000001e-004	8.077392e-001
9.550976562500001e-004	8.148175e-001
9.552929687500001e-004	8.462843e-001
9.556835937500000e-004	9.547243e-001
9.561979012300605e-004	1.194686e+000
9.564458844625964e-004	1.411902e+000
9.565905949348019e-004	1.642410e+000
9.566783471549353e-004	1.876356e+000
9.567334379883892e-004	2.115801e+000
9.567749231336674e-004	2.427801e+000
9.568109946848475e-004	2.945875e+000
9.568580048768103e-004	4.103366e+000
9.569114681074661e-004	6.079156e+000
9.569772418786859e-004	9.044913e+000
9.570158174960935e-004	1.080424e+001
9.570540173474371e-004	1.231044e+001
9.570928565369580e-004	1.372779e+001
9.571705349159998e-004	1.531855e+001
9.572404872157742e-004	1.496108e+001
9.573643460031955e-004	1.151951e+001
9.575460206486005e-004	4.623541e+000
9.577615977760319e-004	1.002844e+000
9.579043645902673e-004	5.384685e-001
9.580840670403231e-004	2.869199e-002
9.582191100492325e-004	-9.236949e-003
9.583772282726361e-004	1.698171e-002
9.585587243494282e-004	8.799897e-003
9.588088739761549e-004	1.247614e-002
9.592314061311438e-004	1.308584e-002
9.593300263895975e-004	1.303800e-002
9.595272669065051e-004	1.231058e-002
9.596055189661850e-004	1.243181e-002
9.597620230855448e-004	1.247240e-002
9.600000000000001e-004	6.958599e-003
9.600008008252655e-004	9.446996e-003
9.600024024757962e-004	9.420283e-003
9.600056057768578e-004	6.157947e-003
9.600080777369041e-004	4.340655e-003
9.600105801612448e-004	3.096613e-003
9.600134298699572e-004	2.105969e-003
9.600162008738429e-004	1.447741e-003
9.600190893559857e-004	9.814551e-004
9.600217780629392e-004	6.879715e-004
9.600246829699290e-004	4.710403e-004
9.600273320517187e-004	3.347755e-004
9.600298975544568e-004	2.430007e-004
9.600326606413385e-004	1.752105e-004
9.600352003551551e-004	1.304265e-004
9.600379661773322e-004	9.676024e-005
9.600403643497084e-004	7.532153e-005
9.600430877270512e-004	5.805604e-005
9.600452341739200e-004	4.769957e-005
9.600478976014724e-004	3.858725e-005
9.600498767738085e-004	3.315575e-005
9.600523607156383e-004	2.837708e-005
9.600542745499012e-004	2.505694e-005
9.600566041424768e-004	2.289940e-005
9.600589162777658e-004	1.995408e-005
9.600614267213542e-004	1.839757e-005
9.600643419135878e-004	1.579128e-005
9.600674369138727e-004	1.445336e-005
9.600713425491097e-004	1.219707e-005
9.600754594087167e-004	1.093903e-005
9.600809891389583e-004	8.929825e-006
9.600868037546551e-004	7.712793e-006
9.600952664182569e-004	5.851985e-006
9.601040142132442e-004	4.727331e-006
9.601189945530789e-004	3.000125e-006
9.601340593254048e-004	2.057609e-006
9.601601124049137e-004	9.664966e-007
9.601949321767844e-004	4.555495e-007
9.602645717205258e-004	7.133721e-008
9.603702407490942e-004	1.917292e-008
9.605815788062308e-004	-1.049609e-009
9.990234375000001e-004	2.820014e-008
9.998442842284454e-004	7.728531e-009
1.000000000000000e-003	-1.238732e-008
