V(out)	I(R3)	power

%Step Information: Ifail=4  (Run: 2/4)
8.999109e-020	8.999109e+000	8.098397e-019	
9.423224e-020	8.999109e+000	8.480062e-019	
9.867327e-020	8.999109e+000	8.879715e-019	
1.033236e-019	8.999109e+000	9.298203e-019	
1.081931e-019	8.999109e+000	9.736414e-019	
1.132921e-019	8.999109e+000	1.019528e-018	
1.186314e-019	8.999109e+000	1.067577e-018	
1.242223e-019	8.999109e+000	1.117890e-018	
1.300767e-019	8.999109e+000	1.170574e-018	
1.362070e-019	8.999109e+000	1.225742e-018	
1.426263e-019	8.999109e+000	1.283509e-018	
1.493480e-019	8.999109e+000	1.343999e-018	
1.563866e-019	8.999109e+000	1.407340e-018	
1.637569e-019	8.999109e+000	1.473666e-018	
1.714745e-019	8.999109e+000	1.543118e-018	
1.795558e-019	8.999109e+000	1.615842e-018	
1.880180e-019	8.999109e+000	1.691995e-018	
1.968791e-019	8.999109e+000	1.771736e-018	
2.061577e-019	8.999109e+000	1.855235e-018	
2.158736e-019	8.999109e+000	1.942670e-018	
2.260474e-019	8.999109e+000	2.034225e-018	
2.367007e-019	8.999109e+000	2.130095e-018	
2.478560e-019	8.999109e+000	2.230484e-018	
2.595371e-019	8.999109e+000	2.335603e-018	
2.717687e-019	8.999109e+000	2.445677e-018	
2.845768e-019	8.999109e+000	2.560938e-018	
2.979885e-019	8.999109e+000	2.681631e-018	
3.120323e-019	8.999109e+000	2.808013e-018	
3.267379e-019	8.999109e+000	2.940350e-018	
3.421366e-019	8.999109e+000	3.078925e-018	
3.582610e-019	8.999109e+000	3.224030e-018	
3.751453e-019	8.999109e+000	3.375974e-018	
3.928254e-019	8.999109e+000	3.535078e-018	
4.113386e-019	8.999109e+000	3.701681e-018	
4.307244e-019	8.999109e+000	3.876136e-018	
4.510238e-019	8.999109e+000	4.058813e-018	
4.722800e-019	8.999109e+000	4.250099e-018	
4.945378e-019	8.999109e+000	4.450400e-018	
5.178447e-019	8.999109e+000	4.660141e-018	
5.422499e-019	8.999109e+000	4.879766e-018	
5.678054e-019	8.999109e+000	5.109743e-018	
5.945652e-019	8.999109e+000	5.350557e-018	
6.225862e-019	8.999109e+000	5.602721e-018	
6.519278e-019	8.999109e+000	5.866770e-018	
6.826522e-019	8.999109e+000	6.143262e-018	
7.148246e-019	8.999109e+000	6.432785e-018	
7.485133e-019	8.999109e+000	6.735953e-018	
7.837896e-019	8.999109e+000	7.053408e-018	
8.207285e-019	8.999109e+000	7.385825e-018	
8.594082e-019	8.999109e+000	7.733909e-018	
8.999109e-019	8.999109e+000	8.098396e-018	
9.423224e-019	8.999109e+000	8.480062e-018	
9.867327e-019	8.999109e+000	8.879715e-018	
1.033236e-018	8.999109e+000	9.298203e-018	
1.081931e-018	8.999109e+000	9.736414e-018	
1.132921e-018	8.999109e+000	1.019528e-017	
1.186314e-018	8.999109e+000	1.067577e-017	
1.242223e-018	8.999109e+000	1.117890e-017	
1.300767e-018	8.999109e+000	1.170574e-017	
1.362070e-018	8.999109e+000	1.225742e-017	
1.426263e-018	8.999109e+000	1.283509e-017	
1.493480e-018	8.999109e+000	1.343999e-017	
1.563866e-018	8.999109e+000	1.407340e-017	
1.637569e-018	8.999109e+000	1.473666e-017	
1.714745e-018	8.999109e+000	1.543118e-017	
1.795558e-018	8.999109e+000	1.615843e-017	
1.880180e-018	8.999109e+000	1.691995e-017	
1.968791e-018	8.999109e+000	1.771736e-017	
2.061577e-018	8.999109e+000	1.855236e-017	
2.158736e-018	8.999109e+000	1.942670e-017	
2.260474e-018	8.999109e+000	2.034225e-017	
2.367007e-018	8.999109e+000	2.130095e-017	
2.478560e-018	8.999109e+000	2.230484e-017	
2.595371e-018	8.999109e+000	2.335603e-017	
2.717687e-018	8.999109e+000	2.445677e-017	
2.845768e-018	8.999109e+000	2.560938e-017	
2.979885e-018	8.999109e+000	2.681631e-017	
3.120323e-018	8.999109e+000	2.808013e-017	
3.267379e-018	8.999109e+000	2.940350e-017	
3.421366e-018	8.999109e+000	3.078925e-017	
3.582610e-018	8.999109e+000	3.224030e-017	
3.751453e-018	8.999109e+000	3.375974e-017	
3.928253e-018	8.999109e+000	3.535078e-017	
4.113386e-018	8.999109e+000	3.701681e-017	
4.307244e-018	8.999109e+000	3.876136e-017	
4.510239e-018	8.999109e+000	4.058813e-017	
4.722800e-018	8.999109e+000	4.250099e-017	
4.945378e-018	8.999109e+000	4.450400e-017	
5.178447e-018	8.999109e+000	4.660141e-017	
5.422499e-018	8.999109e+000	4.879766e-017	
5.678054e-018	8.999109e+000	5.109743e-017	
5.945652e-018	8.999109e+000	5.350557e-017	
6.225862e-018	8.999109e+000	5.602721e-017	
6.519278e-018	8.999109e+000	5.866770e-017	
6.826522e-018	8.999109e+000	6.143262e-017	
7.148247e-018	8.999109e+000	6.432785e-017	
7.485133e-018	8.999109e+000	6.735953e-017	
7.837896e-018	8.999109e+000	7.053408e-017	
8.207285e-018	8.999109e+000	7.385826e-017	
8.594082e-018	8.999109e+000	7.733909e-017	
8.999109e-018	8.999109e+000	8.098396e-017	
9.423224e-018	8.999109e+000	8.480062e-017	
9.867327e-018	8.999109e+000	8.879715e-017	
1.033236e-017	8.999109e+000	9.298203e-017	
1.081931e-017	8.999109e+000	9.736414e-017	
1.132921e-017	8.999109e+000	1.019528e-016	
1.186314e-017	8.999109e+000	1.067577e-016	
1.242223e-017	8.999109e+000	1.117890e-016	
1.300767e-017	8.999109e+000	1.170574e-016	
1.362070e-017	8.999109e+000	1.225742e-016	
1.426263e-017	8.999109e+000	1.283509e-016	
1.493480e-017	8.999109e+000	1.343999e-016	
1.563866e-017	8.999109e+000	1.407340e-016	
1.637569e-017	8.999109e+000	1.473666e-016	
1.714745e-017	8.999109e+000	1.543118e-016	
1.795558e-017	8.999109e+000	1.615843e-016	
1.880180e-017	8.999109e+000	1.691995e-016	
1.968791e-017	8.999109e+000	1.771736e-016	
2.061577e-017	8.999109e+000	1.855235e-016	
2.158736e-017	8.999109e+000	1.942670e-016	
2.260474e-017	8.999109e+000	2.034225e-016	
2.367007e-017	8.999109e+000	2.130095e-016	
2.478560e-017	8.999109e+000	2.230484e-016	
2.595371e-017	8.999109e+000	2.335603e-016	
2.717688e-017	8.999109e+000	2.445677e-016	
2.845768e-017	8.999109e+000	2.560938e-016	
2.979885e-017	8.999109e+000	2.681631e-016	
3.120323e-017	8.999109e+000	2.808013e-016	
3.267379e-017	8.999109e+000	2.940350e-016	
3.421366e-017	8.999109e+000	3.078925e-016	
3.582610e-017	8.999109e+000	3.224030e-016	
3.751453e-017	8.999109e+000	3.375974e-016	
3.928254e-017	8.999109e+000	3.535078e-016	
4.113387e-017	8.999109e+000	3.701681e-016	
4.307244e-017	8.999109e+000	3.876136e-016	
4.510239e-017	8.999109e+000	4.058813e-016	
4.722800e-017	8.999109e+000	4.250099e-016	
4.945378e-017	8.999109e+000	4.450400e-016	
5.178447e-017	8.999109e+000	4.660141e-016	
5.422499e-017	8.999109e+000	4.879767e-016	
5.678054e-017	8.999109e+000	5.109742e-016	
5.945652e-017	8.999109e+000	5.350558e-016	
6.225862e-017	8.999109e+000	5.602721e-016	
6.519278e-017	8.999109e+000	5.866770e-016	
6.826522e-017	8.999109e+000	6.143262e-016	
7.148246e-017	8.999109e+000	6.432785e-016	
7.485133e-017	8.999109e+000	6.735953e-016	
7.837896e-017	8.999109e+000	7.053409e-016	
8.207285e-017	8.999109e+000	7.385825e-016	
8.594082e-017	8.999109e+000	7.733909e-016	
8.999109e-017	8.999109e+000	8.098397e-016	
9.423224e-017	8.999109e+000	8.480062e-016	
9.867327e-017	8.999109e+000	8.879715e-016	
1.033236e-016	8.999109e+000	9.298203e-016	
1.081931e-016	8.999109e+000	9.736414e-016	
1.132921e-016	8.999109e+000	1.019528e-015	
1.186314e-016	8.999109e+000	1.067577e-015	
1.242223e-016	8.999109e+000	1.117890e-015	
1.300767e-016	8.999109e+000	1.170574e-015	
1.362070e-016	8.999109e+000	1.225742e-015	
1.426263e-016	8.999109e+000	1.283509e-015	
1.493480e-016	8.999109e+000	1.343999e-015	
1.563866e-016	8.999109e+000	1.407340e-015	
1.637569e-016	8.999109e+000	1.473666e-015	
1.714745e-016	8.999109e+000	1.543118e-015	
1.795558e-016	8.999109e+000	1.615843e-015	
1.880180e-016	8.999109e+000	1.691995e-015	
1.968791e-016	8.999109e+000	1.771736e-015	
2.061577e-016	8.999109e+000	1.855236e-015	
2.158736e-016	8.999109e+000	1.942670e-015	
2.260474e-016	8.999109e+000	2.034225e-015	
2.367007e-016	8.999109e+000	2.130095e-015	
2.478561e-016	8.999109e+000	2.230484e-015	
2.595371e-016	8.999109e+000	2.335603e-015	
2.717687e-016	8.999109e+000	2.445677e-015	
2.845768e-016	8.999109e+000	2.560938e-015	
2.979885e-016	8.999109e+000	2.681631e-015	
3.120323e-016	8.999109e+000	2.808013e-015	
3.267379e-016	8.999109e+000	2.940350e-015	
3.421366e-016	8.999109e+000	3.078925e-015	
3.582610e-016	8.999109e+000	3.224030e-015	
3.751453e-016	8.999109e+000	3.375974e-015	
3.928253e-016	8.999109e+000	3.535078e-015	
4.113387e-016	8.999109e+000	3.701681e-015	
4.307244e-016	8.999109e+000	3.876136e-015	
4.510239e-016	8.999109e+000	4.058813e-015	
4.722799e-016	8.999109e+000	4.250099e-015	
4.945378e-016	8.999109e+000	4.450400e-015	
5.178447e-016	8.999109e+000	4.660141e-015	
5.422500e-016	8.999109e+000	4.879767e-015	
5.678054e-016	8.999109e+000	5.109743e-015	
5.945652e-016	8.999109e+000	5.350558e-015	
6.225862e-016	8.999109e+000	5.602721e-015	
6.519278e-016	8.999109e+000	5.866770e-015	
6.826522e-016	8.999109e+000	6.143262e-015	
7.148247e-016	8.999109e+000	6.432785e-015	
7.485133e-016	8.999109e+000	6.735953e-015	
7.837896e-016	8.999109e+000	7.053408e-015	
8.207285e-016	8.999109e+000	7.385825e-015	
8.594083e-016	8.999109e+000	7.733909e-015	
8.999109e-016	8.999109e+000	8.098396e-015	
9.423224e-016	8.999109e+000	8.480062e-015	
9.867327e-016	8.999109e+000	8.879716e-015	
1.033236e-015	8.999109e+000	9.298204e-015	
1.081931e-015	8.999109e+000	9.736414e-015	
1.132921e-015	8.999109e+000	1.019528e-014	
1.186314e-015	8.999109e+000	1.067577e-014	
1.242223e-015	8.999109e+000	1.117890e-014	
1.300767e-015	8.999109e+000	1.170574e-014	
1.362070e-015	8.999109e+000	1.225742e-014	
1.426263e-015	8.999109e+000	1.283509e-014	
1.493480e-015	8.999109e+000	1.343999e-014	
1.563866e-015	8.999109e+000	1.407340e-014	
1.637569e-015	8.999109e+000	1.473666e-014	
1.714745e-015	8.999109e+000	1.543118e-014	
1.795558e-015	8.999109e+000	1.615842e-014	
1.880180e-015	8.999109e+000	1.691995e-014	
1.968790e-015	8.999109e+000	1.771736e-014	
2.061577e-015	8.999109e+000	1.855235e-014	
2.158736e-015	8.999109e+000	1.942670e-014	
2.260474e-015	8.999109e+000	2.034225e-014	
2.367007e-015	8.999109e+000	2.130095e-014	
2.478560e-015	8.999109e+000	2.230484e-014	
2.595371e-015	8.999109e+000	2.335603e-014	
2.717687e-015	8.999109e+000	2.445677e-014	
2.845768e-015	8.999109e+000	2.560938e-014	
2.979885e-015	8.999109e+000	2.681631e-014	
3.120323e-015	8.999109e+000	2.808012e-014	
3.267379e-015	8.999109e+000	2.940350e-014	
3.421366e-015	8.999109e+000	3.078924e-014	
3.582610e-015	8.999109e+000	3.224030e-014	
3.751453e-015	8.999109e+000	3.375974e-014	
3.928253e-015	8.999109e+000	3.535078e-014	
4.113386e-015	8.999109e+000	3.701681e-014	
4.307244e-015	8.999109e+000	3.876136e-014	
4.510239e-015	8.999109e+000	4.058813e-014	
4.722799e-015	8.999109e+000	4.250099e-014	
4.945378e-015	8.999109e+000	4.450400e-014	
5.178447e-015	8.999109e+000	4.660141e-014	
5.422500e-015	8.999109e+000	4.879767e-014	
5.678054e-015	8.999109e+000	5.109743e-014	
5.945652e-015	8.999109e+000	5.350558e-014	
6.225862e-015	8.999109e+000	5.602722e-014	
6.519278e-015	8.999109e+000	5.866770e-014	
6.826522e-015	8.999109e+000	6.143262e-014	
7.148247e-015	8.999109e+000	6.432785e-014	
7.485133e-015	8.999109e+000	6.735953e-014	
7.837897e-015	8.999109e+000	7.053409e-014	
8.207285e-015	8.999109e+000	7.385826e-014	
8.594083e-015	8.999109e+000	7.733909e-014	
8.999109e-015	8.999109e+000	8.098397e-014	
9.423224e-015	8.999109e+000	8.480062e-014	
9.867327e-015	8.999109e+000	8.879715e-014	
1.033236e-014	8.999109e+000	9.298203e-014	
1.081931e-014	8.999109e+000	9.736414e-014	
1.132921e-014	8.999109e+000	1.019528e-013	
1.186314e-014	8.999109e+000	1.067577e-013	
1.242223e-014	8.999109e+000	1.117890e-013	
1.300767e-014	8.999109e+000	1.170574e-013	
1.362070e-014	8.999109e+000	1.225742e-013	
1.426263e-014	8.999109e+000	1.283509e-013	
1.493480e-014	8.999109e+000	1.343999e-013	
1.563866e-014	8.999109e+000	1.407340e-013	
1.637569e-014	8.999109e+000	1.473666e-013	
1.714745e-014	8.999109e+000	1.543118e-013	
1.795558e-014	8.999109e+000	1.615842e-013	
1.880180e-014	8.999109e+000	1.691995e-013	
1.968791e-014	8.999109e+000	1.771736e-013	
2.061577e-014	8.999109e+000	1.855235e-013	
2.158736e-014	8.999109e+000	1.942670e-013	
2.260474e-014	8.999109e+000	2.034225e-013	
2.367007e-014	8.999109e+000	2.130095e-013	
2.478560e-014	8.999109e+000	2.230484e-013	
2.595371e-014	8.999109e+000	2.335603e-013	
2.717687e-014	8.999109e+000	2.445677e-013	
2.845768e-014	8.999109e+000	2.560938e-013	
2.979885e-014	8.999109e+000	2.681631e-013	
3.120323e-014	8.999109e+000	2.808012e-013	
3.267379e-014	8.999109e+000	2.940350e-013	
3.421366e-014	8.999109e+000	3.078925e-013	
3.582610e-014	8.999109e+000	3.224030e-013	
3.751453e-014	8.999109e+000	3.375974e-013	
3.928254e-014	8.999109e+000	3.535078e-013	
4.113386e-014	8.999109e+000	3.701681e-013	
4.307245e-014	8.999109e+000	3.876136e-013	
4.510239e-014	8.999109e+000	4.058813e-013	
4.722800e-014	8.999109e+000	4.250099e-013	
4.945378e-014	8.999109e+000	4.450400e-013	
5.178447e-014	8.999109e+000	4.660141e-013	
5.422499e-014	8.999109e+000	4.879766e-013	
5.678054e-014	8.999109e+000	5.109743e-013	
5.945652e-014	8.999109e+000	5.350557e-013	
6.225862e-014	8.999109e+000	5.602721e-013	
6.519278e-014	8.999109e+000	5.866769e-013	
6.826522e-014	8.999109e+000	6.143262e-013	
7.148247e-014	8.999109e+000	6.432785e-013	
7.485133e-014	8.999109e+000	6.735953e-013	
7.837896e-014	8.999109e+000	7.053408e-013	
8.207285e-014	8.999109e+000	7.385826e-013	
8.594082e-014	8.999109e+000	7.733909e-013	
8.999109e-014	8.999109e+000	8.098397e-013	
9.423224e-014	8.999109e+000	8.480062e-013	
9.867327e-014	8.999109e+000	8.879715e-013	
1.033236e-013	8.999109e+000	9.298203e-013	
1.081931e-013	8.999109e+000	9.736414e-013	
1.132921e-013	8.999109e+000	1.019528e-012	
1.186314e-013	8.999109e+000	1.067577e-012	
1.242223e-013	8.999109e+000	1.117890e-012	
1.300767e-013	8.999109e+000	1.170574e-012	
1.362070e-013	8.999109e+000	1.225742e-012	
1.426263e-013	8.999109e+000	1.283509e-012	
1.493480e-013	8.999109e+000	1.343999e-012	
1.563866e-013	8.999109e+000	1.407340e-012	
1.637569e-013	8.999109e+000	1.473666e-012	
1.714745e-013	8.999109e+000	1.543118e-012	
1.795558e-013	8.999109e+000	1.615843e-012	
1.880180e-013	8.999109e+000	1.691995e-012	
1.968791e-013	8.999109e+000	1.771736e-012	
2.061577e-013	8.999109e+000	1.855236e-012	
2.158736e-013	8.999109e+000	1.942670e-012	
2.260474e-013	8.999109e+000	2.034225e-012	
2.367007e-013	8.999109e+000	2.130095e-012	
2.478560e-013	8.999109e+000	2.230484e-012	
2.595371e-013	8.999109e+000	2.335603e-012	
2.717687e-013	8.999109e+000	2.445677e-012	
2.845768e-013	8.999109e+000	2.560938e-012	
2.979885e-013	8.999109e+000	2.681631e-012	
3.120323e-013	8.999109e+000	2.808013e-012	
3.267379e-013	8.999109e+000	2.940350e-012	
3.421366e-013	8.999109e+000	3.078925e-012	
3.582610e-013	8.999109e+000	3.224030e-012	
3.751453e-013	8.999109e+000	3.375974e-012	
3.928254e-013	8.999109e+000	3.535078e-012	
4.113386e-013	8.999109e+000	3.701681e-012	
4.307244e-013	8.999109e+000	3.876136e-012	
4.510238e-013	8.999109e+000	4.058813e-012	
4.722799e-013	8.999109e+000	4.250099e-012	
4.945378e-013	8.999109e+000	4.450400e-012	
5.178447e-013	8.999109e+000	4.660141e-012	
5.422499e-013	8.999109e+000	4.879767e-012	
5.678054e-013	8.999109e+000	5.109743e-012	
5.945652e-013	8.999109e+000	5.350558e-012	
6.225862e-013	8.999109e+000	5.602722e-012	
6.519278e-013	8.999109e+000	5.866770e-012	
6.826522e-013	8.999109e+000	6.143262e-012	
7.148246e-013	8.999109e+000	6.432785e-012	
7.485133e-013	8.999109e+000	6.735953e-012	
7.837896e-013	8.999109e+000	7.053409e-012	
8.207285e-013	8.999109e+000	7.385825e-012	
8.594082e-013	8.999109e+000	7.733909e-012	
8.999109e-013	8.999109e+000	8.098396e-012	
9.423224e-013	8.999109e+000	8.480062e-012	
9.867327e-013	8.999109e+000	8.879716e-012	
1.033236e-012	8.999109e+000	9.298204e-012	
1.081931e-012	8.999109e+000	9.736414e-012	
1.132921e-012	8.999109e+000	1.019528e-011	
1.186314e-012	8.999109e+000	1.067577e-011	
1.242223e-012	8.999109e+000	1.117890e-011	
1.300767e-012	8.999109e+000	1.170574e-011	
1.362070e-012	8.999109e+000	1.225742e-011	
1.426263e-012	8.999109e+000	1.283509e-011	
1.493480e-012	8.999109e+000	1.343999e-011	
1.563866e-012	8.999109e+000	1.407340e-011	
1.637569e-012	8.999109e+000	1.473666e-011	
1.714745e-012	8.999109e+000	1.543118e-011	
1.795558e-012	8.999109e+000	1.615843e-011	
1.880180e-012	8.999109e+000	1.691995e-011	
1.968791e-012	8.999109e+000	1.771736e-011	
2.061577e-012	8.999109e+000	1.855236e-011	
2.158736e-012	8.999109e+000	1.942670e-011	
2.260474e-012	8.999109e+000	2.034225e-011	
2.367007e-012	8.999109e+000	2.130095e-011	
2.478560e-012	8.999109e+000	2.230484e-011	
2.595371e-012	8.999109e+000	2.335603e-011	
2.717687e-012	8.999109e+000	2.445677e-011	
2.845768e-012	8.999109e+000	2.560938e-011	
2.979885e-012	8.999109e+000	2.681631e-011	
3.120323e-012	8.999109e+000	2.808013e-011	
3.267379e-012	8.999109e+000	2.940350e-011	
3.421366e-012	8.999109e+000	3.078925e-011	
3.582610e-012	8.999109e+000	3.224030e-011	
3.751453e-012	8.999109e+000	3.375974e-011	
3.928254e-012	8.999109e+000	3.535078e-011	
4.113386e-012	8.999109e+000	3.701681e-011	
4.307244e-012	8.999109e+000	3.876136e-011	
4.510239e-012	8.999109e+000	4.058813e-011	
4.722799e-012	8.999109e+000	4.250099e-011	
4.945378e-012	8.999109e+000	4.450400e-011	
5.178447e-012	8.999109e+000	4.660141e-011	
5.422499e-012	8.999109e+000	4.879766e-011	
5.678054e-012	8.999109e+000	5.109743e-011	
5.945652e-012	8.999109e+000	5.350558e-011	
6.225862e-012	8.999109e+000	5.602721e-011	
6.519278e-012	8.999109e+000	5.866770e-011	
6.826522e-012	8.999109e+000	6.143262e-011	
7.148246e-012	8.999109e+000	6.432785e-011	
7.485133e-012	8.999109e+000	6.735953e-011	
7.837896e-012	8.999109e+000	7.053408e-011	
8.207285e-012	8.999109e+000	7.385825e-011	
8.594082e-012	8.999109e+000	7.733908e-011	
8.999109e-012	8.999109e+000	8.098396e-011	
9.423224e-012	8.999109e+000	8.480063e-011	
9.867327e-012	8.999109e+000	8.879715e-011	
1.033236e-011	8.999109e+000	9.298204e-011	
1.081931e-011	8.999109e+000	9.736414e-011	
1.132921e-011	8.999109e+000	1.019528e-010	
1.186314e-011	8.999109e+000	1.067577e-010	
1.242223e-011	8.999109e+000	1.117890e-010	
1.300767e-011	8.999109e+000	1.170574e-010	
1.362070e-011	8.999109e+000	1.225742e-010	
1.426263e-011	8.999109e+000	1.283509e-010	
1.493480e-011	8.999109e+000	1.343999e-010	
1.563866e-011	8.999109e+000	1.407340e-010	
1.637569e-011	8.999109e+000	1.473666e-010	
1.714745e-011	8.999109e+000	1.543118e-010	
1.795558e-011	8.999109e+000	1.615843e-010	
1.880180e-011	8.999109e+000	1.691995e-010	
1.968791e-011	8.999109e+000	1.771736e-010	
2.061577e-011	8.999109e+000	1.855235e-010	
2.158736e-011	8.999109e+000	1.942670e-010	
2.260474e-011	8.999109e+000	2.034225e-010	
2.367007e-011	8.999109e+000	2.130095e-010	
2.478560e-011	8.999109e+000	2.230484e-010	
2.595371e-011	8.999109e+000	2.335603e-010	
2.717688e-011	8.999109e+000	2.445677e-010	
2.845768e-011	8.999109e+000	2.560938e-010	
2.979885e-011	8.999109e+000	2.681631e-010	
3.120323e-011	8.999109e+000	2.808013e-010	
3.267379e-011	8.999109e+000	2.940350e-010	
3.421366e-011	8.999109e+000	3.078925e-010	
3.582610e-011	8.999109e+000	3.224030e-010	
3.751453e-011	8.999109e+000	3.375974e-010	
3.928254e-011	8.999109e+000	3.535078e-010	
4.113386e-011	8.999109e+000	3.701681e-010	
4.307244e-011	8.999109e+000	3.876136e-010	
4.510239e-011	8.999109e+000	4.058813e-010	
4.722800e-011	8.999109e+000	4.250099e-010	
4.945378e-011	8.999109e+000	4.450400e-010	
5.178447e-011	8.999109e+000	4.660141e-010	
5.422499e-011	8.999109e+000	4.879766e-010	
5.678054e-011	8.999109e+000	5.109743e-010	
5.945652e-011	8.999109e+000	5.350557e-010	
6.225862e-011	8.999109e+000	5.602721e-010	
6.519278e-011	8.999109e+000	5.866770e-010	
6.826522e-011	8.999109e+000	6.143262e-010	
7.148247e-011	8.999109e+000	6.432785e-010	
7.485133e-011	8.999109e+000	6.735953e-010	
7.837896e-011	8.999109e+000	7.053409e-010	
8.207285e-011	8.999109e+000	7.385825e-010	
8.594082e-011	8.999109e+000	7.733909e-010	
8.999109e-011	8.999109e+000	8.098397e-010	
9.423224e-011	8.999109e+000	8.480062e-010	
9.867327e-011	8.999109e+000	8.879715e-010	
1.033236e-010	8.999109e+000	9.298203e-010	
1.081931e-010	8.999109e+000	9.736414e-010	
1.132921e-010	8.999109e+000	1.019528e-009	
1.186314e-010	8.999109e+000	1.067577e-009	
1.242223e-010	8.999109e+000	1.117890e-009	
1.300767e-010	8.999109e+000	1.170574e-009	
1.362070e-010	8.999109e+000	1.225742e-009	
1.426263e-010	8.999109e+000	1.283509e-009	
1.493480e-010	8.999109e+000	1.343999e-009	
1.563866e-010	8.999109e+000	1.407340e-009	
1.637569e-010	8.999109e+000	1.473666e-009	
1.714745e-010	8.999109e+000	1.543118e-009	
1.795558e-010	8.999109e+000	1.615843e-009	
1.880180e-010	8.999109e+000	1.691995e-009	
1.968791e-010	8.999109e+000	1.771736e-009	
2.061577e-010	8.999109e+000	1.855235e-009	
2.158736e-010	8.999109e+000	1.942670e-009	
2.260474e-010	8.999109e+000	2.034225e-009	
2.367007e-010	8.999109e+000	2.130095e-009	
2.478560e-010	8.999109e+000	2.230484e-009	
2.595371e-010	8.999109e+000	2.335603e-009	
2.717687e-010	8.999109e+000	2.445677e-009	
2.845768e-010	8.999109e+000	2.560938e-009	
2.979885e-010	8.999109e+000	2.681631e-009	
3.120323e-010	8.999109e+000	2.808012e-009	
3.267379e-010	8.999109e+000	2.940350e-009	
3.421366e-010	8.999109e+000	3.078924e-009	
3.582610e-010	8.999109e+000	3.224030e-009	
3.751453e-010	8.999109e+000	3.375974e-009	
3.928254e-010	8.999109e+000	3.535078e-009	
4.113387e-010	8.999109e+000	3.701682e-009	
4.307244e-010	8.999109e+000	3.876136e-009	
4.510239e-010	8.999109e+000	4.058813e-009	
4.722799e-010	8.999109e+000	4.250099e-009	
4.945378e-010	8.999109e+000	4.450400e-009	
5.178447e-010	8.999109e+000	4.660141e-009	
5.422499e-010	8.999109e+000	4.879766e-009	
5.678054e-010	8.999109e+000	5.109743e-009	
5.945652e-010	8.999109e+000	5.350557e-009	
6.225862e-010	8.999109e+000	5.602721e-009	
6.519278e-010	8.999109e+000	5.866769e-009	
6.826522e-010	8.999109e+000	6.143262e-009	
7.148246e-010	8.999109e+000	6.432785e-009	
7.485133e-010	8.999109e+000	6.735953e-009	
7.837896e-010	8.999109e+000	7.053409e-009	
8.207285e-010	8.999109e+000	7.385825e-009	
8.594082e-010	8.999109e+000	7.733908e-009	
8.999109e-010	8.999109e+000	8.098397e-009	
9.423224e-010	8.999109e+000	8.480063e-009	
9.867327e-010	8.999109e+000	8.879715e-009	
1.033236e-009	8.999109e+000	9.298203e-009	
1.081931e-009	8.999109e+000	9.736414e-009	
1.132921e-009	8.999109e+000	1.019528e-008	
1.186314e-009	8.999109e+000	1.067577e-008	
1.242223e-009	8.999109e+000	1.117890e-008	
1.300767e-009	8.999109e+000	1.170574e-008	
1.362070e-009	8.999109e+000	1.225742e-008	
1.426263e-009	8.999109e+000	1.283509e-008	
1.493480e-009	8.999109e+000	1.343999e-008	
1.563866e-009	8.999109e+000	1.407340e-008	
1.637569e-009	8.999109e+000	1.473666e-008	
1.714745e-009	8.999109e+000	1.543118e-008	
1.795558e-009	8.999109e+000	1.615842e-008	
1.880180e-009	8.999109e+000	1.691995e-008	
1.968790e-009	8.999109e+000	1.771736e-008	
2.061577e-009	8.999109e+000	1.855235e-008	
2.158736e-009	8.999109e+000	1.942670e-008	
2.260474e-009	8.999109e+000	2.034225e-008	
2.367007e-009	8.999109e+000	2.130095e-008	
2.478560e-009	8.999109e+000	2.230484e-008	
2.595371e-009	8.999109e+000	2.335603e-008	
2.717687e-009	8.999109e+000	2.445677e-008	
2.845768e-009	8.999109e+000	2.560938e-008	
2.979885e-009	8.999109e+000	2.681631e-008	
3.120323e-009	8.999109e+000	2.808012e-008	
3.267379e-009	8.999109e+000	2.940350e-008	
3.421366e-009	8.999109e+000	3.078925e-008	
3.582610e-009	8.999109e+000	3.224030e-008	
3.751453e-009	8.999109e+000	3.375973e-008	
3.928254e-009	8.999109e+000	3.535078e-008	
4.113387e-009	8.999109e+000	3.701681e-008	
4.307244e-009	8.999109e+000	3.876136e-008	
4.510238e-009	8.999109e+000	4.058813e-008	
4.722799e-009	8.999109e+000	4.250099e-008	
4.945378e-009	8.999109e+000	4.450400e-008	
5.178447e-009	8.999109e+000	4.660141e-008	
5.422499e-009	8.999109e+000	4.879766e-008	
5.678054e-009	8.999109e+000	5.109743e-008	
5.945652e-009	8.999109e+000	5.350558e-008	
6.225862e-009	8.999109e+000	5.602722e-008	
6.519278e-009	8.999109e+000	5.866770e-008	
6.826522e-009	8.999109e+000	6.143262e-008	
7.148246e-009	8.999109e+000	6.432785e-008	
7.485133e-009	8.999109e+000	6.735953e-008	
7.837897e-009	8.999109e+000	7.053409e-008	
8.207285e-009	8.999109e+000	7.385825e-008	
8.594083e-009	8.999109e+000	7.733909e-008	
8.999109e-009	8.999109e+000	8.098397e-008	
9.423224e-009	8.999109e+000	8.480062e-008	
9.867327e-009	8.999109e+000	8.879715e-008	
1.033236e-008	8.999109e+000	9.298204e-008	
1.081931e-008	8.999109e+000	9.736414e-008	
1.132921e-008	8.999109e+000	1.019528e-007	
1.186314e-008	8.999109e+000	1.067577e-007	
1.242223e-008	8.999109e+000	1.117890e-007	
1.300767e-008	8.999109e+000	1.170574e-007	
1.362070e-008	8.999109e+000	1.225742e-007	
1.426263e-008	8.999109e+000	1.283509e-007	
1.493480e-008	8.999109e+000	1.343999e-007	
1.563866e-008	8.999109e+000	1.407340e-007	
1.637569e-008	8.999109e+000	1.473666e-007	
1.714745e-008	8.999109e+000	1.543118e-007	
1.795558e-008	8.999109e+000	1.615843e-007	
1.880180e-008	8.999109e+000	1.691995e-007	
1.968790e-008	8.999109e+000	1.771736e-007	
2.061577e-008	8.999109e+000	1.855235e-007	
2.158736e-008	8.999109e+000	1.942670e-007	
2.260474e-008	8.999109e+000	2.034225e-007	
2.367007e-008	8.999109e+000	2.130095e-007	
2.478560e-008	8.999109e+000	2.230484e-007	
2.595371e-008	8.999109e+000	2.335603e-007	
2.717687e-008	8.999109e+000	2.445677e-007	
2.845768e-008	8.999109e+000	2.560938e-007	
2.979885e-008	8.999109e+000	2.681631e-007	
3.120323e-008	8.999109e+000	2.808013e-007	
3.267379e-008	8.999109e+000	2.940350e-007	
3.421366e-008	8.999109e+000	3.078925e-007	
3.582610e-008	8.999109e+000	3.224030e-007	
3.751453e-008	8.999109e+000	3.375974e-007	
3.928254e-008	8.999109e+000	3.535078e-007	
4.113387e-008	8.999109e+000	3.701682e-007	
4.307244e-008	8.999109e+000	3.876136e-007	
4.510239e-008	8.999109e+000	4.058813e-007	
4.722800e-008	8.999109e+000	4.250099e-007	
4.945378e-008	8.999109e+000	4.450400e-007	
5.178447e-008	8.999109e+000	4.660141e-007	
5.422499e-008	8.999109e+000	4.879766e-007	
5.678054e-008	8.999109e+000	5.109743e-007	
5.945653e-008	8.999109e+000	5.350558e-007	
6.225862e-008	8.999109e+000	5.602721e-007	
6.519278e-008	8.999109e+000	5.866769e-007	
6.826522e-008	8.999109e+000	6.143262e-007	
7.148246e-008	8.999109e+000	6.432785e-007	
7.485133e-008	8.999109e+000	6.735953e-007	
7.837896e-008	8.999109e+000	7.053408e-007	
8.207285e-008	8.999109e+000	7.385826e-007	
8.594083e-008	8.999109e+000	7.733909e-007	
8.999109e-008	8.999109e+000	8.098397e-007	
9.423224e-008	8.999109e+000	8.480062e-007	
9.867327e-008	8.999109e+000	8.879715e-007	
1.033236e-007	8.999109e+000	9.298203e-007	
1.081931e-007	8.999109e+000	9.736414e-007	
1.132921e-007	8.999109e+000	1.019528e-006	
1.186314e-007	8.999109e+000	1.067577e-006	
1.242223e-007	8.999109e+000	1.117890e-006	
1.300767e-007	8.999109e+000	1.170574e-006	
1.362070e-007	8.999109e+000	1.225742e-006	
1.426263e-007	8.999109e+000	1.283509e-006	
1.493480e-007	8.999109e+000	1.343999e-006	
1.563866e-007	8.999109e+000	1.407340e-006	
1.637569e-007	8.999109e+000	1.473666e-006	
1.714745e-007	8.999109e+000	1.543118e-006	
1.795558e-007	8.999109e+000	1.615842e-006	
1.880180e-007	8.999109e+000	1.691995e-006	
1.968791e-007	8.999109e+000	1.771736e-006	
2.061577e-007	8.999109e+000	1.855235e-006	
2.158736e-007	8.999109e+000	1.942670e-006	
2.260474e-007	8.999109e+000	2.034225e-006	
2.367007e-007	8.999109e+000	2.130095e-006	
2.478560e-007	8.999109e+000	2.230484e-006	
2.595371e-007	8.999109e+000	2.335603e-006	
2.717688e-007	8.999109e+000	2.445677e-006	
2.845768e-007	8.999109e+000	2.560938e-006	
2.979885e-007	8.999109e+000	2.681631e-006	
3.120323e-007	8.999109e+000	2.808013e-006	
3.267379e-007	8.999109e+000	2.940350e-006	
3.421366e-007	8.999109e+000	3.078925e-006	
3.582610e-007	8.999109e+000	3.224030e-006	
3.751453e-007	8.999109e+000	3.375974e-006	
3.928253e-007	8.999109e+000	3.535078e-006	
4.113386e-007	8.999109e+000	3.701681e-006	
4.307244e-007	8.999109e+000	3.876136e-006	
4.510239e-007	8.999109e+000	4.058813e-006	
4.722800e-007	8.999109e+000	4.250099e-006	
4.945378e-007	8.999109e+000	4.450400e-006	
5.178447e-007	8.999109e+000	4.660141e-006	
5.422499e-007	8.999109e+000	4.879767e-006	
5.678054e-007	8.999109e+000	5.109743e-006	
5.945652e-007	8.999109e+000	5.350557e-006	
6.225862e-007	8.999109e+000	5.602722e-006	
6.519278e-007	8.999109e+000	5.866769e-006	
6.826522e-007	8.999109e+000	6.143262e-006	
7.148246e-007	8.999109e+000	6.432785e-006	
7.485133e-007	8.999109e+000	6.735953e-006	
7.837896e-007	8.999109e+000	7.053409e-006	
8.207285e-007	8.999109e+000	7.385825e-006	
8.594083e-007	8.999109e+000	7.733909e-006	
8.999109e-007	8.999109e+000	8.098397e-006	
9.423224e-007	8.999109e+000	8.480062e-006	
9.867326e-007	8.999109e+000	8.879715e-006	
1.033236e-006	8.999109e+000	9.298204e-006	
1.081931e-006	8.999109e+000	9.736415e-006	
1.132921e-006	8.999109e+000	1.019528e-005	
1.186314e-006	8.999109e+000	1.067577e-005	
1.242223e-006	8.999109e+000	1.117890e-005	
1.300767e-006	8.999109e+000	1.170574e-005	
1.362070e-006	8.999109e+000	1.225742e-005	
1.426263e-006	8.999109e+000	1.283509e-005	
1.493480e-006	8.999109e+000	1.343999e-005	
1.563866e-006	8.999109e+000	1.407340e-005	
1.637569e-006	8.999109e+000	1.473666e-005	
1.714745e-006	8.999109e+000	1.543118e-005	
1.795558e-006	8.999109e+000	1.615843e-005	
1.880180e-006	8.999109e+000	1.691995e-005	
1.968790e-006	8.999109e+000	1.771736e-005	
2.061577e-006	8.999109e+000	1.855236e-005	
2.158736e-006	8.999109e+000	1.942670e-005	
2.260474e-006	8.999109e+000	2.034225e-005	
2.367007e-006	8.999109e+000	2.130095e-005	
2.478560e-006	8.999109e+000	2.230484e-005	
2.595371e-006	8.999109e+000	2.335603e-005	
2.717687e-006	8.999109e+000	2.445677e-005	
2.845768e-006	8.999109e+000	2.560938e-005	
2.979885e-006	8.999109e+000	2.681631e-005	
3.120323e-006	8.999109e+000	2.808012e-005	
3.267379e-006	8.999109e+000	2.940350e-005	
3.421366e-006	8.999109e+000	3.078924e-005	
3.582610e-006	8.999109e+000	3.224030e-005	
3.751453e-006	8.999109e+000	3.375974e-005	
3.928254e-006	8.999109e+000	3.535078e-005	
4.113386e-006	8.999109e+000	3.701681e-005	
4.307245e-006	8.999109e+000	3.876136e-005	
4.510238e-006	8.999109e+000	4.058813e-005	
4.722800e-006	8.999109e+000	4.250099e-005	
4.945378e-006	8.999109e+000	4.450400e-005	
5.178447e-006	8.999109e+000	4.660141e-005	
5.422499e-006	8.999109e+000	4.879766e-005	
5.678054e-006	8.999109e+000	5.109743e-005	
5.945652e-006	8.999109e+000	5.350558e-005	
6.225862e-006	8.999109e+000	5.602722e-005	
6.519278e-006	8.999109e+000	5.866770e-005	
6.826522e-006	8.999109e+000	6.143262e-005	
7.148246e-006	8.999109e+000	6.432785e-005	
7.485133e-006	8.999109e+000	6.735953e-005	
7.837896e-006	8.999109e+000	7.053408e-005	
8.207285e-006	8.999109e+000	7.385825e-005	
8.594082e-006	8.999109e+000	7.733908e-005	
8.999109e-006	8.999109e+000	8.098397e-005	
9.423224e-006	8.999109e+000	8.480062e-005	
9.867327e-006	8.999109e+000	8.879716e-005	
1.033236e-005	8.999109e+000	9.298204e-005	
1.081931e-005	8.999109e+000	9.736414e-005	
1.132921e-005	8.999109e+000	1.019528e-004	
1.186314e-005	8.999109e+000	1.067577e-004	
1.242223e-005	8.999109e+000	1.117890e-004	
1.300767e-005	8.999109e+000	1.170574e-004	
1.362070e-005	8.999109e+000	1.225742e-004	
1.426263e-005	8.999109e+000	1.283509e-004	
1.493480e-005	8.999109e+000	1.343999e-004	
1.563866e-005	8.999109e+000	1.407340e-004	
1.637569e-005	8.999109e+000	1.473666e-004	
1.714745e-005	8.999109e+000	1.543118e-004	
1.795558e-005	8.999109e+000	1.615843e-004	
1.880180e-005	8.999109e+000	1.691995e-004	
1.968790e-005	8.999109e+000	1.771736e-004	
2.061577e-005	8.999109e+000	1.855235e-004	
2.158736e-005	8.999109e+000	1.942670e-004	
2.260474e-005	8.999109e+000	2.034225e-004	
2.367007e-005	8.999109e+000	2.130095e-004	
2.478560e-005	8.999109e+000	2.230484e-004	
2.595371e-005	8.999109e+000	2.335603e-004	
2.717687e-005	8.999109e+000	2.445677e-004	
2.845768e-005	8.999109e+000	2.560938e-004	
2.979885e-005	8.999109e+000	2.681631e-004	
3.120323e-005	8.999109e+000	2.808013e-004	
3.267379e-005	8.999109e+000	2.940350e-004	
3.421366e-005	8.999109e+000	3.078925e-004	
3.582610e-005	8.999109e+000	3.224030e-004	
3.751453e-005	8.999109e+000	3.375974e-004	
3.928253e-005	8.999109e+000	3.535078e-004	
4.113387e-005	8.999109e+000	3.701682e-004	
4.307244e-005	8.999109e+000	3.876136e-004	
4.510238e-005	8.999109e+000	4.058813e-004	
4.722800e-005	8.999109e+000	4.250099e-004	
4.945378e-005	8.999109e+000	4.450400e-004	
5.178447e-005	8.999109e+000	4.660141e-004	
5.422499e-005	8.999109e+000	4.879767e-004	
5.678054e-005	8.999109e+000	5.109743e-004	
5.945652e-005	8.999109e+000	5.350558e-004	
6.225862e-005	8.999109e+000	5.602722e-004	
6.519278e-005	8.999109e+000	5.866770e-004	
6.826522e-005	8.999109e+000	6.143262e-004	
7.148246e-005	8.999109e+000	6.432785e-004	
7.485133e-005	8.999109e+000	6.735953e-004	
7.837897e-005	8.999109e+000	7.053409e-004	
8.207285e-005	8.999109e+000	7.385826e-004	
8.594082e-005	8.999109e+000	7.733909e-004	
8.999109e-005	8.999109e+000	8.098396e-004	
9.423224e-005	8.999109e+000	8.480062e-004	
9.867327e-005	8.999109e+000	8.879715e-004	
1.033236e-004	8.999109e+000	9.298203e-004	
1.081931e-004	8.999109e+000	9.736414e-004	
1.132921e-004	8.999109e+000	1.019528e-003	
1.186314e-004	8.999109e+000	1.067577e-003	
1.242223e-004	8.999109e+000	1.117890e-003	
1.300767e-004	8.999109e+000	1.170574e-003	
1.362070e-004	8.999109e+000	1.225742e-003	
1.426263e-004	8.999109e+000	1.283509e-003	
1.493480e-004	8.999109e+000	1.343999e-003	
1.563866e-004	8.999109e+000	1.407340e-003	
1.637569e-004	8.999109e+000	1.473666e-003	
1.714745e-004	8.999109e+000	1.543118e-003	
1.795558e-004	8.999109e+000	1.615843e-003	
1.880180e-004	8.999109e+000	1.691995e-003	
1.968790e-004	8.999109e+000	1.771736e-003	
2.061577e-004	8.999109e+000	1.855236e-003	
2.158736e-004	8.999109e+000	1.942670e-003	
2.260474e-004	8.999109e+000	2.034225e-003	
2.367007e-004	8.999109e+000	2.130095e-003	
2.478560e-004	8.999109e+000	2.230484e-003	
2.595371e-004	8.999109e+000	2.335603e-003	
2.717687e-004	8.999109e+000	2.445677e-003	
2.845768e-004	8.999109e+000	2.560938e-003	
2.979885e-004	8.999109e+000	2.681631e-003	
3.120323e-004	8.999109e+000	2.808012e-003	
3.267379e-004	8.999109e+000	2.940350e-003	
3.421366e-004	8.999109e+000	3.078924e-003	
3.582610e-004	8.999109e+000	3.224030e-003	
3.751453e-004	8.999109e+000	3.375973e-003	
3.928253e-004	8.999109e+000	3.535078e-003	
4.113386e-004	8.999109e+000	3.701681e-003	
4.307244e-004	8.999109e+000	3.876136e-003	
4.510239e-004	8.999109e+000	4.058813e-003	
4.722800e-004	8.999109e+000	4.250099e-003	
4.945378e-004	8.999109e+000	4.450400e-003	
5.178447e-004	8.999109e+000	4.660141e-003	
5.422499e-004	8.999109e+000	4.879766e-003	
5.678054e-004	8.999109e+000	5.109743e-003	
5.945652e-004	8.999109e+000	5.350558e-003	
6.225862e-004	8.999109e+000	5.602722e-003	
6.519278e-004	8.999109e+000	5.866769e-003	
6.826522e-004	8.999109e+000	6.143262e-003	
7.148247e-004	8.999109e+000	6.432785e-003	
7.485133e-004	8.999109e+000	6.735953e-003	
7.837896e-004	8.999109e+000	7.053408e-003	
8.207285e-004	8.999109e+000	7.385825e-003	
8.594082e-004	8.999109e+000	7.733909e-003	
8.999109e-004	8.999109e+000	8.098396e-003	
9.423224e-004	8.999109e+000	8.480062e-003	
9.867327e-004	8.999109e+000	8.879715e-003	
1.033236e-003	8.999109e+000	9.298203e-003	
1.081931e-003	8.999109e+000	9.736414e-003	
1.132921e-003	8.999109e+000	1.019528e-002	
1.186314e-003	8.999109e+000	1.067577e-002	
1.242223e-003	8.999109e+000	1.117890e-002	
1.300767e-003	8.999109e+000	1.170574e-002	
1.362070e-003	8.999109e+000	1.225742e-002	
1.426263e-003	8.999109e+000	1.283509e-002	
1.493480e-003	8.999108e+000	1.343999e-002	
1.563866e-003	8.999108e+000	1.407340e-002	
1.637569e-003	8.999108e+000	1.473666e-002	
1.714745e-003	8.999108e+000	1.543117e-002	
1.795558e-003	8.999108e+000	1.615842e-002	
1.880180e-003	8.999108e+000	1.691995e-002	
1.968791e-003	8.999108e+000	1.771736e-002	
2.061577e-003	8.999108e+000	1.855235e-002	
2.158736e-003	8.999108e+000	1.942670e-002	
2.260474e-003	8.999108e+000	2.034225e-002	
2.367007e-003	8.999108e+000	2.130095e-002	
2.478560e-003	8.999108e+000	2.230483e-002	
2.595371e-003	8.999108e+000	2.335603e-002	
2.717687e-003	8.999108e+000	2.445676e-002	
2.845768e-003	8.999108e+000	2.560938e-002	
2.979885e-003	8.999108e+000	2.681631e-002	
3.120322e-003	8.999108e+000	2.808012e-002	
3.267379e-003	8.999108e+000	2.940350e-002	
3.421366e-003	8.999108e+000	3.078924e-002	
3.582610e-003	8.999108e+000	3.224029e-002	
3.751453e-003	8.999108e+000	3.375973e-002	
3.928253e-003	8.999108e+000	3.535078e-002	
4.113386e-003	8.999108e+000	3.701681e-002	
4.307244e-003	8.999108e+000	3.876136e-002	
4.510238e-003	8.999108e+000	4.058812e-002	
4.722799e-003	8.999108e+000	4.250098e-002	
4.945378e-003	8.999108e+000	4.450399e-002	
5.178446e-003	8.999108e+000	4.660140e-002	
5.422499e-003	8.999108e+000	4.879766e-002	
5.678053e-003	8.999108e+000	5.109742e-002	
5.945652e-003	8.999108e+000	5.350556e-002	
6.225862e-003	8.999108e+000	5.602720e-002	
6.519278e-003	8.999108e+000	5.866769e-002	
6.826521e-003	8.999108e+000	6.143261e-002	
7.148245e-003	8.999108e+000	6.432783e-002	
7.485132e-003	8.999108e+000	6.735952e-002	
7.837895e-003	8.999108e+000	7.053407e-002	
8.207284e-003	8.999108e+000	7.385824e-002	
8.594081e-003	8.999107e+000	7.733906e-002	
8.999107e-003	8.999107e+000	8.098393e-002	
9.423222e-003	8.999107e+000	8.480059e-002	
9.867325e-003	8.999107e+000	8.879712e-002	
1.033236e-002	8.999107e+000	9.298200e-002	
1.081931e-002	8.999107e+000	9.736410e-002	
1.132920e-002	8.999107e+000	1.019527e-001	
1.186313e-002	8.999107e+000	1.067576e-001	
1.242223e-002	8.999107e+000	1.117889e-001	
1.300767e-002	8.999107e+000	1.170574e-001	
1.362070e-002	8.999107e+000	1.225741e-001	
1.426262e-002	8.999107e+000	1.283509e-001	
1.493480e-002	8.999107e+000	1.343999e-001	
1.563866e-002	8.999106e+000	1.407339e-001	
1.637568e-002	8.999106e+000	1.473665e-001	
1.714744e-002	8.999106e+000	1.543117e-001	
1.795558e-002	8.999106e+000	1.615842e-001	
1.880180e-002	8.999106e+000	1.691994e-001	
1.968790e-002	8.999106e+000	1.771735e-001	
2.061576e-002	8.999106e+000	1.855234e-001	
2.158735e-002	8.999106e+000	1.942669e-001	
2.260473e-002	8.999105e+000	2.034224e-001	
2.367006e-002	8.999105e+000	2.130094e-001	
2.478560e-002	8.999105e+000	2.230482e-001	
2.595370e-002	8.999105e+000	2.335601e-001	
2.717686e-002	8.999105e+000	2.445675e-001	
2.845767e-002	8.999105e+000	2.560936e-001	
2.979884e-002	8.999104e+000	2.681629e-001	
3.120321e-002	8.999104e+000	2.808010e-001	
3.267377e-002	8.999104e+000	2.940347e-001	
3.421364e-002	8.999104e+000	3.078921e-001	
3.582608e-002	8.999104e+000	3.224026e-001	
3.751451e-002	8.999104e+000	3.375969e-001	
3.928251e-002	8.999104e+000	3.535074e-001	
4.113384e-002	8.999104e+000	3.701677e-001	
4.307241e-002	8.999103e+000	3.876131e-001	
4.510235e-002	8.999103e+000	4.058807e-001	
4.722796e-002	8.999103e+000	4.250093e-001	
4.945374e-002	8.999102e+000	4.450393e-001	
5.178443e-002	8.999102e+000	4.660133e-001	
5.422495e-002	8.999102e+000	4.879758e-001	
5.678049e-002	8.999101e+000	5.109734e-001	
5.945647e-002	8.999101e+000	5.350547e-001	
6.225856e-002	8.999101e+000	5.602711e-001	
6.519271e-002	8.999100e+000	5.866757e-001	
6.826515e-002	8.999100e+000	6.143249e-001	
7.148238e-002	8.999099e+000	6.432770e-001	
7.485124e-002	8.999099e+000	6.735937e-001	
7.837887e-002	8.999098e+000	7.053391e-001	
8.207274e-002	8.999098e+000	7.385806e-001	
8.594071e-002	8.999097e+000	7.733888e-001	
8.999097e-002	8.999097e+000	8.098374e-001	
9.423210e-002	8.999096e+000	8.480037e-001	
9.867312e-002	8.999095e+000	8.879688e-001	
1.033234e-001	8.999095e+000	9.298174e-001	
1.081929e-001	8.999094e+000	9.736381e-001	
1.132919e-001	8.999093e+000	1.019524e+000	
1.186311e-001	8.999092e+000	1.067573e+000	
1.242220e-001	8.999092e+000	1.117886e+000	
1.300764e-001	8.999091e+000	1.170570e+000	
1.362067e-001	8.999090e+000	1.225737e+000	
1.426260e-001	8.999089e+000	1.283504e+000	
1.493477e-001	8.999088e+000	1.343993e+000	
1.563862e-001	8.999087e+000	1.407333e+000	
1.637564e-001	8.999086e+000	1.473658e+000	
1.714740e-001	8.999085e+000	1.543109e+000	
1.795553e-001	8.999084e+000	1.615833e+000	
1.880175e-001	8.999083e+000	1.691985e+000	
1.968784e-001	8.999082e+000	1.771725e+000	
2.061570e-001	8.999081e+000	1.855224e+000	
2.158729e-001	8.999079e+000	1.942657e+000	
2.260466e-001	8.999078e+000	2.034211e+000	
2.366998e-001	8.999076e+000	2.130080e+000	
2.478551e-001	8.999075e+000	2.230467e+000	
2.595361e-001	8.999073e+000	2.335584e+000	
2.717676e-001	8.999071e+000	2.445656e+000	
2.845756e-001	8.999069e+000	2.560915e+000	
2.979871e-001	8.999067e+000	2.681606e+000	
3.120308e-001	8.999065e+000	2.807985e+000	
3.267362e-001	8.999063e+000	2.940320e+000	
3.421348e-001	8.999062e+000	3.078892e+000	
3.582590e-001	8.999059e+000	3.223994e+000	
3.751431e-001	8.999057e+000	3.375934e+000	
3.928230e-001	8.999054e+000	3.535035e+000	
4.113360e-001	8.999052e+000	3.701634e+000	
4.307216e-001	8.999049e+000	3.876084e+000	
4.510207e-001	8.999046e+000	4.058756e+000	
4.722765e-001	8.999043e+000	4.250037e+000	
4.945340e-001	8.999040e+000	4.450331e+000	
5.178405e-001	8.999037e+000	4.660066e+000	
5.422454e-001	8.999034e+000	4.879685e+000	
5.678004e-001	8.999030e+000	5.109653e+000	
5.945598e-001	8.999026e+000	5.350459e+000	
6.225802e-001	8.999022e+000	5.602613e+000	
6.519212e-001	8.999019e+000	5.866651e+000	
6.826450e-001	8.999014e+000	6.143132e+000	
7.148167e-001	8.999009e+000	6.432642e+000	
7.485046e-001	8.999004e+000	6.735797e+000	
7.837801e-001	8.999000e+000	7.053237e+000	
8.207181e-001	8.998995e+000	7.385637e+000	
8.593968e-001	8.998989e+000	7.733703e+000	
8.998984e-001	8.998983e+000	8.098170e+000	
9.423087e-001	8.998978e+000	8.479815e+000	
9.867176e-001	8.998972e+000	8.879444e+000	
1.033219e+000	8.998965e+000	9.297906e+000	
1.081913e+000	8.998959e+000	9.736088e+000	
1.132901e+000	8.998951e+000	1.019492e+001	
1.186292e+000	8.998943e+000	1.067537e+001	
1.242199e+000	8.998936e+000	1.117847e+001	
1.300741e+000	8.998928e+000	1.170527e+001	
1.362042e+000	8.998919e+000	1.225690e+001	
1.426231e+000	8.998910e+000	1.283453e+001	
1.493446e+000	8.998901e+000	1.343937e+001	
1.563828e+000	8.998891e+000	1.407272e+001	
1.637527e+000	8.998881e+000	1.473591e+001	
1.714699e+000	8.998870e+000	1.543036e+001	
1.795508e+000	8.998858e+000	1.615753e+001	
1.880126e+000	8.998847e+000	1.691896e+001	
1.968731e+000	8.998835e+000	1.771628e+001	
2.061511e+000	8.998822e+000	1.855117e+001	
2.158664e+000	8.998808e+000	1.942540e+001	
2.260395e+000	8.998795e+000	2.034083e+001	
2.366920e+000	8.998779e+000	2.129939e+001	
2.478465e+000	8.998764e+000	2.230312e+001	
2.595267e+000	8.998748e+000	2.335415e+001	
2.717573e+000	8.998731e+000	2.445471e+001	
2.845643e+000	8.998713e+000	2.560712e+001	
2.979748e+000	8.998693e+000	2.681383e+001	
3.120172e+000	8.998674e+000	2.807741e+001	
3.267214e+000	8.998653e+000	2.940052e+001	
3.421185e+000	8.998632e+000	3.078598e+001	
3.582411e+000	8.998610e+000	3.223672e+001	
3.751235e+000	8.998587e+000	3.375582e+001	
3.928015e+000	8.998562e+000	3.534648e+001	
4.113124e+000	8.998536e+000	3.701210e+001	
4.306957e+000	8.998509e+000	3.875620e+001	
4.509923e+000	8.998481e+000	4.058246e+001	
4.722454e+000	8.998451e+000	4.249477e+001	
4.945000e+000	8.998420e+000	4.449718e+001	
5.178031e+000	8.998387e+000	4.659393e+001	
5.422044e+000	8.998354e+000	4.878947e+001	
5.677555e+000	8.998318e+000	5.108844e+001	
5.945105e+000	8.998281e+000	5.349572e+001	
6.225262e+000	8.998241e+000	5.601641e+001	
6.518620e+000	8.998200e+000	5.865585e+001	
6.825801e+000	8.998158e+000	6.141963e+001	
7.147455e+000	8.998113e+000	6.431361e+001	
7.484265e+000	8.998066e+000	6.734391e+001	
7.836945e+000	8.998017e+000	7.051697e+001	
8.206242e+000	8.997966e+000	7.383948e+001	
8.592938e+000	8.997911e+000	7.731850e+001	
8.997855e+000	8.997855e+000	8.096140e+001	
9.421849e+000	8.997796e+000	8.477588e+001	
9.865819e+000	8.997734e+000	8.877002e+001	
1.033071e+001	8.997669e+000	9.295228e+001	
1.081750e+001	8.997602e+000	9.733151e+001	
1.132722e+001	8.997530e+000	1.019170e+002	
1.186096e+001	8.997456e+000	1.067184e+002	
1.241984e+001	8.997377e+000	1.117460e+002	
1.300505e+001	8.997295e+000	1.170103e+002	
1.361783e+001	8.997211e+000	1.225225e+002	
1.425947e+001	8.997121e+000	1.282942e+002	
1.493135e+001	8.997026e+000	1.343377e+002	
1.563487e+001	8.996928e+000	1.406658e+002	
1.637153e+001	8.996825e+000	1.472918e+002	
1.714289e+001	8.996717e+000	1.542297e+002	
1.795059e+001	8.996605e+000	1.614943e+002	
1.879632e+001	8.996486e+000	1.691009e+002	
1.968190e+001	8.996362e+000	1.770655e+002	
2.060918e+001	8.996232e+000	1.854050e+002	
2.158013e+001	8.996097e+000	1.941369e+002	
2.259682e+001	8.995954e+000	2.032799e+002	
2.366138e+001	8.995805e+000	2.128531e+002	
2.477607e+001	8.995648e+000	2.228768e+002	
2.594326e+001	8.995484e+000	2.333722e+002	
2.716541e+001	8.995313e+000	2.443614e+002	
2.844511e+001	8.995132e+000	2.558675e+002	
2.978506e+001	8.994945e+000	2.679150e+002	
3.118810e+001	8.994746e+000	2.805291e+002	
3.265720e+001	8.994539e+000	2.937365e+002	
3.419546e+001	8.994323e+000	3.075650e+002	
3.580614e+001	8.994095e+000	3.220438e+002	
3.749263e+001	8.993855e+000	3.372033e+002	
3.925851e+001	8.993605e+000	3.530755e+002	
4.110751e+001	8.993342e+000	3.696939e+002	
4.304352e+001	8.993066e+000	3.870932e+002	
4.507065e+001	8.992776e+000	4.053102e+002	
4.719316e+001	8.992472e+000	4.243832e+002	
4.941555e+001	8.992152e+000	4.443521e+002	
5.174250e+001	8.991816e+000	4.652590e+002	
5.417891e+001	8.991461e+000	4.871475e+002	
5.672992e+001	8.991087e+000	5.100637e+002	
5.940092e+001	8.990693e+000	5.340554e+002	
6.219752e+001	8.990276e+000	5.591729e+002	
6.512560e+001	8.989836e+000	5.854685e+002	
6.819132e+001	8.989367e+000	6.129969e+002	
7.140112e+001	8.988869e+000	6.418153e+002	
7.476173e+001	8.988337e+000	6.719836e+002	
7.828017e+001	8.987765e+000	7.035638e+002	
8.196377e+001	8.987148e+000	7.366205e+002	
8.582021e+001	8.986479e+000	7.712215e+002	
8.985743e+001	8.985744e+000	8.074358e+002	
9.408374e+001	8.984928e+000	8.453356e+002	
9.850772e+001	8.984011e+000	8.849944e+002	
1.031382e+002	8.982964e+000	9.264869e+002	
1.079843e+002	8.981743e+000	9.698873e+002	
1.130551e+002	8.980289e+000	1.015268e+003	
1.183598e+002	8.978509e+000	1.062694e+003	
1.239070e+002	8.976267e+000	1.112222e+003	
1.297045e+002	8.973355e+000	1.163884e+003	
1.357581e+002	8.969446e+000	1.217675e+003	
1.420701e+002	8.964017e+000	1.273519e+003	
1.486361e+002	8.956213e+000	1.331217e+003	
1.554395e+002	8.944609e+000	1.390345e+003	
1.624408e+002	8.926786e+000	1.450074e+003	
1.695605e+002	8.898663e+000	1.508862e+003	
1.766532e+002	8.853634e+000	1.564023e+003	
1.834880e+002	8.782287e+000	1.611444e+003	
1.897751e+002	8.674395e+000	1.646184e+003	
1.952711e+002	8.523891e+000	1.664470e+003	
1.998880e+002	8.332720e+000	1.665611e+003	
2.036935e+002	8.109182e+000	1.651787e+003	
2.068280e+002	7.863380e+000	1.626367e+003	
2.094355e+002	7.604146e+000	1.592578e+003	
2.116354e+002	7.338179e+000	1.553018e+003	
2.135186e+002	7.070266e+000	1.509633e+003	
2.151535e+002	6.803752e+000	1.463851e+003	
2.165927e+002	6.540994e+000	1.416731e+003	
2.178873e+002	6.283939e+000	1.369191e+003	
2.210601e+002	6.088500e+000	1.345924e+003	
2.252045e+002	5.923481e+000	1.333994e+003	
2.292853e+002	5.759387e+000	1.320543e+003	
2.333007e+002	5.596495e+000	1.305666e+003	
2.372488e+002	5.435056e+000	1.289461e+003	
2.411277e+002	5.275300e+000	1.272021e+003	
2.449358e+002	5.117433e+000	1.253442e+003	
2.486714e+002	4.961646e+000	1.233819e+003	
2.523331e+002	4.808108e+000	1.213245e+003	
2.559196e+002	4.656971e+000	1.191810e+003	
2.594299e+002	4.508374e+000	1.169607e+003	
2.628628e+002	4.362437e+000	1.146722e+003	
2.662177e+002	4.219266e+000	1.123243e+003	
2.694938e+002	4.078954e+000	1.099253e+003	
2.720179e+002	3.931854e+000	1.069535e+003	
2.726220e+002	3.763231e+000	1.025939e+003	
2.731483e+002	3.600796e+000	9.835514e+002	
2.736340e+002	3.444848e+000	9.426274e+002	
2.740866e+002	3.295246e+000	9.031829e+002	
2.745103e+002	3.151800e+000	8.652014e+002	
2.749078e+002	3.014304e+000	8.286557e+002	
2.752815e+002	2.882551e+000	7.935128e+002	
2.756332e+002	2.756332e+000	7.597365e+002	
2.759646e+002	2.635442e+000	7.272887e+002	
2.762773e+002	2.519679e+000	6.961302e+002	
2.765725e+002	2.408846e+000	6.662207e+002	
2.768515e+002	2.302751e+000	6.375200e+002	
2.771153e+002	2.201205e+000	6.099877e+002	
2.773650e+002	2.104028e+000	5.835837e+002	
2.776013e+002	2.011044e+000	5.582683e+002	
2.778252e+002	1.922081e+000	5.340023e+002	
2.780374e+002	1.836975e+000	5.107475e+002	
2.782386e+002	1.755566e+000	4.884663e+002	
2.784294e+002	1.677703e+000	4.671219e+002	
2.786105e+002	1.603236e+000	4.466784e+002	
2.787825e+002	1.532024e+000	4.271013e+002	
2.789457e+002	1.463928e+000	4.083565e+002	
2.791009e+002	1.398818e+000	3.904113e+002	
2.792482e+002	1.336566e+000	3.732337e+002	
2.793883e+002	1.277051e+000	3.567932e+002	
2.795215e+002	1.220156e+000	3.410598e+002	
2.796482e+002	1.165768e+000	3.260048e+002	
2.797687e+002	1.113779e+000	3.116005e+002	
2.798833e+002	1.064087e+000	2.978201e+002	
2.799924e+002	1.016591e+000	2.846377e+002	
2.800962e+002	9.711967e-001	2.720285e+002	
2.801950e+002	9.278129e-001	2.599686e+002	
2.802891e+002	8.863520e-001	2.484348e+002	
2.803787e+002	8.467302e-001	2.374051e+002	
2.804641e+002	8.088671e-001	2.268581e+002	
2.805453e+002	7.726859e-001	2.167734e+002	
2.806227e+002	7.381130e-001	2.071313e+002	
2.806965e+002	7.050778e-001	1.979129e+002	
2.807668e+002	6.735126e-001	1.891000e+002	
2.808338e+002	6.433530e-001	1.806753e+002	
2.808976e+002	6.145371e-001	1.726220e+002	
2.809585e+002	5.870055e-001	1.649242e+002	
2.810165e+002	5.607016e-001	1.575664e+002	
2.810718e+002	5.355713e-001	1.505340e+002	
2.811245e+002	5.115625e-001	1.438128e+002	
2.811748e+002	4.886258e-001	1.373893e+002	
2.812227e+002	4.667136e-001	1.312505e+002	
2.812685e+002	4.457805e-001	1.253840e+002	
2.813120e+002	4.257830e-001	1.197779e+002	
2.813536e+002	4.066797e-001	1.144208e+002	
2.813933e+002	3.884309e-001	1.093019e+002	
2.814312e+002	3.709985e-001	1.044105e+002	
2.814672e+002	3.543462e-001	9.973685e+001	
2.815017e+002	3.384394e-001	9.527127e+001	
2.815345e+002	3.232449e-001	9.100459e+001	
2.815659e+002	3.087308e-001	8.692806e+001	
2.815958e+002	2.948669e-001	8.303328e+001	
2.816243e+002	2.816243e-001	7.931224e+001	
