V(out)	I(R3)	power

%Step Information: Ifail=1  (Run: 1/4)
8.999107e-020	8.999106e+000	8.098392e-019	
9.423222e-020	8.999106e+000	8.480057e-019	
9.867324e-020	8.999106e+000	8.879710e-019	
1.033236e-019	8.999106e+000	9.298197e-019	
1.081931e-019	8.999106e+000	9.736409e-019	
1.132920e-019	8.999106e+000	1.019527e-018	
1.186313e-019	8.999106e+000	1.067576e-018	
1.242222e-019	8.999106e+000	1.117889e-018	
1.300767e-019	8.999106e+000	1.170574e-018	
1.362070e-019	8.999106e+000	1.225741e-018	
1.426262e-019	8.999106e+000	1.283509e-018	
1.493480e-019	8.999106e+000	1.343998e-018	
1.563865e-019	8.999106e+000	1.407339e-018	
1.637568e-019	8.999106e+000	1.473665e-018	
1.714744e-019	8.999106e+000	1.543117e-018	
1.795558e-019	8.999106e+000	1.615842e-018	
1.880180e-019	8.999106e+000	1.691994e-018	
1.968790e-019	8.999106e+000	1.771735e-018	
2.061576e-019	8.999106e+000	1.855234e-018	
2.158735e-019	8.999106e+000	1.942669e-018	
2.260473e-019	8.999106e+000	2.034224e-018	
2.367006e-019	8.999106e+000	2.130094e-018	
2.478560e-019	8.999106e+000	2.230482e-018	
2.595371e-019	8.999106e+000	2.335602e-018	
2.717687e-019	8.999106e+000	2.445675e-018	
2.845767e-019	8.999106e+000	2.560936e-018	
2.979884e-019	8.999106e+000	2.681630e-018	
3.120322e-019	8.999106e+000	2.808011e-018	
3.267378e-019	8.999106e+000	2.940348e-018	
3.421365e-019	8.999106e+000	3.078923e-018	
3.582609e-019	8.999106e+000	3.224028e-018	
3.751452e-019	8.999106e+000	3.375972e-018	
3.928253e-019	8.999106e+000	3.535076e-018	
4.113385e-019	8.999106e+000	3.701679e-018	
4.307243e-019	8.999106e+000	3.876134e-018	
4.510237e-019	8.999106e+000	4.058811e-018	
4.722798e-019	8.999106e+000	4.250096e-018	
4.945377e-019	8.999106e+000	4.450397e-018	
5.178445e-019	8.999106e+000	4.660138e-018	
5.422498e-019	8.999106e+000	4.879763e-018	
5.678052e-019	8.999106e+000	5.109739e-018	
5.945651e-019	8.999106e+000	5.350554e-018	
6.225861e-019	8.999106e+000	5.602718e-018	
6.519276e-019	8.999106e+000	5.866766e-018	
6.826520e-019	8.999106e+000	6.143258e-018	
7.148244e-019	8.999106e+000	6.432781e-018	
7.485130e-019	8.999106e+000	6.735949e-018	
7.837894e-019	8.999106e+000	7.053404e-018	
8.207282e-019	8.999106e+000	7.385821e-018	
8.594080e-019	8.999106e+000	7.733904e-018	
8.999107e-019	8.999106e+000	8.098392e-018	
9.423221e-019	8.999106e+000	8.480057e-018	
9.867324e-019	8.999106e+000	8.879710e-018	
1.033236e-018	8.999106e+000	9.298198e-018	
1.081931e-018	8.999106e+000	9.736408e-018	
1.132920e-018	8.999106e+000	1.019527e-017	
1.186313e-018	8.999106e+000	1.067576e-017	
1.242223e-018	8.999106e+000	1.117889e-017	
1.300767e-018	8.999106e+000	1.170574e-017	
1.362070e-018	8.999106e+000	1.225741e-017	
1.426262e-018	8.999106e+000	1.283509e-017	
1.493480e-018	8.999106e+000	1.343998e-017	
1.563865e-018	8.999106e+000	1.407339e-017	
1.637568e-018	8.999106e+000	1.473665e-017	
1.714744e-018	8.999106e+000	1.543117e-017	
1.795558e-018	8.999106e+000	1.615842e-017	
1.880180e-018	8.999106e+000	1.691994e-017	
1.968790e-018	8.999106e+000	1.771735e-017	
2.061576e-018	8.999106e+000	1.855234e-017	
2.158735e-018	8.999106e+000	1.942669e-017	
2.260473e-018	8.999106e+000	2.034224e-017	
2.367006e-018	8.999106e+000	2.130094e-017	
2.478560e-018	8.999106e+000	2.230482e-017	
2.595371e-018	8.999106e+000	2.335602e-017	
2.717687e-018	8.999106e+000	2.445675e-017	
2.845767e-018	8.999106e+000	2.560936e-017	
2.979884e-018	8.999106e+000	2.681630e-017	
3.120322e-018	8.999106e+000	2.808011e-017	
3.267378e-018	8.999106e+000	2.940348e-017	
3.421365e-018	8.999106e+000	3.078923e-017	
3.582609e-018	8.999106e+000	3.224028e-017	
3.751452e-018	8.999106e+000	3.375971e-017	
3.928253e-018	8.999106e+000	3.535076e-017	
4.113385e-018	8.999106e+000	3.701679e-017	
4.307243e-018	8.999106e+000	3.876134e-017	
4.510237e-018	8.999106e+000	4.058811e-017	
4.722798e-018	8.999106e+000	4.250096e-017	
4.945377e-018	8.999106e+000	4.450397e-017	
5.178445e-018	8.999106e+000	4.660138e-017	
5.422498e-018	8.999106e+000	4.879763e-017	
5.678052e-018	8.999106e+000	5.109740e-017	
5.945651e-018	8.999106e+000	5.350554e-017	
6.225860e-018	8.999106e+000	5.602718e-017	
6.519276e-018	8.999106e+000	5.866766e-017	
6.826520e-018	8.999106e+000	6.143258e-017	
7.148244e-018	8.999106e+000	6.432781e-017	
7.485131e-018	8.999106e+000	6.735949e-017	
7.837894e-018	8.999106e+000	7.053404e-017	
8.207283e-018	8.999106e+000	7.385821e-017	
8.594080e-018	8.999106e+000	7.733904e-017	
8.999106e-018	8.999106e+000	8.098392e-017	
9.423221e-018	8.999106e+000	8.480057e-017	
9.867324e-018	8.999106e+000	8.879710e-017	
1.033236e-017	8.999106e+000	9.298198e-017	
1.081931e-017	8.999106e+000	9.736408e-017	
1.132920e-017	8.999106e+000	1.019527e-016	
1.186313e-017	8.999106e+000	1.067576e-016	
1.242222e-017	8.999106e+000	1.117889e-016	
1.300767e-017	8.999106e+000	1.170574e-016	
1.362070e-017	8.999106e+000	1.225741e-016	
1.426262e-017	8.999106e+000	1.283509e-016	
1.493480e-017	8.999106e+000	1.343998e-016	
1.563866e-017	8.999106e+000	1.407339e-016	
1.637568e-017	8.999106e+000	1.473665e-016	
1.714744e-017	8.999106e+000	1.543117e-016	
1.795558e-017	8.999106e+000	1.615842e-016	
1.880180e-017	8.999106e+000	1.691994e-016	
1.968790e-017	8.999106e+000	1.771735e-016	
2.061576e-017	8.999106e+000	1.855234e-016	
2.158735e-017	8.999106e+000	1.942669e-016	
2.260473e-017	8.999106e+000	2.034224e-016	
2.367006e-017	8.999106e+000	2.130094e-016	
2.478560e-017	8.999106e+000	2.230482e-016	
2.595371e-017	8.999106e+000	2.335602e-016	
2.717687e-017	8.999106e+000	2.445675e-016	
2.845767e-017	8.999106e+000	2.560936e-016	
2.979884e-017	8.999106e+000	2.681629e-016	
3.120322e-017	8.999106e+000	2.808011e-016	
3.267378e-017	8.999106e+000	2.940348e-016	
3.421365e-017	8.999106e+000	3.078923e-016	
3.582609e-017	8.999106e+000	3.224028e-016	
3.751452e-017	8.999106e+000	3.375972e-016	
3.928252e-017	8.999106e+000	3.535076e-016	
4.113385e-017	8.999106e+000	3.701679e-016	
4.307243e-017	8.999106e+000	3.876134e-016	
4.510237e-017	8.999106e+000	4.058811e-016	
4.722798e-017	8.999106e+000	4.250096e-016	
4.945377e-017	8.999106e+000	4.450397e-016	
5.178445e-017	8.999106e+000	4.660138e-016	
5.422498e-017	8.999106e+000	4.879763e-016	
5.678052e-017	8.999106e+000	5.109740e-016	
5.945650e-017	8.999106e+000	5.350554e-016	
6.225860e-017	8.999106e+000	5.602718e-016	
6.519276e-017	8.999106e+000	5.866766e-016	
6.826520e-017	8.999106e+000	6.143258e-016	
7.148244e-017	8.999106e+000	6.432781e-016	
7.485131e-017	8.999106e+000	6.735949e-016	
7.837894e-017	8.999106e+000	7.053404e-016	
8.207283e-017	8.999106e+000	7.385821e-016	
8.594080e-017	8.999106e+000	7.733904e-016	
8.999106e-017	8.999106e+000	8.098392e-016	
9.423221e-017	8.999106e+000	8.480057e-016	
9.867324e-017	8.999106e+000	8.879710e-016	
1.033236e-016	8.999106e+000	9.298198e-016	
1.081931e-016	8.999106e+000	9.736408e-016	
1.132920e-016	8.999106e+000	1.019527e-015	
1.186313e-016	8.999106e+000	1.067576e-015	
1.242223e-016	8.999106e+000	1.117889e-015	
1.300767e-016	8.999106e+000	1.170574e-015	
1.362070e-016	8.999106e+000	1.225741e-015	
1.426262e-016	8.999106e+000	1.283509e-015	
1.493480e-016	8.999106e+000	1.343998e-015	
1.563865e-016	8.999106e+000	1.407339e-015	
1.637568e-016	8.999106e+000	1.473665e-015	
1.714744e-016	8.999106e+000	1.543117e-015	
1.795558e-016	8.999106e+000	1.615842e-015	
1.880180e-016	8.999106e+000	1.691994e-015	
1.968790e-016	8.999106e+000	1.771735e-015	
2.061576e-016	8.999106e+000	1.855234e-015	
2.158735e-016	8.999106e+000	1.942669e-015	
2.260473e-016	8.999106e+000	2.034224e-015	
2.367006e-016	8.999106e+000	2.130094e-015	
2.478560e-016	8.999106e+000	2.230482e-015	
2.595371e-016	8.999106e+000	2.335602e-015	
2.717687e-016	8.999106e+000	2.445675e-015	
2.845767e-016	8.999106e+000	2.560936e-015	
2.979884e-016	8.999106e+000	2.681629e-015	
3.120322e-016	8.999106e+000	2.808011e-015	
3.267378e-016	8.999106e+000	2.940348e-015	
3.421365e-016	8.999106e+000	3.078923e-015	
3.582609e-016	8.999106e+000	3.224028e-015	
3.751452e-016	8.999106e+000	3.375972e-015	
3.928252e-016	8.999106e+000	3.535076e-015	
4.113385e-016	8.999106e+000	3.701679e-015	
4.307243e-016	8.999106e+000	3.876134e-015	
4.510237e-016	8.999106e+000	4.058810e-015	
4.722798e-016	8.999106e+000	4.250097e-015	
4.945377e-016	8.999106e+000	4.450397e-015	
5.178445e-016	8.999106e+000	4.660138e-015	
5.422498e-016	8.999106e+000	4.879764e-015	
5.678053e-016	8.999106e+000	5.109740e-015	
5.945651e-016	8.999106e+000	5.350555e-015	
6.225861e-016	8.999106e+000	5.602718e-015	
6.519276e-016	8.999106e+000	5.866766e-015	
6.826520e-016	8.999106e+000	6.143258e-015	
7.148244e-016	8.999106e+000	6.432781e-015	
7.485131e-016	8.999106e+000	6.735949e-015	
7.837894e-016	8.999106e+000	7.053404e-015	
8.207283e-016	8.999106e+000	7.385821e-015	
8.594080e-016	8.999106e+000	7.733904e-015	
8.999107e-016	8.999106e+000	8.098392e-015	
9.423221e-016	8.999106e+000	8.480057e-015	
9.867324e-016	8.999106e+000	8.879710e-015	
1.033236e-015	8.999106e+000	9.298198e-015	
1.081931e-015	8.999106e+000	9.736408e-015	
1.132920e-015	8.999106e+000	1.019527e-014	
1.186313e-015	8.999106e+000	1.067576e-014	
1.242223e-015	8.999106e+000	1.117889e-014	
1.300767e-015	8.999106e+000	1.170574e-014	
1.362070e-015	8.999106e+000	1.225741e-014	
1.426262e-015	8.999106e+000	1.283509e-014	
1.493480e-015	8.999106e+000	1.343998e-014	
1.563865e-015	8.999106e+000	1.407339e-014	
1.637568e-015	8.999106e+000	1.473665e-014	
1.714744e-015	8.999106e+000	1.543117e-014	
1.795558e-015	8.999106e+000	1.615842e-014	
1.880180e-015	8.999106e+000	1.691994e-014	
1.968790e-015	8.999106e+000	1.771735e-014	
2.061576e-015	8.999106e+000	1.855234e-014	
2.158735e-015	8.999106e+000	1.942669e-014	
2.260473e-015	8.999106e+000	2.034224e-014	
2.367006e-015	8.999106e+000	2.130094e-014	
2.478560e-015	8.999106e+000	2.230482e-014	
2.595371e-015	8.999106e+000	2.335602e-014	
2.717687e-015	8.999106e+000	2.445675e-014	
2.845767e-015	8.999106e+000	2.560936e-014	
2.979884e-015	8.999106e+000	2.681629e-014	
3.120322e-015	8.999106e+000	2.808011e-014	
3.267378e-015	8.999106e+000	2.940348e-014	
3.421365e-015	8.999106e+000	3.078923e-014	
3.582609e-015	8.999106e+000	3.224028e-014	
3.751452e-015	8.999106e+000	3.375971e-014	
3.928253e-015	8.999106e+000	3.535076e-014	
4.113385e-015	8.999106e+000	3.701679e-014	
4.307243e-015	8.999106e+000	3.876134e-014	
4.510237e-015	8.999106e+000	4.058811e-014	
4.722798e-015	8.999106e+000	4.250096e-014	
4.945377e-015	8.999106e+000	4.450397e-014	
5.178445e-015	8.999106e+000	4.660138e-014	
5.422498e-015	8.999106e+000	4.879763e-014	
5.678052e-015	8.999106e+000	5.109740e-014	
5.945651e-015	8.999106e+000	5.350554e-014	
6.225861e-015	8.999106e+000	5.602718e-014	
6.519276e-015	8.999106e+000	5.866766e-014	
6.826520e-015	8.999106e+000	6.143258e-014	
7.148244e-015	8.999106e+000	6.432781e-014	
7.485131e-015	8.999106e+000	6.735949e-014	
7.837894e-015	8.999106e+000	7.053404e-014	
8.207283e-015	8.999106e+000	7.385821e-014	
8.594080e-015	8.999106e+000	7.733904e-014	
8.999107e-015	8.999106e+000	8.098392e-014	
9.423221e-015	8.999106e+000	8.480057e-014	
9.867324e-015	8.999106e+000	8.879710e-014	
1.033236e-014	8.999106e+000	9.298198e-014	
1.081931e-014	8.999106e+000	9.736409e-014	
1.132920e-014	8.999106e+000	1.019527e-013	
1.186313e-014	8.999106e+000	1.067576e-013	
1.242223e-014	8.999106e+000	1.117889e-013	
1.300767e-014	8.999106e+000	1.170574e-013	
1.362070e-014	8.999106e+000	1.225741e-013	
1.426262e-014	8.999106e+000	1.283509e-013	
1.493480e-014	8.999106e+000	1.343998e-013	
1.563865e-014	8.999106e+000	1.407339e-013	
1.637568e-014	8.999106e+000	1.473665e-013	
1.714744e-014	8.999106e+000	1.543117e-013	
1.795558e-014	8.999106e+000	1.615841e-013	
1.880180e-014	8.999106e+000	1.691994e-013	
1.968790e-014	8.999106e+000	1.771735e-013	
2.061576e-014	8.999106e+000	1.855234e-013	
2.158735e-014	8.999106e+000	1.942669e-013	
2.260473e-014	8.999106e+000	2.034224e-013	
2.367006e-014	8.999106e+000	2.130094e-013	
2.478560e-014	8.999106e+000	2.230482e-013	
2.595371e-014	8.999106e+000	2.335602e-013	
2.717687e-014	8.999106e+000	2.445675e-013	
2.845767e-014	8.999106e+000	2.560936e-013	
2.979884e-014	8.999106e+000	2.681630e-013	
3.120322e-014	8.999106e+000	2.808011e-013	
3.267378e-014	8.999106e+000	2.940348e-013	
3.421365e-014	8.999106e+000	3.078923e-013	
3.582609e-014	8.999106e+000	3.224028e-013	
3.751452e-014	8.999106e+000	3.375972e-013	
3.928253e-014	8.999106e+000	3.535076e-013	
4.113385e-014	8.999106e+000	3.701679e-013	
4.307243e-014	8.999106e+000	3.876134e-013	
4.510237e-014	8.999106e+000	4.058811e-013	
4.722798e-014	8.999106e+000	4.250096e-013	
4.945377e-014	8.999106e+000	4.450397e-013	
5.178445e-014	8.999106e+000	4.660138e-013	
5.422498e-014	8.999106e+000	4.879764e-013	
5.678052e-014	8.999106e+000	5.109740e-013	
5.945651e-014	8.999106e+000	5.350554e-013	
6.225860e-014	8.999106e+000	5.602718e-013	
6.519276e-014	8.999106e+000	5.866766e-013	
6.826520e-014	8.999106e+000	6.143258e-013	
7.148245e-014	8.999106e+000	6.432781e-013	
7.485131e-014	8.999106e+000	6.735949e-013	
7.837894e-014	8.999106e+000	7.053404e-013	
8.207282e-014	8.999106e+000	7.385821e-013	
8.594080e-014	8.999106e+000	7.733904e-013	
8.999106e-014	8.999106e+000	8.098392e-013	
9.423221e-014	8.999106e+000	8.480057e-013	
9.867324e-014	8.999106e+000	8.879710e-013	
1.033236e-013	8.999106e+000	9.298198e-013	
1.081931e-013	8.999106e+000	9.736408e-013	
1.132920e-013	8.999106e+000	1.019527e-012	
1.186313e-013	8.999106e+000	1.067576e-012	
1.242222e-013	8.999106e+000	1.117889e-012	
1.300767e-013	8.999106e+000	1.170574e-012	
1.362070e-013	8.999106e+000	1.225741e-012	
1.426262e-013	8.999106e+000	1.283509e-012	
1.493480e-013	8.999106e+000	1.343999e-012	
1.563865e-013	8.999106e+000	1.407339e-012	
1.637568e-013	8.999106e+000	1.473665e-012	
1.714744e-013	8.999106e+000	1.543117e-012	
1.795558e-013	8.999106e+000	1.615842e-012	
1.880180e-013	8.999106e+000	1.691994e-012	
1.968790e-013	8.999106e+000	1.771735e-012	
2.061576e-013	8.999106e+000	1.855234e-012	
2.158735e-013	8.999106e+000	1.942669e-012	
2.260473e-013	8.999106e+000	2.034224e-012	
2.367006e-013	8.999106e+000	2.130094e-012	
2.478560e-013	8.999106e+000	2.230482e-012	
2.595371e-013	8.999106e+000	2.335602e-012	
2.717687e-013	8.999106e+000	2.445675e-012	
2.845767e-013	8.999106e+000	2.560936e-012	
2.979884e-013	8.999106e+000	2.681629e-012	
3.120322e-013	8.999106e+000	2.808011e-012	
3.267378e-013	8.999106e+000	2.940348e-012	
3.421365e-013	8.999106e+000	3.078923e-012	
3.582609e-013	8.999106e+000	3.224028e-012	
3.751452e-013	8.999106e+000	3.375972e-012	
3.928252e-013	8.999106e+000	3.535076e-012	
4.113385e-013	8.999106e+000	3.701679e-012	
4.307243e-013	8.999106e+000	3.876134e-012	
4.510237e-013	8.999106e+000	4.058810e-012	
4.722798e-013	8.999106e+000	4.250096e-012	
4.945377e-013	8.999106e+000	4.450397e-012	
5.178445e-013	8.999106e+000	4.660138e-012	
5.422498e-013	8.999106e+000	4.879764e-012	
5.678052e-013	8.999106e+000	5.109740e-012	
5.945651e-013	8.999106e+000	5.350554e-012	
6.225861e-013	8.999106e+000	5.602718e-012	
6.519276e-013	8.999106e+000	5.866766e-012	
6.826520e-013	8.999106e+000	6.143258e-012	
7.148244e-013	8.999106e+000	6.432781e-012	
7.485131e-013	8.999106e+000	6.735949e-012	
7.837894e-013	8.999106e+000	7.053404e-012	
8.207283e-013	8.999106e+000	7.385821e-012	
8.594080e-013	8.999106e+000	7.733904e-012	
8.999106e-013	8.999106e+000	8.098391e-012	
9.423222e-013	8.999106e+000	8.480058e-012	
9.867324e-013	8.999106e+000	8.879710e-012	
1.033236e-012	8.999106e+000	9.298198e-012	
1.081931e-012	8.999106e+000	9.736408e-012	
1.132920e-012	8.999106e+000	1.019527e-011	
1.186313e-012	8.999106e+000	1.067576e-011	
1.242222e-012	8.999106e+000	1.117889e-011	
1.300767e-012	8.999106e+000	1.170574e-011	
1.362070e-012	8.999106e+000	1.225741e-011	
1.426262e-012	8.999106e+000	1.283509e-011	
1.493480e-012	8.999106e+000	1.343998e-011	
1.563865e-012	8.999106e+000	1.407339e-011	
1.637568e-012	8.999106e+000	1.473665e-011	
1.714744e-012	8.999106e+000	1.543117e-011	
1.795558e-012	8.999106e+000	1.615842e-011	
1.880180e-012	8.999106e+000	1.691994e-011	
1.968790e-012	8.999106e+000	1.771735e-011	
2.061576e-012	8.999106e+000	1.855234e-011	
2.158735e-012	8.999106e+000	1.942669e-011	
2.260473e-012	8.999106e+000	2.034224e-011	
2.367006e-012	8.999106e+000	2.130094e-011	
2.478560e-012	8.999106e+000	2.230482e-011	
2.595371e-012	8.999106e+000	2.335602e-011	
2.717687e-012	8.999106e+000	2.445675e-011	
2.845767e-012	8.999106e+000	2.560936e-011	
2.979884e-012	8.999106e+000	2.681629e-011	
3.120322e-012	8.999106e+000	2.808011e-011	
3.267378e-012	8.999106e+000	2.940348e-011	
3.421365e-012	8.999106e+000	3.078923e-011	
3.582609e-012	8.999106e+000	3.224028e-011	
3.751452e-012	8.999106e+000	3.375971e-011	
3.928252e-012	8.999106e+000	3.535076e-011	
4.113385e-012	8.999106e+000	3.701679e-011	
4.307243e-012	8.999106e+000	3.876134e-011	
4.510237e-012	8.999106e+000	4.058810e-011	
4.722798e-012	8.999106e+000	4.250096e-011	
4.945377e-012	8.999106e+000	4.450397e-011	
5.178445e-012	8.999106e+000	4.660138e-011	
5.422498e-012	8.999106e+000	4.879764e-011	
5.678052e-012	8.999106e+000	5.109740e-011	
5.945651e-012	8.999106e+000	5.350554e-011	
6.225861e-012	8.999106e+000	5.602718e-011	
6.519276e-012	8.999106e+000	5.866766e-011	
6.826520e-012	8.999106e+000	6.143258e-011	
7.148244e-012	8.999106e+000	6.432781e-011	
7.485131e-012	8.999106e+000	6.735949e-011	
7.837894e-012	8.999106e+000	7.053405e-011	
8.207283e-012	8.999106e+000	7.385821e-011	
8.594080e-012	8.999106e+000	7.733904e-011	
8.999106e-012	8.999106e+000	8.098391e-011	
9.423221e-012	8.999106e+000	8.480057e-011	
9.867324e-012	8.999106e+000	8.879710e-011	
1.033236e-011	8.999106e+000	9.298198e-011	
1.081931e-011	8.999106e+000	9.736408e-011	
1.132920e-011	8.999106e+000	1.019527e-010	
1.186313e-011	8.999106e+000	1.067576e-010	
1.242222e-011	8.999106e+000	1.117889e-010	
1.300767e-011	8.999106e+000	1.170574e-010	
1.362070e-011	8.999106e+000	1.225741e-010	
1.426262e-011	8.999106e+000	1.283509e-010	
1.493480e-011	8.999106e+000	1.343999e-010	
1.563866e-011	8.999106e+000	1.407339e-010	
1.637568e-011	8.999106e+000	1.473665e-010	
1.714744e-011	8.999106e+000	1.543117e-010	
1.795558e-011	8.999106e+000	1.615842e-010	
1.880180e-011	8.999106e+000	1.691994e-010	
1.968790e-011	8.999106e+000	1.771735e-010	
2.061576e-011	8.999106e+000	1.855234e-010	
2.158735e-011	8.999106e+000	1.942669e-010	
2.260473e-011	8.999106e+000	2.034224e-010	
2.367006e-011	8.999106e+000	2.130094e-010	
2.478560e-011	8.999106e+000	2.230482e-010	
2.595371e-011	8.999106e+000	2.335602e-010	
2.717687e-011	8.999106e+000	2.445675e-010	
2.845767e-011	8.999106e+000	2.560936e-010	
2.979884e-011	8.999106e+000	2.681629e-010	
3.120322e-011	8.999106e+000	2.808011e-010	
3.267378e-011	8.999106e+000	2.940348e-010	
3.421365e-011	8.999106e+000	3.078923e-010	
3.582609e-011	8.999106e+000	3.224028e-010	
3.751452e-011	8.999106e+000	3.375972e-010	
3.928253e-011	8.999106e+000	3.535076e-010	
4.113385e-011	8.999106e+000	3.701679e-010	
4.307243e-011	8.999106e+000	3.876134e-010	
4.510237e-011	8.999106e+000	4.058811e-010	
4.722798e-011	8.999106e+000	4.250096e-010	
4.945377e-011	8.999106e+000	4.450397e-010	
5.178445e-011	8.999106e+000	4.660138e-010	
5.422498e-011	8.999106e+000	4.879764e-010	
5.678052e-011	8.999106e+000	5.109740e-010	
5.945651e-011	8.999106e+000	5.350555e-010	
6.225861e-011	8.999106e+000	5.602718e-010	
6.519276e-011	8.999106e+000	5.866766e-010	
6.826521e-011	8.999106e+000	6.143259e-010	
7.148244e-011	8.999106e+000	6.432781e-010	
7.485131e-011	8.999106e+000	6.735949e-010	
7.837894e-011	8.999106e+000	7.053404e-010	
8.207283e-011	8.999106e+000	7.385821e-010	
8.594080e-011	8.999106e+000	7.733904e-010	
8.999106e-011	8.999106e+000	8.098392e-010	
9.423221e-011	8.999106e+000	8.480057e-010	
9.867324e-011	8.999106e+000	8.879710e-010	
1.033236e-010	8.999106e+000	9.298198e-010	
1.081931e-010	8.999106e+000	9.736408e-010	
1.132920e-010	8.999106e+000	1.019527e-009	
1.186313e-010	8.999106e+000	1.067576e-009	
1.242222e-010	8.999106e+000	1.117889e-009	
1.300767e-010	8.999106e+000	1.170574e-009	
1.362070e-010	8.999106e+000	1.225741e-009	
1.426262e-010	8.999106e+000	1.283509e-009	
1.493480e-010	8.999106e+000	1.343998e-009	
1.563865e-010	8.999106e+000	1.407339e-009	
1.637568e-010	8.999106e+000	1.473665e-009	
1.714744e-010	8.999106e+000	1.543117e-009	
1.795558e-010	8.999106e+000	1.615842e-009	
1.880180e-010	8.999106e+000	1.691994e-009	
1.968790e-010	8.999106e+000	1.771735e-009	
2.061576e-010	8.999106e+000	1.855234e-009	
2.158735e-010	8.999106e+000	1.942669e-009	
2.260473e-010	8.999106e+000	2.034224e-009	
2.367006e-010	8.999106e+000	2.130094e-009	
2.478560e-010	8.999106e+000	2.230482e-009	
2.595371e-010	8.999106e+000	2.335602e-009	
2.717687e-010	8.999106e+000	2.445675e-009	
2.845767e-010	8.999106e+000	2.560936e-009	
2.979884e-010	8.999106e+000	2.681629e-009	
3.120322e-010	8.999106e+000	2.808011e-009	
3.267378e-010	8.999106e+000	2.940348e-009	
3.421365e-010	8.999106e+000	3.078923e-009	
3.582609e-010	8.999106e+000	3.224028e-009	
3.751452e-010	8.999106e+000	3.375972e-009	
3.928252e-010	8.999106e+000	3.535076e-009	
4.113385e-010	8.999106e+000	3.701679e-009	
4.307243e-010	8.999106e+000	3.876134e-009	
4.510237e-010	8.999106e+000	4.058810e-009	
4.722798e-010	8.999106e+000	4.250096e-009	
4.945377e-010	8.999106e+000	4.450397e-009	
5.178445e-010	8.999106e+000	4.660138e-009	
5.422498e-010	8.999106e+000	4.879764e-009	
5.678052e-010	8.999106e+000	5.109740e-009	
5.945651e-010	8.999106e+000	5.350554e-009	
6.225860e-010	8.999106e+000	5.602718e-009	
6.519276e-010	8.999106e+000	5.866766e-009	
6.826520e-010	8.999106e+000	6.143258e-009	
7.148244e-010	8.999106e+000	6.432781e-009	
7.485131e-010	8.999106e+000	6.735949e-009	
7.837894e-010	8.999106e+000	7.053404e-009	
8.207283e-010	8.999106e+000	7.385821e-009	
8.594080e-010	8.999106e+000	7.733904e-009	
8.999106e-010	8.999106e+000	8.098392e-009	
9.423221e-010	8.999106e+000	8.480057e-009	
9.867324e-010	8.999106e+000	8.879710e-009	
1.033236e-009	8.999106e+000	9.298198e-009	
1.081931e-009	8.999106e+000	9.736408e-009	
1.132920e-009	8.999106e+000	1.019527e-008	
1.186313e-009	8.999106e+000	1.067576e-008	
1.242222e-009	8.999106e+000	1.117889e-008	
1.300767e-009	8.999106e+000	1.170574e-008	
1.362070e-009	8.999106e+000	1.225741e-008	
1.426262e-009	8.999106e+000	1.283509e-008	
1.493480e-009	8.999106e+000	1.343998e-008	
1.563865e-009	8.999106e+000	1.407339e-008	
1.637568e-009	8.999106e+000	1.473665e-008	
1.714744e-009	8.999106e+000	1.543117e-008	
1.795558e-009	8.999106e+000	1.615842e-008	
1.880180e-009	8.999106e+000	1.691994e-008	
1.968790e-009	8.999106e+000	1.771735e-008	
2.061576e-009	8.999106e+000	1.855234e-008	
2.158735e-009	8.999106e+000	1.942669e-008	
2.260473e-009	8.999106e+000	2.034224e-008	
2.367006e-009	8.999106e+000	2.130094e-008	
2.478560e-009	8.999106e+000	2.230482e-008	
2.595371e-009	8.999106e+000	2.335602e-008	
2.717687e-009	8.999106e+000	2.445675e-008	
2.845767e-009	8.999106e+000	2.560936e-008	
2.979884e-009	8.999106e+000	2.681629e-008	
3.120322e-009	8.999106e+000	2.808011e-008	
3.267378e-009	8.999106e+000	2.940348e-008	
3.421365e-009	8.999106e+000	3.078923e-008	
3.582609e-009	8.999106e+000	3.224028e-008	
3.751452e-009	8.999106e+000	3.375972e-008	
3.928252e-009	8.999106e+000	3.535076e-008	
4.113385e-009	8.999106e+000	3.701679e-008	
4.307243e-009	8.999106e+000	3.876134e-008	
4.510237e-009	8.999106e+000	4.058810e-008	
4.722798e-009	8.999106e+000	4.250096e-008	
4.945377e-009	8.999106e+000	4.450397e-008	
5.178445e-009	8.999106e+000	4.660138e-008	
5.422498e-009	8.999106e+000	4.879764e-008	
5.678052e-009	8.999106e+000	5.109740e-008	
5.945651e-009	8.999106e+000	5.350554e-008	
6.225861e-009	8.999106e+000	5.602718e-008	
6.519276e-009	8.999106e+000	5.866766e-008	
6.826520e-009	8.999106e+000	6.143258e-008	
7.148244e-009	8.999106e+000	6.432781e-008	
7.485131e-009	8.999106e+000	6.735949e-008	
7.837894e-009	8.999106e+000	7.053404e-008	
8.207283e-009	8.999106e+000	7.385821e-008	
8.594080e-009	8.999106e+000	7.733904e-008	
8.999106e-009	8.999106e+000	8.098392e-008	
9.423221e-009	8.999106e+000	8.480057e-008	
9.867324e-009	8.999106e+000	8.879710e-008	
1.033236e-008	8.999106e+000	9.298197e-008	
1.081931e-008	8.999106e+000	9.736408e-008	
1.132920e-008	8.999106e+000	1.019527e-007	
1.186313e-008	8.999106e+000	1.067576e-007	
1.242223e-008	8.999106e+000	1.117889e-007	
1.300767e-008	8.999106e+000	1.170574e-007	
1.362070e-008	8.999106e+000	1.225741e-007	
1.426262e-008	8.999106e+000	1.283509e-007	
1.493480e-008	8.999106e+000	1.343999e-007	
1.563865e-008	8.999106e+000	1.407339e-007	
1.637568e-008	8.999106e+000	1.473665e-007	
1.714744e-008	8.999106e+000	1.543117e-007	
1.795558e-008	8.999106e+000	1.615842e-007	
1.880180e-008	8.999106e+000	1.691994e-007	
1.968790e-008	8.999106e+000	1.771735e-007	
2.061576e-008	8.999106e+000	1.855234e-007	
2.158735e-008	8.999106e+000	1.942669e-007	
2.260473e-008	8.999106e+000	2.034224e-007	
2.367006e-008	8.999106e+000	2.130094e-007	
2.478560e-008	8.999106e+000	2.230482e-007	
2.595371e-008	8.999106e+000	2.335602e-007	
2.717687e-008	8.999106e+000	2.445675e-007	
2.845767e-008	8.999106e+000	2.560936e-007	
2.979884e-008	8.999106e+000	2.681630e-007	
3.120322e-008	8.999106e+000	2.808011e-007	
3.267378e-008	8.999106e+000	2.940348e-007	
3.421365e-008	8.999106e+000	3.078923e-007	
3.582609e-008	8.999106e+000	3.224028e-007	
3.751452e-008	8.999106e+000	3.375971e-007	
3.928253e-008	8.999106e+000	3.535076e-007	
4.113385e-008	8.999106e+000	3.701679e-007	
4.307243e-008	8.999106e+000	3.876134e-007	
4.510237e-008	8.999106e+000	4.058810e-007	
4.722798e-008	8.999106e+000	4.250096e-007	
4.945377e-008	8.999106e+000	4.450397e-007	
5.178445e-008	8.999106e+000	4.660138e-007	
5.422498e-008	8.999106e+000	4.879764e-007	
5.678052e-008	8.999106e+000	5.109740e-007	
5.945651e-008	8.999106e+000	5.350554e-007	
6.225861e-008	8.999106e+000	5.602718e-007	
6.519276e-008	8.999106e+000	5.866766e-007	
6.826520e-008	8.999106e+000	6.143258e-007	
7.148245e-008	8.999106e+000	6.432781e-007	
7.485131e-008	8.999106e+000	6.735949e-007	
7.837894e-008	8.999106e+000	7.053404e-007	
8.207282e-008	8.999106e+000	7.385821e-007	
8.594080e-008	8.999106e+000	7.733904e-007	
8.999106e-008	8.999106e+000	8.098391e-007	
9.423221e-008	8.999106e+000	8.480057e-007	
9.867324e-008	8.999106e+000	8.879710e-007	
1.033236e-007	8.999106e+000	9.298198e-007	
1.081931e-007	8.999106e+000	9.736408e-007	
1.132920e-007	8.999106e+000	1.019527e-006	
1.186313e-007	8.999106e+000	1.067576e-006	
1.242223e-007	8.999106e+000	1.117889e-006	
1.300767e-007	8.999106e+000	1.170574e-006	
1.362070e-007	8.999106e+000	1.225741e-006	
1.426262e-007	8.999106e+000	1.283509e-006	
1.493480e-007	8.999106e+000	1.343999e-006	
1.563865e-007	8.999106e+000	1.407339e-006	
1.637568e-007	8.999106e+000	1.473665e-006	
1.714744e-007	8.999106e+000	1.543117e-006	
1.795558e-007	8.999106e+000	1.615842e-006	
1.880180e-007	8.999106e+000	1.691994e-006	
1.968790e-007	8.999106e+000	1.771735e-006	
2.061576e-007	8.999106e+000	1.855234e-006	
2.158735e-007	8.999106e+000	1.942669e-006	
2.260473e-007	8.999106e+000	2.034224e-006	
2.367006e-007	8.999106e+000	2.130094e-006	
2.478560e-007	8.999106e+000	2.230482e-006	
2.595371e-007	8.999106e+000	2.335602e-006	
2.717687e-007	8.999106e+000	2.445675e-006	
2.845767e-007	8.999106e+000	2.560936e-006	
2.979884e-007	8.999106e+000	2.681629e-006	
3.120322e-007	8.999106e+000	2.808011e-006	
3.267378e-007	8.999106e+000	2.940348e-006	
3.421365e-007	8.999106e+000	3.078923e-006	
3.582609e-007	8.999106e+000	3.224028e-006	
3.751452e-007	8.999106e+000	3.375971e-006	
3.928253e-007	8.999106e+000	3.535076e-006	
4.113385e-007	8.999106e+000	3.701679e-006	
4.307243e-007	8.999106e+000	3.876134e-006	
4.510237e-007	8.999106e+000	4.058811e-006	
4.722798e-007	8.999106e+000	4.250096e-006	
4.945377e-007	8.999106e+000	4.450397e-006	
5.178445e-007	8.999106e+000	4.660138e-006	
5.422498e-007	8.999106e+000	4.879763e-006	
5.678052e-007	8.999106e+000	5.109740e-006	
5.945651e-007	8.999106e+000	5.350554e-006	
6.225861e-007	8.999106e+000	5.602718e-006	
6.519276e-007	8.999106e+000	5.866766e-006	
6.826521e-007	8.999106e+000	6.143259e-006	
7.148244e-007	8.999106e+000	6.432781e-006	
7.485131e-007	8.999106e+000	6.735949e-006	
7.837894e-007	8.999106e+000	7.053404e-006	
8.207282e-007	8.999106e+000	7.385821e-006	
8.594080e-007	8.999106e+000	7.733904e-006	
8.999106e-007	8.999106e+000	8.098391e-006	
9.423221e-007	8.999106e+000	8.480057e-006	
9.867324e-007	8.999106e+000	8.879710e-006	
1.033236e-006	8.999106e+000	9.298198e-006	
1.081931e-006	8.999106e+000	9.736408e-006	
1.132920e-006	8.999106e+000	1.019527e-005	
1.186313e-006	8.999106e+000	1.067576e-005	
1.242223e-006	8.999106e+000	1.117889e-005	
1.300767e-006	8.999106e+000	1.170574e-005	
1.362070e-006	8.999106e+000	1.225741e-005	
1.426262e-006	8.999106e+000	1.283509e-005	
1.493480e-006	8.999106e+000	1.343998e-005	
1.563865e-006	8.999106e+000	1.407339e-005	
1.637568e-006	8.999106e+000	1.473665e-005	
1.714744e-006	8.999106e+000	1.543117e-005	
1.795558e-006	8.999106e+000	1.615842e-005	
1.880180e-006	8.999106e+000	1.691994e-005	
1.968790e-006	8.999106e+000	1.771735e-005	
2.061576e-006	8.999106e+000	1.855234e-005	
2.158735e-006	8.999106e+000	1.942669e-005	
2.260473e-006	8.999106e+000	2.034224e-005	
2.367006e-006	8.999106e+000	2.130094e-005	
2.478560e-006	8.999106e+000	2.230482e-005	
2.595371e-006	8.999106e+000	2.335602e-005	
2.717687e-006	8.999106e+000	2.445675e-005	
2.845767e-006	8.999106e+000	2.560936e-005	
2.979884e-006	8.999106e+000	2.681629e-005	
3.120322e-006	8.999106e+000	2.808011e-005	
3.267378e-006	8.999106e+000	2.940348e-005	
3.421365e-006	8.999106e+000	3.078923e-005	
3.582609e-006	8.999106e+000	3.224028e-005	
3.751452e-006	8.999106e+000	3.375971e-005	
3.928252e-006	8.999106e+000	3.535076e-005	
4.113385e-006	8.999106e+000	3.701679e-005	
4.307243e-006	8.999106e+000	3.876134e-005	
4.510237e-006	8.999106e+000	4.058811e-005	
4.722798e-006	8.999106e+000	4.250096e-005	
4.945377e-006	8.999106e+000	4.450397e-005	
5.178445e-006	8.999106e+000	4.660138e-005	
5.422498e-006	8.999106e+000	4.879764e-005	
5.678052e-006	8.999106e+000	5.109740e-005	
5.945651e-006	8.999106e+000	5.350554e-005	
6.225860e-006	8.999106e+000	5.602718e-005	
6.519276e-006	8.999106e+000	5.866766e-005	
6.826520e-006	8.999106e+000	6.143258e-005	
7.148245e-006	8.999106e+000	6.432781e-005	
7.485130e-006	8.999106e+000	6.735949e-005	
7.837894e-006	8.999106e+000	7.053405e-005	
8.207283e-006	8.999106e+000	7.385821e-005	
8.594080e-006	8.999106e+000	7.733904e-005	
8.999106e-006	8.999106e+000	8.098392e-005	
9.423221e-006	8.999106e+000	8.480057e-005	
9.867324e-006	8.999106e+000	8.879709e-005	
1.033236e-005	8.999106e+000	9.298197e-005	
1.081931e-005	8.999106e+000	9.736408e-005	
1.132920e-005	8.999106e+000	1.019527e-004	
1.186313e-005	8.999106e+000	1.067576e-004	
1.242223e-005	8.999106e+000	1.117889e-004	
1.300767e-005	8.999106e+000	1.170574e-004	
1.362070e-005	8.999106e+000	1.225741e-004	
1.426262e-005	8.999106e+000	1.283509e-004	
1.493480e-005	8.999106e+000	1.343998e-004	
1.563865e-005	8.999106e+000	1.407339e-004	
1.637568e-005	8.999106e+000	1.473665e-004	
1.714744e-005	8.999106e+000	1.543117e-004	
1.795558e-005	8.999106e+000	1.615842e-004	
1.880180e-005	8.999106e+000	1.691994e-004	
1.968790e-005	8.999106e+000	1.771735e-004	
2.061576e-005	8.999106e+000	1.855234e-004	
2.158735e-005	8.999106e+000	1.942669e-004	
2.260473e-005	8.999106e+000	2.034224e-004	
2.367006e-005	8.999106e+000	2.130094e-004	
2.478560e-005	8.999106e+000	2.230482e-004	
2.595371e-005	8.999106e+000	2.335602e-004	
2.717687e-005	8.999106e+000	2.445675e-004	
2.845767e-005	8.999106e+000	2.560936e-004	
2.979884e-005	8.999106e+000	2.681630e-004	
3.120322e-005	8.999106e+000	2.808011e-004	
3.267378e-005	8.999106e+000	2.940348e-004	
3.421365e-005	8.999106e+000	3.078923e-004	
3.582609e-005	8.999106e+000	3.224028e-004	
3.751452e-005	8.999106e+000	3.375972e-004	
3.928252e-005	8.999106e+000	3.535076e-004	
4.113385e-005	8.999106e+000	3.701679e-004	
4.307243e-005	8.999106e+000	3.876134e-004	
4.510237e-005	8.999106e+000	4.058811e-004	
4.722798e-005	8.999106e+000	4.250096e-004	
4.945377e-005	8.999106e+000	4.450397e-004	
5.178445e-005	8.999106e+000	4.660138e-004	
5.422498e-005	8.999106e+000	4.879764e-004	
5.678052e-005	8.999106e+000	5.109740e-004	
5.945651e-005	8.999106e+000	5.350554e-004	
6.225861e-005	8.999106e+000	5.602718e-004	
6.519276e-005	8.999106e+000	5.866766e-004	
6.826520e-005	8.999106e+000	6.143258e-004	
7.148244e-005	8.999106e+000	6.432781e-004	
7.485130e-005	8.999106e+000	6.735949e-004	
7.837894e-005	8.999106e+000	7.053405e-004	
8.207282e-005	8.999106e+000	7.385821e-004	
8.594080e-005	8.999106e+000	7.733904e-004	
8.999107e-005	8.999106e+000	8.098392e-004	
9.423221e-005	8.999106e+000	8.480057e-004	
9.867324e-005	8.999106e+000	8.879710e-004	
1.033236e-004	8.999106e+000	9.298198e-004	
1.081931e-004	8.999106e+000	9.736408e-004	
1.132920e-004	8.999106e+000	1.019527e-003	
1.186313e-004	8.999106e+000	1.067576e-003	
1.242222e-004	8.999106e+000	1.117889e-003	
1.300767e-004	8.999106e+000	1.170574e-003	
1.362070e-004	8.999106e+000	1.225741e-003	
1.426262e-004	8.999106e+000	1.283509e-003	
1.493480e-004	8.999106e+000	1.343998e-003	
1.563866e-004	8.999106e+000	1.407339e-003	
1.637568e-004	8.999106e+000	1.473665e-003	
1.714744e-004	8.999106e+000	1.543117e-003	
1.795558e-004	8.999106e+000	1.615842e-003	
1.880180e-004	8.999106e+000	1.691994e-003	
1.968790e-004	8.999106e+000	1.771735e-003	
2.061576e-004	8.999106e+000	1.855234e-003	
2.158735e-004	8.999106e+000	1.942669e-003	
2.260473e-004	8.999106e+000	2.034224e-003	
2.367006e-004	8.999106e+000	2.130094e-003	
2.478560e-004	8.999106e+000	2.230482e-003	
2.595371e-004	8.999106e+000	2.335602e-003	
2.717687e-004	8.999106e+000	2.445675e-003	
2.845767e-004	8.999106e+000	2.560936e-003	
2.979884e-004	8.999106e+000	2.681629e-003	
3.120322e-004	8.999106e+000	2.808011e-003	
3.267378e-004	8.999106e+000	2.940348e-003	
3.421365e-004	8.999106e+000	3.078923e-003	
3.582609e-004	8.999106e+000	3.224028e-003	
3.751452e-004	8.999106e+000	3.375972e-003	
3.928253e-004	8.999106e+000	3.535076e-003	
4.113385e-004	8.999106e+000	3.701679e-003	
4.307243e-004	8.999106e+000	3.876134e-003	
4.510237e-004	8.999106e+000	4.058810e-003	
4.722798e-004	8.999106e+000	4.250096e-003	
4.945377e-004	8.999106e+000	4.450397e-003	
5.178445e-004	8.999106e+000	4.660138e-003	
5.422498e-004	8.999106e+000	4.879763e-003	
5.678052e-004	8.999106e+000	5.109739e-003	
5.945651e-004	8.999106e+000	5.350554e-003	
6.225861e-004	8.999106e+000	5.602718e-003	
6.519276e-004	8.999106e+000	5.866766e-003	
6.826521e-004	8.999106e+000	6.143258e-003	
7.148244e-004	8.999106e+000	6.432781e-003	
7.485130e-004	8.999106e+000	6.735948e-003	
7.837894e-004	8.999106e+000	7.053404e-003	
8.207283e-004	8.999106e+000	7.385821e-003	
8.594080e-004	8.999106e+000	7.733904e-003	
8.999106e-004	8.999106e+000	8.098392e-003	
9.423221e-004	8.999106e+000	8.480057e-003	
9.867324e-004	8.999106e+000	8.879710e-003	
1.033236e-003	8.999106e+000	9.298198e-003	
1.081931e-003	8.999106e+000	9.736409e-003	
1.132920e-003	8.999106e+000	1.019527e-002	
1.186313e-003	8.999106e+000	1.067576e-002	
1.242222e-003	8.999106e+000	1.117889e-002	
1.300767e-003	8.999106e+000	1.170574e-002	
1.362070e-003	8.999106e+000	1.225741e-002	
1.426262e-003	8.999106e+000	1.283509e-002	
1.493480e-003	8.999106e+000	1.343998e-002	
1.563865e-003	8.999106e+000	1.407339e-002	
1.637568e-003	8.999106e+000	1.473665e-002	
1.714744e-003	8.999106e+000	1.543117e-002	
1.795558e-003	8.999106e+000	1.615842e-002	
1.880180e-003	8.999106e+000	1.691994e-002	
1.968790e-003	8.999106e+000	1.771735e-002	
2.061576e-003	8.999106e+000	1.855234e-002	
2.158735e-003	8.999106e+000	1.942669e-002	
2.260473e-003	8.999106e+000	2.034224e-002	
2.367006e-003	8.999106e+000	2.130094e-002	
2.478560e-003	8.999106e+000	2.230482e-002	
2.595371e-003	8.999106e+000	2.335602e-002	
2.717687e-003	8.999106e+000	2.445675e-002	
2.845767e-003	8.999106e+000	2.560936e-002	
2.979884e-003	8.999106e+000	2.681629e-002	
3.120322e-003	8.999106e+000	2.808011e-002	
3.267378e-003	8.999106e+000	2.940348e-002	
3.421365e-003	8.999106e+000	3.078922e-002	
3.582609e-003	8.999106e+000	3.224028e-002	
3.751452e-003	8.999105e+000	3.375971e-002	
3.928252e-003	8.999105e+000	3.535075e-002	
4.113385e-003	8.999105e+000	3.701679e-002	
4.307243e-003	8.999105e+000	3.876133e-002	
4.510237e-003	8.999105e+000	4.058810e-002	
4.722798e-003	8.999105e+000	4.250096e-002	
4.945376e-003	8.999105e+000	4.450396e-002	
5.178445e-003	8.999105e+000	4.660137e-002	
5.422497e-003	8.999105e+000	4.879762e-002	
5.678052e-003	8.999105e+000	5.109739e-002	
5.945650e-003	8.999105e+000	5.350553e-002	
6.225860e-003	8.999105e+000	5.602717e-002	
6.519276e-003	8.999105e+000	5.866765e-002	
6.826520e-003	8.999105e+000	6.143257e-002	
7.148243e-003	8.999105e+000	6.432780e-002	
7.485130e-003	8.999105e+000	6.735947e-002	
7.837893e-003	8.999105e+000	7.053403e-002	
8.207281e-003	8.999105e+000	7.385819e-002	
8.594079e-003	8.999105e+000	7.733902e-002	
8.999106e-003	8.999105e+000	8.098390e-002	
9.423220e-003	8.999105e+000	8.480055e-002	
9.867323e-003	8.999105e+000	8.879708e-002	
1.033236e-002	8.999105e+000	9.298195e-002	
1.081930e-002	8.999104e+000	9.736405e-002	
1.132920e-002	8.999104e+000	1.019527e-001	
1.186313e-002	8.999104e+000	1.067575e-001	
1.242222e-002	8.999104e+000	1.117889e-001	
1.300766e-002	8.999104e+000	1.170573e-001	
1.362070e-002	8.999104e+000	1.225741e-001	
1.426262e-002	8.999104e+000	1.283508e-001	
1.493480e-002	8.999104e+000	1.343998e-001	
1.563865e-002	8.999104e+000	1.407339e-001	
1.637568e-002	8.999104e+000	1.473664e-001	
1.714744e-002	8.999104e+000	1.543116e-001	
1.795557e-002	8.999104e+000	1.615841e-001	
1.880179e-002	8.999104e+000	1.691993e-001	
1.968789e-002	8.999104e+000	1.771734e-001	
2.061575e-002	8.999104e+000	1.855233e-001	
2.158735e-002	8.999104e+000	1.942668e-001	
2.260473e-002	8.999104e+000	2.034223e-001	
2.367005e-002	8.999104e+000	2.130093e-001	
2.478559e-002	8.999103e+000	2.230480e-001	
2.595370e-002	8.999103e+000	2.335600e-001	
2.717686e-002	8.999103e+000	2.445673e-001	
2.845766e-002	8.999103e+000	2.560934e-001	
2.979883e-002	8.999103e+000	2.681627e-001	
3.120320e-002	8.999102e+000	2.808008e-001	
3.267376e-002	8.999102e+000	2.940345e-001	
3.421363e-002	8.999102e+000	3.078919e-001	
3.582607e-002	8.999102e+000	3.224024e-001	
3.751450e-002	8.999102e+000	3.375968e-001	
3.928250e-002	8.999101e+000	3.535072e-001	
4.113382e-002	8.999101e+000	3.701674e-001	
4.307240e-002	8.999101e+000	3.876129e-001	
4.510234e-002	8.999100e+000	4.058804e-001	
4.722795e-002	8.999100e+000	4.250090e-001	
4.945373e-002	8.999100e+000	4.450391e-001	
5.178441e-002	8.999099e+000	4.660130e-001	
5.422493e-002	8.999099e+000	4.879755e-001	
5.678047e-002	8.999099e+000	5.109731e-001	
5.945645e-002	8.999098e+000	5.350544e-001	
6.225855e-002	8.999098e+000	5.602707e-001	
6.519270e-002	8.999098e+000	5.866755e-001	
6.826513e-002	8.999097e+000	6.143245e-001	
7.148237e-002	8.999097e+000	6.432768e-001	
7.485122e-002	8.999096e+000	6.735933e-001	
7.837885e-002	8.999096e+000	7.053388e-001	
8.207272e-002	8.999095e+000	7.385802e-001	
8.594068e-002	8.999094e+000	7.733883e-001	
8.999094e-002	8.999094e+000	8.098369e-001	
9.423207e-002	8.999093e+000	8.480032e-001	
9.867309e-002	8.999093e+000	8.879683e-001	
1.033234e-001	8.999092e+000	9.298168e-001	
1.081929e-001	8.999091e+000	9.736376e-001	
1.132918e-001	8.999090e+000	1.019523e+000	
1.186311e-001	8.999090e+000	1.067572e+000	
1.242220e-001	8.999089e+000	1.117885e+000	
1.300764e-001	8.999088e+000	1.170569e+000	
1.362067e-001	8.999087e+000	1.225736e+000	
1.426259e-001	8.999086e+000	1.283503e+000	
1.493476e-001	8.999085e+000	1.343992e+000	
1.563862e-001	8.999084e+000	1.407332e+000	
1.637564e-001	8.999084e+000	1.473658e+000	
1.714740e-001	8.999083e+000	1.543109e+000	
1.795553e-001	8.999082e+000	1.615833e+000	
1.880174e-001	8.999081e+000	1.691984e+000	
1.968784e-001	8.999079e+000	1.771724e+000	
2.061570e-001	8.999078e+000	1.855222e+000	
2.158728e-001	8.999076e+000	1.942656e+000	
2.260465e-001	8.999075e+000	2.034210e+000	
2.366997e-001	8.999073e+000	2.130078e+000	
2.478550e-001	8.999072e+000	2.230465e+000	
2.595360e-001	8.999070e+000	2.335583e+000	
2.717675e-001	8.999068e+000	2.445655e+000	
2.845755e-001	8.999066e+000	2.560914e+000	
2.979870e-001	8.999065e+000	2.681605e+000	
3.120307e-001	8.999063e+000	2.807984e+000	
3.267362e-001	8.999061e+000	2.940318e+000	
3.421347e-001	8.999059e+000	3.078890e+000	
3.582589e-001	8.999057e+000	3.223992e+000	
3.751430e-001	8.999054e+000	3.375932e+000	
3.928229e-001	8.999052e+000	3.535033e+000	
4.113359e-001	8.999049e+000	3.701632e+000	
4.307214e-001	8.999046e+000	3.876082e+000	
4.510206e-001	8.999043e+000	4.058754e+000	
4.722764e-001	8.999041e+000	4.250034e+000	
4.945339e-001	8.999038e+000	4.450329e+000	
5.178404e-001	8.999034e+000	4.660063e+000	
5.422452e-001	8.999031e+000	4.879681e+000	
5.678002e-001	8.999027e+000	5.109650e+000	
5.945596e-001	8.999023e+000	5.350456e+000	
6.225801e-001	8.999020e+000	5.602610e+000	
6.519210e-001	8.999016e+000	5.866648e+000	
6.826448e-001	8.999011e+000	6.143128e+000	
7.148165e-001	8.999007e+000	6.432639e+000	
7.485044e-001	8.999002e+000	6.735793e+000	
7.837799e-001	8.998998e+000	7.053234e+000	
8.207178e-001	8.998992e+000	7.385633e+000	
8.593966e-001	8.998987e+000	7.733699e+000	
8.998981e-001	8.998981e+000	8.098166e+000	
9.423084e-001	8.998975e+000	8.479809e+000	
9.867173e-001	8.998969e+000	8.879439e+000	
1.033219e+000	8.998962e+000	9.297900e+000	
1.081912e+000	8.998956e+000	9.736082e+000	
1.132900e+000	8.998949e+000	1.019491e+001	
1.186291e+000	8.998941e+000	1.067537e+001	
1.242199e+000	8.998934e+000	1.117846e+001	
1.300740e+000	8.998925e+000	1.170527e+001	
1.362041e+000	8.998917e+000	1.225689e+001	
1.426231e+000	8.998908e+000	1.283452e+001	
1.493445e+000	8.998899e+000	1.343936e+001	
1.563828e+000	8.998889e+000	1.407271e+001	
1.637527e+000	8.998878e+000	1.473590e+001	
1.714699e+000	8.998868e+000	1.543035e+001	
1.795508e+000	8.998857e+000	1.615752e+001	
1.880125e+000	8.998844e+000	1.691895e+001	
1.968730e+000	8.998832e+000	1.771627e+001	
2.061510e+000	8.998819e+000	1.855116e+001	
2.158663e+000	8.998806e+000	1.942539e+001	
2.260394e+000	8.998792e+000	2.034082e+001	
2.366920e+000	8.998776e+000	2.129938e+001	
2.478465e+000	8.998761e+000	2.230311e+001	
2.595266e+000	8.998745e+000	2.335414e+001	
2.717572e+000	8.998728e+000	2.445469e+001	
2.845642e+000	8.998710e+000	2.560711e+001	
2.979747e+000	8.998692e+000	2.681382e+001	
3.120171e+000	8.998672e+000	2.807739e+001	
3.267213e+000	8.998652e+000	2.940051e+001	
3.421184e+000	8.998630e+000	3.078596e+001	
3.582410e+000	8.998608e+000	3.223670e+001	
3.751234e+000	8.998584e+000	3.375579e+001	
3.928014e+000	8.998559e+000	3.534646e+001	
4.113123e+000	8.998533e+000	3.701208e+001	
4.306956e+000	8.998507e+000	3.875617e+001	
4.509923e+000	8.998478e+000	4.058244e+001	
4.722453e+000	8.998448e+000	4.249475e+001	
4.944998e+000	8.998418e+000	4.449716e+001	
5.178030e+000	8.998385e+000	4.659391e+001	
5.422043e+000	8.998351e+000	4.878945e+001	
5.677553e+000	8.998316e+000	5.108842e+001	
5.945103e+000	8.998278e+000	5.349569e+001	
6.225260e+000	8.998240e+000	5.601638e+001	
6.518618e+000	8.998199e+000	5.865582e+001	
6.825799e+000	8.998156e+000	6.141960e+001	
7.147453e+000	8.998111e+000	6.431358e+001	
7.484263e+000	8.998063e+000	6.734387e+001	
7.836943e+000	8.998014e+000	7.051692e+001	
8.206240e+000	8.997963e+000	7.383944e+001	
8.592937e+000	8.997909e+000	7.731846e+001	
8.997852e+000	8.997852e+000	8.096135e+001	
9.421846e+000	8.997793e+000	8.477583e+001	
9.865816e+000	8.997731e+000	8.876996e+001	
1.033070e+001	8.997666e+000	9.295223e+001	
1.081749e+001	8.997599e+000	9.733146e+001	
1.132722e+001	8.997527e+000	1.019169e+002	
1.186095e+001	8.997453e+000	1.067184e+002	
1.241983e+001	8.997375e+000	1.117459e+002	
1.300504e+001	8.997293e+000	1.170102e+002	
1.361782e+001	8.997208e+000	1.225224e+002	
1.425947e+001	8.997118e+000	1.282941e+002	
1.493134e+001	8.997024e+000	1.343376e+002	
1.563486e+001	8.996925e+000	1.406657e+002	
1.637153e+001	8.996822e+000	1.472917e+002	
1.714289e+001	8.996715e+000	1.542297e+002	
1.795058e+001	8.996602e+000	1.614942e+002	
1.879632e+001	8.996484e+000	1.691008e+002	
1.968189e+001	8.996360e+000	1.770654e+002	
2.060917e+001	8.996230e+000	1.854048e+002	
2.158013e+001	8.996094e+000	1.941368e+002	
2.259681e+001	8.995952e+000	2.032798e+002	
2.366137e+001	8.995802e+000	2.128530e+002	
2.477607e+001	8.995646e+000	2.228767e+002	
2.594325e+001	8.995481e+000	2.333720e+002	
2.716540e+001	8.995310e+000	2.443612e+002	
2.844510e+001	8.995131e+000	2.558674e+002	
2.978505e+001	8.994942e+000	2.679148e+002	
3.118809e+001	8.994744e+000	2.805289e+002	
3.265719e+001	8.994537e+000	2.937363e+002	
3.419545e+001	8.994320e+000	3.075648e+002	
3.580613e+001	8.994092e+000	3.220436e+002	
3.749262e+001	8.993853e+000	3.372031e+002	
3.925850e+001	8.993603e+000	3.530753e+002	
4.110749e+001	8.993340e+000	3.696937e+002	
4.304351e+001	8.993064e+000	3.870930e+002	
4.507063e+001	8.992774e+000	4.053100e+002	
4.719315e+001	8.992469e+000	4.243829e+002	
4.941553e+001	8.992149e+000	4.443519e+002	
5.174248e+001	8.991813e+000	4.652587e+002	
5.417889e+001	8.991458e+000	4.871472e+002	
5.672991e+001	8.991084e+000	5.100634e+002	
5.940090e+001	8.990690e+000	5.340551e+002	
6.219750e+001	8.990273e+000	5.591725e+002	
6.512558e+001	8.989833e+000	5.854681e+002	
6.819130e+001	8.989365e+000	6.129965e+002	
7.140110e+001	8.988866e+000	6.418149e+002	
7.476170e+001	8.988334e+000	6.719831e+002	
7.828014e+001	8.987762e+000	7.035633e+002	
8.196375e+001	8.987145e+000	7.366201e+002	
8.582017e+001	8.986475e+000	7.712208e+002	
8.985740e+001	8.985740e+000	8.074352e+002	
9.408370e+001	8.984924e+000	8.453349e+002	
9.850768e+001	8.984007e+000	8.849937e+002	
1.031382e+002	8.982960e+000	9.264861e+002	
1.079842e+002	8.981738e+000	9.698862e+002	
1.130551e+002	8.980283e+000	1.015266e+003	
1.183597e+002	8.978501e+000	1.062693e+003	
1.239069e+002	8.976259e+000	1.112220e+003	
1.297043e+002	8.973345e+000	1.163881e+003	
1.357579e+002	8.969432e+000	1.217671e+003	
1.420698e+002	8.963998e+000	1.273513e+003	
1.486357e+002	8.956187e+000	1.331209e+003	
1.554388e+002	8.944571e+000	1.390334e+003	
1.624398e+002	8.926731e+000	1.450056e+003	
1.695589e+002	8.898577e+000	1.508833e+003	
1.766506e+002	8.853501e+000	1.563976e+003	
1.834837e+002	8.782083e+000	1.611369e+003	
1.897686e+002	8.674098e+000	1.646071e+003	
1.952619e+002	8.523491e+000	1.664313e+003	
1.998759e+002	8.332214e+000	1.665409e+003	
2.036783e+002	8.108579e+000	1.651542e+003	
2.068096e+002	7.862683e+000	1.626079e+003	
2.094137e+002	7.603352e+000	1.592246e+003	
2.116094e+002	7.337277e+000	1.552637e+003	
2.134874e+002	7.069231e+000	1.509192e+003	
2.151150e+002	6.802534e+000	1.463327e+003	
2.165422e+002	6.539471e+000	1.416072e+003	
2.178064e+002	6.281606e+000	1.368174e+003	
2.189360e+002	6.029999e+000	1.320184e+003	
2.199529e+002	5.785349e+000	1.272504e+003	
2.208741e+002	5.548107e+000	1.225433e+003	
2.217134e+002	5.318534e+000	1.179190e+003	
2.224817e+002	5.096762e+000	1.133936e+003	
2.231881e+002	4.882823e+000	1.089788e+003	
2.238399e+002	4.676679e+000	1.046828e+003	
2.244435e+002	4.478237e+000	1.005111e+003	
2.250042e+002	4.287366e+000	9.646754e+002	
2.255265e+002	4.103908e+000	9.255401e+002	
2.260147e+002	3.927685e+000	8.877144e+002	
2.264725e+002	3.758508e+000	8.511987e+002	
2.269042e+002	3.596189e+000	8.159904e+002	
2.273165e+002	3.440574e+000	7.820991e+002	
2.277726e+002	3.292316e+000	7.498994e+002	
2.302780e+002	3.178721e+000	7.319895e+002	
2.327919e+002	3.068795e+000	7.143905e+002	
2.352410e+002	2.961509e+000	6.966684e+002	
2.376254e+002	2.856885e+000	6.788685e+002	
2.399451e+002	2.754938e+000	6.610338e+002	
2.422003e+002	2.655674e+000	6.432051e+002	
2.443915e+002	2.559093e+000	6.254208e+002	
2.465191e+002	2.465191e+000	6.077168e+002	
2.485837e+002	2.373956e+000	5.901269e+002	
2.505860e+002	2.285371e+000	5.726820e+002	
2.525266e+002	2.199415e+000	5.554109e+002	
2.544066e+002	2.116061e+000	5.383399e+002	
2.562267e+002	2.035280e+000	5.214931e+002	
2.579879e+002	1.957038e+000	5.048921e+002	
2.596909e+002	1.881294e+000	4.885549e+002	
2.613375e+002	1.808013e+000	4.725016e+002	
2.629284e+002	1.737151e+000	4.567463e+002	
2.644649e+002	1.668661e+000	4.413023e+002	
2.659482e+002	1.602496e+000	4.261810e+002	
2.673795e+002	1.538608e+000	4.113922e+002	
2.687599e+002	1.476946e+000	3.969439e+002	
2.700909e+002	1.417457e+000	3.828423e+002	
2.713737e+002	1.360090e+000	3.690927e+002	
2.726095e+002	1.304791e+000	3.556985e+002	
2.737997e+002	1.251506e+000	3.426620e+002	
2.749456e+002	1.200181e+000	3.299844e+002	
2.760483e+002	1.150761e+000	3.176657e+002	
2.771093e+002	1.103192e+000	3.057048e+002	
2.781298e+002	1.057420e+000	2.941000e+002	
2.791110e+002	1.013391e+000	2.828485e+002	
2.798677e+002	9.704043e-001	2.715848e+002	
2.800427e+002	9.273085e-001	2.596860e+002	
2.801629e+002	8.859529e-001	2.482111e+002	
2.802675e+002	8.463943e-001	2.372168e+002	
2.803629e+002	8.085753e-001	2.266945e+002	
2.804516e+002	7.724278e-001	2.166286e+002	
2.805348e+002	7.378817e-001	2.070015e+002	
2.806133e+002	7.048687e-001	1.977955e+002	
2.806874e+002	6.733223e-001	1.889931e+002	
2.807577e+002	6.431787e-001	1.805774e+002	
2.808243e+002	6.143767e-001	1.725319e+002	
2.808876e+002	5.868575e-001	1.648410e+002	
2.809478e+002	5.605646e-001	1.574894e+002	
2.810050e+002	5.354440e-001	1.504624e+002	
2.810594e+002	5.114440e-001	1.437462e+002	
2.811112e+002	4.885153e-001	1.373271e+002	
2.811605e+002	4.666103e-001	1.311924e+002	
2.812075e+002	4.456838e-001	1.253296e+002	
2.812522e+002	4.256924e-001	1.197269e+002	
2.812948e+002	4.065947e-001	1.143730e+002	
2.813354e+002	3.883510e-001	1.092569e+002	
2.813741e+002	3.709233e-001	1.043682e+002	
2.814110e+002	3.542755e-001	9.969704e+001	
2.814462e+002	3.383728e-001	9.523373e+001	
2.814797e+002	3.231820e-001	9.096918e+001	
2.815117e+002	3.086714e-001	8.689463e+001	
2.815422e+002	2.948109e-001	8.300171e+001	
2.815713e+002	2.815713e-001	7.928239e+001	
