time	V(receiver)

%Step Information: Rload=10K  (Run: 4/4)
0.000000000000000e+000	1.648116e+000
2.929687248354185e-008	1.648086e+000
5.859374496708369e-008	1.647987e+000
1.171874899341674e-007	1.647264e+000
2.343749798683348e-007	1.643711e+000
4.687499597366696e-007	1.633278e+000
7.617187097366695e-007	1.619096e+000
1.054687459736669e-006	1.603486e+000
1.347656209736669e-006	1.586050e+000
1.640624959736669e-006	1.567435e+000
1.933593709736669e-006	1.546475e+000
2.226562459736669e-006	1.522996e+000
2.519531209736669e-006	1.497258e+000
2.812499959736669e-006	1.468122e+000
3.105468709736669e-006	1.436073e+000
3.398437459736669e-006	1.401049e+000
3.691406209736669e-006	1.362434e+000
3.984374959736669e-006	1.321159e+000
4.277343709736669e-006	1.276891e+000
4.570312459736669e-006	1.229851e+000
4.707031250000001e-006	1.207713e+000
4.726562419473336e-006	1.204555e+000
4.765624758420008e-006	1.198022e+000
4.843749436350214e-006	1.184470e+000
4.845749436350213e-006	1.184104e+000
4.859749436350213e-006	1.181523e+000
4.875749436350213e-006	1.178540e+000
4.907749436350213e-006	1.172531e+000
4.943498872700425e-006	1.165796e+000
4.976984217805947e-006	1.159547e+000
5.000000000000000e-006	1.155317e+000
5.001395941721529e-006	1.155064e+000
5.004187825164588e-006	1.154567e+000
5.009771592050704e-006	1.153650e+000
5.020939125822938e-006	1.152412e+000
5.043274193367405e-006	1.153802e+000
5.087944328456339e-006	1.173151e+000
5.177284598634207e-006	1.242743e+000
5.255906663323921e-006	1.296593e+000
5.336956460033767e-006	1.298827e+000
5.430977998327931e-006	1.239386e+000
5.513344489590381e-006	1.191912e+000
5.605252041462879e-006	1.195710e+000
5.701151294812407e-006	1.235921e+000
5.784629230102101e-006	1.240745e+000
5.888286513243601e-006	1.187370e+000
5.994728611220212e-006	1.136066e+000
6.097319382795763e-006	1.142542e+000
6.200186749090294e-006	1.175978e+000
6.287919270114479e-006	1.168076e+000
6.395949707543128e-006	1.109701e+000
6.486816654188242e-006	1.078137e+000
6.593189318331230e-006	1.094837e+000
6.695883120907551e-006	1.119775e+000
6.790202927344969e-006	1.101718e+000
6.893551447212262e-006	1.049105e+000
6.978291063717426e-006	1.029826e+000
7.086533573941216e-006	1.051718e+000
7.194605077571151e-006	1.067226e+000
7.304043385020395e-006	1.037779e+000
7.403759199510896e-006	9.966539e-001
7.491912405366964e-006	9.912571e-001
7.601002316018710e-006	1.017931e+000
7.698697893441560e-006	1.022934e+000
7.799024430306519e-006	9.909106e-001
7.902012192280458e-006	9.575459e-001
7.995335405895627e-006	9.608274e-001
8.097472956263807e-006	9.856866e-001
8.178871272617572e-006	9.860376e-001
8.276017495877268e-006	9.548522e-001
8.375803318982796e-006	9.262233e-001
8.465021991589772e-006	9.300121e-001
8.563491385118291e-006	9.531774e-001
8.639574447909537e-006	9.557537e-001
8.726393280128100e-006	9.315199e-001
8.818467051030154e-006	9.022418e-001
8.896135768381588e-006	8.989631e-001
8.992270008175836e-006	9.170615e-001
9.100229721187801e-006	9.262271e-001
9.184449575457839e-006	9.092991e-001
9.274211204093251e-006	8.808393e-001
9.338606733777638e-006	8.740538e-001
9.418796342836194e-006	8.871006e-001
9.502772922430365e-006	9.050246e-001
9.563522609256688e-006	9.057711e-001
9.634329475421084e-006	8.884726e-001
9.709519815446028e-006	8.643290e-001
9.762739802226047e-006	8.554128e-001
9.824731277937298e-006	8.605551e-001
9.895020791697075e-006	8.768137e-001
9.948005467616474e-006	8.874090e-001
9.995199576848212e-006	8.878804e-001
1.005398926285678e-005	8.757110e-001
1.011530227259995e-005	8.561825e-001
1.015605172493614e-005	8.448972e-001
1.019744754645251e-005	8.404967e-001
1.025527293464688e-005	8.456333e-001
1.030888000498201e-005	8.574110e-001
1.034998210504391e-005	8.675124e-001
1.038017120384571e-005	8.725812e-001
1.040979027682171e-005	8.737088e-001
1.044014616969016e-005	8.706745e-001
1.046960043706310e-005	8.641150e-001
1.050068794162950e-005	8.546593e-001
1.052183403351975e-005	8.475603e-001
1.054079020555028e-005	8.413941e-001
1.056082801787265e-005	8.358034e-001
1.058444112095439e-005	8.308964e-001
1.060618854753179e-005	8.284231e-001
1.063133415988847e-005	8.282763e-001
1.065847239830012e-005	8.311237e-001
1.069599397443840e-005	8.384575e-001
1.075186177975932e-005	8.505759e-001
1.080349423113538e-005	8.572912e-001
1.086045206274854e-005	8.551238e-001
1.091466452793380e-005	8.447850e-001
1.099027922952985e-005	8.274194e-001
1.104213148549418e-005	8.213642e-001
1.110157890074852e-005	8.248216e-001
1.116681217673894e-005	8.352671e-001
1.124185971268290e-005	8.440596e-001
1.131503002673694e-005	8.408068e-001
1.139760899065975e-005	8.277044e-001
1.150470825300206e-005	8.171349e-001
1.159771314646162e-005	8.224013e-001
1.169413294369600e-005	8.328534e-001
1.178105909376307e-005	8.315291e-001
1.189770040341334e-005	8.178938e-001
1.201852427992544e-005	8.127357e-001
1.214280779767328e-005	8.210548e-001
1.226944996295930e-005	8.241317e-001
1.240169636679121e-005	8.142279e-001
1.254000504055477e-005	8.096359e-001
1.268972494285135e-005	8.174112e-001
1.284251941390138e-005	8.182058e-001
1.302589778265670e-005	8.098258e-001
1.320965018838917e-005	8.122994e-001
1.340928868876173e-005	8.171657e-001
1.361037830889188e-005	8.122055e-001
1.382358584847452e-005	8.136116e-001
1.404537398009838e-005	8.195041e-001
1.428944766894954e-005	8.172053e-001
1.454204688059158e-005	8.205919e-001
1.479449602701040e-005	8.268530e-001
1.508746477701040e-005	8.272932e-001
1.538043352701040e-005	8.345548e-001
1.566252529901544e-005	8.408329e-001
1.595549404901544e-005	8.440518e-001
1.624846279901544e-005	8.544366e-001
1.654143154901544e-005	8.607823e-001
1.683440029901544e-005	8.675619e-001
1.712736904901545e-005	8.799588e-001
1.742033779901545e-005	8.864304e-001
1.771330654901545e-005	8.968223e-001
1.800627529901545e-005	9.097666e-001
1.829924404901545e-005	9.175308e-001
1.859221279901545e-005	9.315006e-001
1.888518154901546e-005	9.437505e-001
1.917815029901546e-005	9.532315e-001
1.947111904901546e-005	9.695584e-001
1.976408779901546e-005	9.811266e-001
2.005705654901546e-005	9.933386e-001
2.035002529901546e-005	1.010297e+000
2.064299404901547e-005	1.020929e+000
2.093596279901547e-005	1.035547e+000
2.122893154901547e-005	1.051631e+000
2.152190029901547e-005	1.062374e+000
2.181486904901547e-005	1.078918e+000
2.210783779901547e-005	1.092699e+000
2.240080654901547e-005	1.103709e+000
2.269377529901548e-005	1.120630e+000
2.298674404901548e-005	1.131948e+000
2.327971279901548e-005	1.143696e+000
2.357268154901548e-005	1.158831e+000
2.386565029901548e-005	1.167340e+000
2.415861904901548e-005	1.179380e+000
2.445158779901549e-005	1.191218e+000
2.474455654901549e-005	1.197512e+000
2.503752529901549e-005	1.208837e+000
2.533049404901549e-005	1.216489e+000
2.562346279901549e-005	1.221352e+000
2.591643154901549e-005	1.230443e+000
2.620940029901550e-005	1.233593e+000
2.650236904901550e-005	1.237453e+000
2.679533779901550e-005	1.243040e+000
2.708830654901550e-005	1.242239e+000
2.738127529901550e-005	1.244644e+000
2.767424404901550e-005	1.245637e+000
2.796721279901551e-005	1.242139e+000
2.826018154901551e-005	1.242769e+000
2.855315029901551e-005	1.239351e+000
2.884611904901551e-005	1.234713e+000
2.913908779901551e-005	1.233220e+000
2.943205654901551e-005	1.226218e+000
2.972502529901552e-005	1.220904e+000
3.001799404901552e-005	1.216297e+000
3.031096279901552e-005	1.206779e+000
3.059645785398179e-005	1.201409e+000
3.087304403987939e-005	1.194645e+000
3.116601278987939e-005	1.184495e+000
3.140975245067024e-005	1.180077e+000
3.166059624778066e-005	1.172131e+000
3.193465920166029e-005	1.162483e+000
3.217045537502603e-005	1.158066e+000
3.241025010399646e-005	1.148996e+000
3.263873940387854e-005	1.140991e+000
3.286466851224728e-005	1.137129e+000
3.309149893455549e-005	1.128148e+000
3.329693910762978e-005	1.120820e+000
3.351058109570130e-005	1.117602e+000
3.372499248306057e-005	1.109565e+000
3.392700584772859e-005	1.102036e+000
3.412937663090265e-005	1.099201e+000
3.433632572202154e-005	1.092527e+000
3.455533910033698e-005	1.084292e+000
3.476198293109079e-005	1.081138e+000
3.497695634637563e-005	1.075266e+000
3.523801398835880e-005	1.066473e+000
3.547977265175497e-005	1.062325e+000
3.572708239785929e-005	1.055796e+000
3.602005114785930e-005	1.047818e+000
3.631301989785930e-005	1.042797e+000
3.660598864785930e-005	1.035201e+000
3.689895739785930e-005	1.029503e+000
3.719192614785930e-005	1.025030e+000
3.748489489785930e-005	1.018276e+000
3.777786364785930e-005	1.014385e+000
3.807083239785931e-005	1.010068e+000
3.836380114785931e-005	1.004873e+000
3.865676989785931e-005	1.002436e+000
3.894973864785931e-005	9.982446e-001
3.924270739785931e-005	9.949306e-001
3.953567614785931e-005	9.934570e-001
3.982864489785932e-005	9.898021e-001
4.012161364785932e-005	9.883185e-001
4.041458239785932e-005	9.873021e-001
4.070755114785932e-005	9.847732e-001
4.100051989785932e-005	9.848349e-001
4.129348864785932e-005	9.839697e-001
4.158645739785933e-005	9.829772e-001
4.187942614785933e-005	9.841509e-001
4.217239489785933e-005	9.835014e-001
4.246536364785933e-005	9.841303e-001
4.275833239785933e-005	9.859065e-001
4.305130114785933e-005	9.858494e-001
4.334426989785934e-005	9.879184e-001
4.363723864785934e-005	9.898493e-001
4.393020739785934e-005	9.908005e-001
4.422317614785934e-005	9.939531e-001
4.451614489785934e-005	9.958313e-001
4.480911364785934e-005	9.980010e-001
4.510208239785935e-005	1.001766e+000
4.539505114785935e-005	1.003706e+000
4.568801989785935e-005	1.007038e+000
4.598098864785935e-005	1.010914e+000
4.627395739785935e-005	1.013228e+000
4.656692614785935e-005	1.017458e+000
4.685989489785935e-005	1.021059e+000
4.715286364785936e-005	1.024019e+000
4.744583239785936e-005	1.028739e+000
4.773880114785936e-005	1.031932e+000
4.803176989785936e-005	1.035610e+000
4.832473864785936e-005	1.040330e+000
4.861770739785936e-005	1.043251e+000
4.891067614785937e-005	1.047503e+000
4.920364489785937e-005	1.051755e+000
4.949661364785937e-005	1.054661e+000
4.978958239785937e-005	1.059174e+000
5.008255114785937e-005	1.062659e+000
5.037551989785937e-005	1.065730e+000
5.066848864785938e-005	1.070090e+000
5.096145739785938e-005	1.072770e+000
5.125442614785938e-005	1.076013e+000
5.154739489785938e-005	1.079773e+000
5.184036364785938e-005	1.081836e+000
5.213333239785938e-005	1.085091e+000
5.242630114785939e-005	1.087895e+000
5.271926989785939e-005	1.089598e+000
5.301223864785939e-005	1.092585e+000
5.330520739785939e-005	1.094289e+000
5.359817614785939e-005	1.095806e+000
5.389114489785939e-005	1.098186e+000
5.418411364785940e-005	1.098902e+000
5.447708239785940e-005	1.100444e+000
5.470703125000000e-005	1.101736e+000
5.500000000000000e-005	1.099831e+000
5.502005918408746e-005	1.102678e+000
5.506017755226238e-005	1.118631e+000
5.514041428861222e-005	1.180754e+000
5.523041217472254e-005	1.260951e+000
5.531378315585588e-005	1.294790e+000
5.541603578186608e-005	1.265357e+000
5.552026304411660e-005	1.228379e+000
5.562743801485527e-005	1.250090e+000
5.573017988058194e-005	1.306532e+000
5.581894052571335e-005	1.318992e+000
5.592786640051089e-005	1.273817e+000
5.601850934074138e-005	1.248618e+000
5.613167239975109e-005	1.280566e+000
5.624835458237283e-005	1.325430e+000
5.637335201392600e-005	1.314838e+000
5.648645809288420e-005	1.277666e+000
5.658602549002545e-005	1.286050e+000
5.669981539608364e-005	1.341595e+000
5.679116559989865e-005	1.360799e+000
5.691200258094088e-005	1.328381e+000
5.701186397845681e-005	1.312051e+000
5.713892618317243e-005	1.349649e+000
5.726904273554500e-005	1.391813e+000
5.740208389307877e-005	1.382800e+000
5.753974890563866e-005	1.370163e+000
5.768949376940377e-005	1.411959e+000
5.783184126664007e-005	1.449137e+000
5.798495429393174e-005	1.438621e+000
5.812093862485898e-005	1.443112e+000
5.827013515085489e-005	1.497401e+000
5.839699665253303e-005	1.525315e+000
5.854624286779546e-005	1.512434e+000
5.866802106219214e-005	1.524686e+000
5.881707164325337e-005	1.583873e+000
5.894110017037728e-005	1.608964e+000
5.909344546328113e-005	1.600435e+000
5.922266267898962e-005	1.620945e+000
5.937677670831926e-005	1.679200e+000
5.951161736533584e-005	1.699251e+000
5.966835829932096e-005	1.681774e+000
5.970703125000000e-005	1.685861e+000
5.978437715135807e-005	1.723164e+000
5.984530819728386e-005	1.761663e+000
5.987813790814843e-005	1.778556e+000
5.993434057827085e-005	1.789011e+000
6.000000000000000e-005	1.783200e+000
6.000656594217291e-005	1.780617e+000
6.001969782651875e-005	1.775445e+000
6.004596159521041e-005	1.766632e+000
6.009848913259374e-005	1.762121e+000
6.020354420736038e-005	1.791080e+000
6.033559062446417e-005	1.843785e+000
6.047364687574843e-005	1.867355e+000
6.061842158392720e-005	1.871482e+000
6.076257897280693e-005	1.903990e+000
6.092103076755961e-005	1.950238e+000
6.108533251503161e-005	1.964822e+000
6.125389574581666e-005	1.980309e+000
6.144629079693182e-005	2.026551e+000
6.160906472077189e-005	2.047944e+000
6.178909293891084e-005	2.053444e+000
6.195530492967151e-005	2.081873e+000
6.213218386694509e-005	2.111118e+000
6.234602502419691e-005	2.117296e+000
6.252433823921750e-005	2.135955e+000
6.271488141248485e-005	2.165105e+000
6.290008150767905e-005	2.169834e+000
6.308987670008749e-005	2.178921e+000
6.328940683480719e-005	2.205750e+000
6.346239431561039e-005	2.211314e+000
6.365082268354991e-005	2.212280e+000
6.386622235781462e-005	2.234196e+000
6.405834504924599e-005	2.241857e+000
6.425821354734504e-005	2.239423e+000
6.445643039396914e-005	2.254093e+000
6.465976875338104e-005	2.262861e+000
6.487211536466462e-005	2.257777e+000
6.506998276653659e-005	2.267345e+000
6.527540323340225e-005	2.275321e+000
6.548158913136856e-005	2.268189e+000
6.569102986653784e-005	2.273289e+000
6.589307909659067e-005	2.280235e+000
6.606205103645914e-005	2.271286e+000
6.624560271621166e-005	2.269120e+000
6.644569337938480e-005	2.278417e+000
6.659432119189656e-005	2.271265e+000
6.675613355096903e-005	2.258373e+000
6.686089696880054e-005	2.263233e+000
6.699145696096012e-005	2.273355e+000
6.707814072962644e-005	2.267149e+000
6.719095120263754e-005	2.248575e+000
6.725885462237740e-005	2.244628e+000
6.733929558826277e-005	2.252146e+000
6.742416630705653e-005	2.262275e+000
6.748483641648618e-005	2.261933e+000
6.756701189984801e-005	2.249358e+000
6.764223655329177e-005	2.234878e+000
6.768539546748009e-005	2.229929e+000
6.772754070330899e-005	2.230762e+000
6.777784581150494e-005	2.236831e+000
6.781022487053406e-005	2.242211e+000
6.783182965699883e-005	2.245701e+000
6.785313575985859e-005	2.248292e+000
6.787521113677662e-005	2.249771e+000
6.789483487587274e-005	2.249789e+000
6.791779632040315e-005	2.248201e+000
6.794025466569422e-005	2.244953e+000
6.798517135627633e-005	2.235667e+000
6.803187922395941e-005	2.225467e+000
6.808442080856439e-005	2.217186e+000
6.814167586288116e-005	2.215205e+000
6.820497850856431e-005	2.219942e+000
6.828439483444500e-005	2.226850e+000
6.835301137465522e-005	2.225620e+000
6.843090808425895e-005	2.214518e+000
6.852305667151238e-005	2.199829e+000
6.860703742312988e-005	2.195414e+000
6.870514817191612e-005	2.199566e+000
6.880877523261296e-005	2.198906e+000
6.892829827955362e-005	2.184714e+000
6.904137650557358e-005	2.170743e+000
6.915558490857758e-005	2.167748e+000
6.928353314639072e-005	2.167415e+000
6.940559022402126e-005	2.155843e+000
6.954524039509455e-005	2.137747e+000
6.968057036441492e-005	2.130554e+000
6.983609148025606e-005	2.124864e+000
6.999309894026399e-005	2.107409e+000
7.016323914990356e-005	2.088612e+000
7.036278809795878e-005	2.076135e+000
7.056378452859314e-005	2.056472e+000
7.079861624394392e-005	2.028061e+000
7.103671816674174e-005	2.006275e+000
7.128124129404053e-005	1.978215e+000
7.157421004404053e-005	1.939663e+000
7.186717879404052e-005	1.905439e+000
7.216014754404052e-005	1.864026e+000
7.245311629404051e-005	1.822226e+000
7.274608504404051e-005	1.782419e+000
7.303905379404050e-005	1.735749e+000
7.333202254404050e-005	1.692594e+000
7.362499129404049e-005	1.649456e+000
7.391796004404049e-005	1.602550e+000
7.421092879404048e-005	1.562042e+000
7.450389754404048e-005	1.520197e+000
7.479686629404047e-005	1.479152e+000
7.508983504404047e-005	1.444911e+000
7.535246389834477e-005	1.411564e+000
7.562158004489742e-005	1.381445e+000
7.591454879489742e-005	1.354368e+000
7.611723547319432e-005	1.332139e+000
7.633189077453441e-005	1.313746e+000
7.653330532381343e-005	1.302113e+000
7.663597714994516e-005	1.291533e+000
7.676725259857218e-005	1.274702e+000
7.682527798677878e-005	1.271332e+000
7.691461681277776e-005	1.272336e+000
7.695040443501429e-005	1.272876e+000
7.698596712802883e-005	1.272159e+000
7.702159911187667e-005	1.269359e+000
7.707841529114956e-005	1.261923e+000
7.714000979570746e-005	1.252964e+000
7.720381696457250e-005	1.246211e+000
7.727580194409354e-005	1.243796e+000
7.736014573056385e-005	1.244396e+000
7.744721309476574e-005	1.242124e+000
7.755542649316568e-005	1.232848e+000
7.767533152084569e-005	1.222852e+000
7.780748161806380e-005	1.219083e+000
7.794447088057495e-005	1.216483e+000
7.810678561433423e-005	1.207249e+000
7.827424513755055e-005	1.199142e+000
7.851158796314430e-005	1.194573e+000
7.874483697166639e-005	1.187672e+000
7.902891813150861e-005	1.180062e+000
7.932188688150860e-005	1.176910e+000
7.961485563150860e-005	1.172290e+000
7.990782438150859e-005	1.170757e+000
8.020079313150859e-005	1.171867e+000
8.049376188150858e-005	1.171603e+000
8.078673063150858e-005	1.175490e+000
8.107969938150857e-005	1.180151e+000
8.137266813150857e-005	1.184727e+000
8.166563688150856e-005	1.193502e+000
8.195860563150856e-005	1.201488e+000
8.225157438150855e-005	1.211211e+000
8.254454313150855e-005	1.224308e+000
8.283751188150854e-005	1.235962e+000
8.313048063150854e-005	1.250901e+000
8.342344938150853e-005	1.267779e+000
8.371641813150853e-005	1.283711e+000
8.400938688150852e-005	1.303698e+000
8.430235563150852e-005	1.323980e+000
8.459532438150851e-005	1.344639e+000
8.488829313150851e-005	1.369164e+000
8.518126188150850e-005	1.392664e+000
8.547423063150850e-005	1.418003e+000
8.576719938150849e-005	1.446063e+000
8.606016813150848e-005	1.472518e+000
8.635313688150848e-005	1.501740e+000
8.664610563150847e-005	1.531791e+000
8.693907438150847e-005	1.560416e+000
8.723204313150846e-005	1.591780e+000
8.752501188150846e-005	1.621869e+000
8.781798063150845e-005	1.651161e+000
8.811094938150845e-005	1.682134e+000
8.840391813150844e-005	1.710253e+000
8.869688688150844e-005	1.738306e+000
8.898985563150843e-005	1.766281e+000
8.928282438150843e-005	1.790886e+000
8.957579313150842e-005	1.815955e+000
8.986876188150842e-005	1.839135e+000
9.016173063150841e-005	1.859500e+000
9.045469938150841e-005	1.880357e+000
9.074766813150840e-005	1.898083e+000
9.104063688150840e-005	1.914183e+000
9.133360563150839e-005	1.930145e+000
9.162657438150839e-005	1.942612e+000
9.191954313150838e-005	1.954683e+000
9.221251188150838e-005	1.965533e+000
9.250548063150837e-005	1.973354e+000
9.279844938150837e-005	1.981519e+000
9.309141813150836e-005	1.987402e+000
9.338438688150836e-005	1.991273e+000
9.367735563150835e-005	1.995460e+000
9.397032438150835e-005	1.996749e+000
9.426329313150834e-005	1.997211e+000
9.455626188150834e-005	1.997284e+000
9.484923063150833e-005	1.994474e+000
9.514219938150832e-005	1.991776e+000
9.543516813150832e-005	1.987691e+000
9.572813688150831e-005	1.981316e+000
9.602110563150831e-005	1.975423e+000
9.631407438150830e-005	1.967301e+000
9.660704313150830e-005	1.957849e+000
9.690001188150829e-005	1.948596e+000
9.719298063150829e-005	1.936741e+000
9.748594938150828e-005	1.924570e+000
9.777891813150828e-005	1.911865e+000
9.807188688150827e-005	1.896778e+000
9.836485563150827e-005	1.882110e+000
9.865782438150826e-005	1.866103e+000
9.895079313150826e-005	1.848468e+000
9.924376188150825e-005	1.831505e+000
9.953673063150825e-005	1.812303e+000
9.970703125000001e-005	1.800365e+000
9.977556138853422e-005	1.796768e+000
9.986293972293158e-005	1.792577e+000
1.000000000000000e-004	1.783729e+000
1.000137060277068e-004	1.782341e+000
1.000411180831205e-004	1.779555e+000
1.000959421939479e-004	1.774224e+000
1.002055904156027e-004	1.763956e+000
1.004190322192724e-004	1.742013e+000
1.006117837091566e-004	1.719213e+000
1.008383474575199e-004	1.691531e+000
1.011052777006697e-004	1.659155e+000
1.012271798597081e-004	1.642990e+000
1.013629891159850e-004	1.624385e+000
1.015515114144730e-004	1.599823e+000
1.017226510757100e-004	1.576475e+000
1.020156198257100e-004	1.533917e+000
1.023085885757100e-004	1.490943e+000
1.026015573257100e-004	1.446149e+000
1.028945260757100e-004	1.399754e+000
1.031874948257100e-004	1.352963e+000
1.034804635757100e-004	1.304778e+000
1.037734323257100e-004	1.256279e+000
1.040664010757100e-004	1.207860e+000
1.043593698257100e-004	1.158695e+000
1.046523385757100e-004	1.110346e+000
1.047070312500000e-004	1.101399e+000
1.048164165985801e-004	1.082710e+000
1.050000000000000e-004	1.050065e+000
1.050183583401420e-004	1.049140e+000
1.050550750204260e-004	1.055452e+000
1.051285083809940e-004	1.092981e+000
1.052463611344475e-004	1.158210e+000
1.053540731424930e-004	1.160992e+000
1.054576812830767e-004	1.101955e+000
1.055427236318927e-004	1.063493e+000
1.056484922325059e-004	1.076561e+000
1.057554272076907e-004	1.106335e+000
1.058546160975076e-004	1.088322e+000
1.059578723878037e-004	1.028540e+000
1.060375586296970e-004	1.004404e+000
1.061418894119736e-004	1.026319e+000
1.062421327205306e-004	1.047939e+000
1.063494004146767e-004	1.022641e+000
1.064567971105838e-004	9.714227e-001
1.065454542962223e-004	9.593259e-001
1.066495445538790e-004	9.867868e-001
1.067412703957371e-004	9.980113e-001
1.068490558266606e-004	9.653355e-001
1.069538982764708e-004	9.260553e-001
1.070567602504126e-004	9.255268e-001
1.071634165942906e-004	9.514384e-001
1.072550162536457e-004	9.503621e-001
1.073662601459026e-004	9.125090e-001
1.074785772181820e-004	8.869390e-001
1.075832321179072e-004	8.993543e-001
1.076944841121203e-004	9.167703e-001
1.077916405191971e-004	9.004088e-001
1.078981191823880e-004	8.639071e-001
1.079845862661902e-004	8.561518e-001
1.081003214455644e-004	8.769568e-001
1.082070393775556e-004	8.841454e-001
1.083000066417829e-004	8.626271e-001
1.083995992815429e-004	8.340616e-001
1.084814028400018e-004	8.333405e-001
1.085817687031665e-004	8.533272e-001
1.086792417059230e-004	8.597172e-001
1.087608301737878e-004	8.421575e-001
1.088502721858628e-004	8.154290e-001
1.089175203033057e-004	8.103141e-001
1.089982363537587e-004	8.245028e-001
1.090822808619732e-004	8.414978e-001
1.091424028293809e-004	8.410188e-001
1.092112424534926e-004	8.238032e-001
1.092845406993143e-004	8.013938e-001
1.093356496886802e-004	7.938319e-001
1.093932434111474e-004	7.989854e-001
1.094600787238117e-004	8.141354e-001
1.095178917946646e-004	8.259355e-001
1.095614008402053e-004	8.276287e-001
1.096087058048811e-004	8.196443e-001
1.096620608243399e-004	8.037643e-001
1.097079493325742e-004	7.899172e-001
1.097416379727332e-004	7.834222e-001
1.097776500337967e-004	7.823748e-001
1.098215838469059e-004	7.877841e-001
1.098667456680714e-004	7.979289e-001
1.098987518127261e-004	8.061229e-001
1.099230730827024e-004	8.114397e-001
1.099490786638831e-004	8.148247e-001
1.099797023355183e-004	8.149590e-001
1.100183188935009e-004	8.095454e-001
1.100657054140448e-004	7.979287e-001
1.101295905839499e-004	7.820169e-001
1.101763274048070e-004	7.757724e-001
1.102244490449246e-004	7.775091e-001
1.102770169825654e-004	7.859145e-001
1.103491343129319e-004	7.985601e-001
1.104078991911740e-004	8.017079e-001
1.104768188186234e-004	7.934341e-001
1.105496826612402e-004	7.791695e-001
1.106177654804874e-004	7.716392e-001
1.106894707140668e-004	7.755471e-001
1.107707878181102e-004	7.864050e-001
1.108649797787394e-004	7.909570e-001
1.109601156982277e-004	7.817624e-001
1.110601277770339e-004	7.701348e-001
1.111522180275050e-004	7.713566e-001
1.112685351084594e-004	7.813835e-001
1.114020907976586e-004	7.811674e-001
1.115392349075888e-004	7.711432e-001
1.116839056488854e-004	7.707993e-001
1.118524069464613e-004	7.786342e-001
1.120220793729796e-004	7.750281e-001
1.122044805641353e-004	7.698331e-001
1.123805701720733e-004	7.760080e-001
1.125698986542404e-004	7.776927e-001
1.127766739697262e-004	7.729380e-001
1.129961210751793e-004	7.780451e-001
1.132199134812003e-004	7.818739e-001
1.134900207380718e-004	7.800889e-001
1.137484971528164e-004	7.867866e-001
1.140128888670180e-004	7.911078e-001
1.143058576170180e-004	7.932627e-001
1.145988263670180e-004	8.031496e-001
1.148917951170180e-004	8.077308e-001
1.151781015082782e-004	8.141654e-001
1.154710702582782e-004	8.265001e-001
1.157640390082782e-004	8.322263e-001
1.160570077582782e-004	8.433508e-001
1.163499765082782e-004	8.563949e-001
1.166429452582782e-004	8.640427e-001
1.169359140082782e-004	8.793332e-001
1.172277921352588e-004	8.920322e-001
1.175207608852588e-004	9.024444e-001
1.178137296352588e-004	9.206131e-001
1.181066983852588e-004	9.329963e-001
1.183996671352588e-004	9.471288e-001
1.186926358852588e-004	9.664230e-001
1.189856046352588e-004	9.786185e-001
1.192785733852588e-004	9.963028e-001
1.195715421352588e-004	1.015043e+000
1.198645108852588e-004	1.027973e+000
1.201574796352588e-004	1.048347e+000
1.204504483852588e-004	1.065218e+000
1.207434171352587e-004	1.079513e+000
1.210363858852587e-004	1.100860e+000
1.213293546352587e-004	1.115485e+000
1.216223233852587e-004	1.131450e+000
1.219152921352587e-004	1.151382e+000
1.222082608852587e-004	1.163548e+000
1.225012296352587e-004	1.180487e+000
1.227941983852587e-004	1.197028e+000
1.230871671352587e-004	1.207285e+000
1.233801358852587e-004	1.223850e+000
1.236731046352587e-004	1.235747e+000
1.239660733852587e-004	1.244736e+000
1.242590421352587e-004	1.258950e+000
1.245520108852587e-004	1.265602e+000
1.248449796352587e-004	1.273144e+000
1.251379483852587e-004	1.282699e+000
1.254309171352587e-004	1.284485e+000
1.257238858852587e-004	1.290199e+000
1.260168546352587e-004	1.293910e+000
1.263098233852586e-004	1.292201e+000
1.266027921352586e-004	1.295483e+000
1.268957608852586e-004	1.293322e+000
1.271887296352586e-004	1.289444e+000
1.274816983852586e-004	1.289289e+000
1.277746671352586e-004	1.282027e+000
1.280508148784640e-004	1.277190e+000
1.283437836284640e-004	1.273065e+000
1.285993239929197e-004	1.263204e+000
1.288581778558471e-004	1.258258e+000
1.290969357348996e-004	1.252640e+000
1.293311596579212e-004	1.240937e+000
1.295185867878898e-004	1.237557e+000
1.297181486499958e-004	1.233509e+000
1.298964075715938e-004	1.222649e+000
1.300777281473909e-004	1.217086e+000
1.302468668046486e-004	1.216184e+000
1.303779768278593e-004	1.208626e+000
1.305341215184234e-004	1.197644e+000
1.306554450415701e-004	1.196583e+000
1.307951354586488e-004	1.195961e+000
1.309155616912417e-004	1.187740e+000
1.310499158858463e-004	1.177971e+000
1.311637776967657e-004	1.176887e+000
1.312925982494821e-004	1.176938e+000
1.314013041654712e-004	1.170216e+000
1.315297343413469e-004	1.159595e+000
1.316302616634347e-004	1.157151e+000
1.317580823620943e-004	1.158415e+000
1.318559269323460e-004	1.154468e+000
1.319895303756756e-004	1.143363e+000
1.320996047875394e-004	1.138542e+000
1.322342898095491e-004	1.138489e+000
1.323622298114373e-004	1.134502e+000
1.325003443889431e-004	1.124771e+000
1.326322378619837e-004	1.119325e+000
1.327754860995208e-004	1.118450e+000
1.329095137262711e-004	1.113601e+000
1.330570261142787e-004	1.103961e+000
1.331860676685914e-004	1.099855e+000
1.333347425189858e-004	1.098829e+000
1.334631607715495e-004	1.093518e+000
1.336162613511137e-004	1.084406e+000
1.337467476573497e-004	1.081334e+000
1.339024178466140e-004	1.079503e+000
1.340435990307074e-004	1.073090e+000
1.342053216787103e-004	1.065668e+000
1.343699531002557e-004	1.063046e+000
1.345425719804679e-004	1.058682e+000
1.347665915404774e-004	1.049582e+000
1.349884523271241e-004	1.044541e+000
1.352054253168617e-004	1.039521e+000
1.354660830768590e-004	1.030897e+000
1.357265481910425e-004	1.025455e+000
1.360013125408758e-004	1.019334e+000
1.362942812908758e-004	1.011826e+000
1.365872500408758e-004	1.007009e+000
1.368802187908758e-004	1.000851e+000
1.371731875408758e-004	9.954551e-001
1.374661562908758e-004	9.918844e-001
1.377591250408758e-004	9.865479e-001
1.380520937908758e-004	9.831613e-001
1.383450625408758e-004	9.803970e-001
1.386380312908758e-004	9.763926e-001
1.389310000408758e-004	9.747675e-001
1.392239687908758e-004	9.725318e-001
1.395169375408758e-004	9.702307e-001
1.398099062908758e-004	9.699763e-001
1.401028750408758e-004	9.683040e-001
1.403958437908758e-004	9.677948e-001
1.406888125408758e-004	9.684550e-001
1.409817812908758e-004	9.676490e-001
1.412747500408758e-004	9.687747e-001
1.415677187908758e-004	9.699489e-001
1.418606875408757e-004	9.703575e-001
1.421536562908757e-004	9.727957e-001
1.424466250408757e-004	9.742863e-001
1.427395937908757e-004	9.760908e-001
1.430325625408757e-004	9.794159e-001
1.433255312908757e-004	9.812934e-001
1.436185000408757e-004	9.844429e-001
1.439114687908757e-004	9.882035e-001
1.442044375408757e-004	9.907072e-001
1.444974062908757e-004	9.949576e-001
1.447903750408757e-004	9.987954e-001
1.450833437908757e-004	1.002137e+000
1.453763125408757e-004	1.007109e+000
1.456692812908757e-004	1.010871e+000
1.459622500408757e-004	1.015094e+000
1.462552187908757e-004	1.020328e+000
1.465481875408757e-004	1.024083e+000
1.468411562908757e-004	1.029032e+000
1.471341250408757e-004	1.034082e+000
1.474270937908756e-004	1.037996e+000
1.477200625408756e-004	1.043360e+000
1.480130312908756e-004	1.047909e+000
1.483060000408756e-004	1.052090e+000
1.485989687908756e-004	1.057452e+000
1.488919375408756e-004	1.061394e+000
1.491849062908756e-004	1.065800e+000
1.494778750408756e-004	1.070710e+000
1.497708437908756e-004	1.074129e+000
1.500638125408756e-004	1.078564e+000
1.503567812908756e-004	1.082639e+000
1.506497500408756e-004	1.085687e+000
1.509427187908756e-004	1.089845e+000
1.512356875408756e-004	1.092880e+000
1.515286562908756e-004	1.095650e+000
1.518216250408756e-004	1.099170e+000
1.521145937908756e-004	1.101184e+000
1.524075625408756e-004	1.103656e+000
1.527005312908756e-004	1.106205e+000
1.529935000408755e-004	1.107383e+000
1.532864687908755e-004	1.109427e+000
1.535794375408755e-004	1.110799e+000
1.538724062908755e-004	1.111372e+000
1.541653750408755e-004	1.112791e+000
1.544583437908755e-004	1.112879e+000
1.547070312500000e-004	1.112958e+000
1.550000000000000e-004	1.115462e+000
1.550188987176889e-004	1.117725e+000
1.550566961530668e-004	1.130825e+000
1.551322910238224e-004	1.184887e+000
1.552191199668667e-004	1.262991e+000
1.552985048598833e-004	1.304882e+000
1.553928307350981e-004	1.288463e+000
1.554898821064140e-004	1.244994e+000
1.555806605819892e-004	1.244014e+000
1.556812834297002e-004	1.295725e+000
1.557719050996372e-004	1.328238e+000
1.558838611798223e-004	1.304567e+000
1.559978769868843e-004	1.265494e+000
1.561050609988611e-004	1.279933e+000
1.562164401408952e-004	1.331640e+000
1.563112016488578e-004	1.341501e+000
1.564275379853649e-004	1.300283e+000
1.565205839132507e-004	1.285058e+000
1.566415463773500e-004	1.324657e+000
1.567562473181022e-004	1.361245e+000
1.568838160559134e-004	1.347415e+000
1.570141965847711e-004	1.325318e+000
1.571436399761246e-004	1.355657e+000
1.572748471487745e-004	1.397499e+000
1.574088915096857e-004	1.390619e+000
1.575457279753698e-004	1.376517e+000
1.576861055855230e-004	1.412836e+000
1.578279122037622e-004	1.451950e+000
1.579870203386289e-004	1.446801e+000
1.581460479806978e-004	1.453302e+000
1.582953412434985e-004	1.503453e+000
1.584271456016543e-004	1.529143e+000
1.585819550657624e-004	1.517643e+000
1.587084152140650e-004	1.534524e+000
1.588603677062471e-004	1.591985e+000
1.589901680699312e-004	1.611798e+000
1.591443846942435e-004	1.606093e+000
1.592851449569377e-004	1.635303e+000
1.594417608533156e-004	1.686940e+000
1.595968540387530e-004	1.700092e+000
1.597606003287928e-004	1.691375e+000
1.597910104820764e-004	1.699019e+000
1.598518307886436e-004	1.735128e+000
1.598783593868657e-004	1.752214e+000
1.599314165833099e-004	1.778393e+000
1.600000000000000e-004	1.796504e+000
1.600068583416690e-004	1.795424e+000
1.600205750250071e-004	1.792461e+000
1.600480083916831e-004	1.784385e+000
1.601028751250353e-004	1.772084e+000
1.602126085917396e-004	1.780746e+000
1.603375210157283e-004	1.827291e+000
1.604602065727767e-004	1.863481e+000
1.606181129788585e-004	1.871051e+000
1.607656198610869e-004	1.889767e+000
1.609311193129013e-004	1.940295e+000
1.610736985637958e-004	1.963904e+000
1.612420072415640e-004	1.968492e+000
1.613946278926885e-004	1.996953e+000
1.615629693654475e-004	2.035068e+000
1.617446335152041e-004	2.045494e+000
1.619268923404924e-004	2.061935e+000
1.621135310942387e-004	2.098994e+000
1.622743841664691e-004	2.111147e+000
1.624548704817617e-004	2.115504e+000
1.626488823727392e-004	2.143862e+000
1.628424644635537e-004	2.162341e+000
1.630342658102069e-004	2.163382e+000
1.632090587158052e-004	2.181552e+000
1.633977879461200e-004	2.201550e+000
1.636371192807340e-004	2.202771e+000
1.638357446338120e-004	2.215936e+000
1.640432104972279e-004	2.233285e+000
1.642667109450349e-004	2.231999e+000
1.644710270088170e-004	2.240207e+000
1.646819856193868e-004	2.254706e+000
1.648881630159144e-004	2.251686e+000
1.651074829991409e-004	2.255377e+000
1.653174710734895e-004	2.267012e+000
1.655089142663075e-004	2.262150e+000
1.657168798688296e-004	2.260281e+000
1.659406995498477e-004	2.269768e+000
1.661461452435440e-004	2.263281e+000
1.663353405270464e-004	2.257753e+000
1.664886973142914e-004	2.265912e+000
1.666519922440861e-004	2.264198e+000
1.668172669270411e-004	2.248993e+000
1.669357798368768e-004	2.249681e+000
1.670740998866752e-004	2.261451e+000
1.671657551561637e-004	2.258139e+000
1.672833843046682e-004	2.240044e+000
1.673683504955370e-004	2.233254e+000
1.674452924341204e-004	2.238978e+000
1.675288139408006e-004	2.249848e+000
1.675811606204221e-004	2.251333e+000
1.676457267840399e-004	2.243220e+000
1.677155714481595e-004	2.228563e+000
1.677550073637266e-004	2.220965e+000
1.677926141962775e-004	2.217398e+000
1.678371639942935e-004	2.218579e+000
1.678845659665606e-004	2.224269e+000
1.679079424032364e-004	2.228182e+000
1.679258990760587e-004	2.231291e+000
1.679417374682903e-004	2.233713e+000
1.679554567644515e-004	2.235404e+000
1.679689152267236e-004	2.236597e+000
1.679812174539472e-004	2.237122e+000
1.680035190586932e-004	2.236753e+000
1.680296666084050e-004	2.234282e+000
1.680721060261170e-004	2.226804e+000
1.681298514067027e-004	2.214481e+000
1.681861901387765e-004	2.205100e+000
1.682487134768993e-004	2.202200e+000
1.683109992250465e-004	2.206350e+000
1.683958056869669e-004	2.213260e+000
1.684668735350470e-004	2.211471e+000
1.685466642409847e-004	2.199794e+000
1.686427636435483e-004	2.185204e+000
1.687312851448754e-004	2.181658e+000
1.688297599525733e-004	2.186142e+000
1.689235272639333e-004	2.184617e+000
1.690432006401391e-004	2.169432e+000
1.691579739549919e-004	2.155757e+000
1.692768352704816e-004	2.153074e+000
1.694051130343838e-004	2.151623e+000
1.695310592000520e-004	2.138489e+000
1.696706544831872e-004	2.121053e+000
1.698101743270830e-004	2.114449e+000
1.699649208886275e-004	2.107373e+000
1.701303307944710e-004	2.087880e+000
1.703027396163701e-004	2.069950e+000
1.705303328056247e-004	2.054427e+000
1.707559009410365e-004	2.029562e+000
1.709783775842761e-004	2.003616e+000
1.712713463342761e-004	1.975460e+000
1.715371658148930e-004	1.941781e+000
1.718219971730411e-004	1.905597e+000
1.721149659230411e-004	1.870163e+000
1.724079346730411e-004	1.827015e+000
1.727009034230411e-004	1.786869e+000
1.729938721730411e-004	1.745522e+000
1.732868409230411e-004	1.699191e+000
1.735798096730411e-004	1.658310e+000
1.738727784230411e-004	1.614684e+000
1.741657471730411e-004	1.570796e+000
1.744587159230411e-004	1.532873e+000
1.747516846730411e-004	1.491653e+000
1.750336737090614e-004	1.456157e+000
1.753266424590614e-004	1.423861e+000
1.755722506822218e-004	1.393809e+000
1.758225568026425e-004	1.369660e+000
1.760521599510644e-004	1.349383e+000
1.762284884295767e-004	1.328916e+000
1.763722219446910e-004	1.317316e+000
1.765310965893513e-004	1.311649e+000
1.766123283549635e-004	1.304762e+000
1.767255929376396e-004	1.288531e+000
1.767853046020116e-004	1.281388e+000
1.768356937849878e-004	1.279021e+000
1.768963371989028e-004	1.279717e+000
1.769380173914371e-004	1.280713e+000
1.769827165404485e-004	1.280369e+000
1.770313086512304e-004	1.276968e+000
1.770950731147806e-004	1.268942e+000
1.771671178963903e-004	1.259316e+000
1.772415278551274e-004	1.253263e+000
1.773226412979193e-004	1.251977e+000
1.774349171062326e-004	1.250750e+000
1.775486291100586e-004	1.243278e+000
1.776663496997197e-004	1.232773e+000
1.777921434863755e-004	1.227386e+000
1.779326957303280e-004	1.225393e+000
1.780879513983141e-004	1.218105e+000
1.782591259103445e-004	1.208750e+000
1.784668141686522e-004	1.204165e+000
1.786788703769363e-004	1.199076e+000
1.789718391269363e-004	1.189974e+000
1.792648078769363e-004	1.186128e+000
1.795577766269363e-004	1.182082e+000
1.798507453769363e-004	1.179224e+000
1.801437141269363e-004	1.180292e+000
1.804366828769363e-004	1.179974e+000
1.807296516269362e-004	1.182607e+000
1.810226203769362e-004	1.187718e+000
1.813155891269362e-004	1.191535e+000
1.816085578769362e-004	1.199338e+000
1.819015266269362e-004	1.207886e+000
1.821944953769362e-004	1.216378e+000
1.824874641269362e-004	1.228947e+000
1.827804328769362e-004	1.240798e+000
1.830734016269362e-004	1.254318e+000
1.833663703769362e-004	1.271147e+000
1.836593391269362e-004	1.286627e+000
1.839523078769362e-004	1.305241e+000
1.842452766269362e-004	1.325761e+000
1.845382453769362e-004	1.345340e+000
1.848312141269362e-004	1.368755e+000
1.851241828769362e-004	1.392409e+000
1.854171516269362e-004	1.416251e+000
1.857101203769362e-004	1.443639e+000
1.860030891269362e-004	1.469848e+000
1.862960578769362e-004	1.497448e+000
1.865890266269361e-004	1.527292e+000
1.868819953769361e-004	1.555194e+000
1.871749641269361e-004	1.585171e+000
1.874679328769361e-004	1.615365e+000
1.877609016269361e-004	1.643609e+000
1.880538703769361e-004	1.673780e+000
1.883468391269361e-004	1.702091e+000
1.886398078769361e-004	1.729030e+000
1.889327766269361e-004	1.756930e+000
1.892257453769361e-004	1.781621e+000
1.895187141269361e-004	1.805802e+000
1.898116828769361e-004	1.829467e+000
1.901046516269361e-004	1.849692e+000
1.903976203769361e-004	1.870132e+000
1.906905891269361e-004	1.888571e+000
1.909835578769361e-004	1.904301e+000
1.912765266269361e-004	1.920412e+000
1.915694953769361e-004	1.933518e+000
1.918624641269361e-004	1.945136e+000
1.921554328769360e-004	1.956594e+000
1.924484016269360e-004	1.964786e+000
1.927413703769360e-004	1.972667e+000
1.930343391269360e-004	1.979385e+000
1.933273078769360e-004	1.983298e+000
1.936202766269360e-004	1.987574e+000
1.939132453769360e-004	1.989693e+000
1.942062141269360e-004	1.989961e+000
1.944991828769360e-004	1.990537e+000
1.947921516269360e-004	1.988375e+000
1.950851203769360e-004	1.985465e+000
1.953780891269360e-004	1.982185e+000
1.956710578769360e-004	1.976177e+000
1.959640266269360e-004	1.970295e+000
1.962569953769360e-004	1.963102e+000
1.965499641269360e-004	1.953747e+000
1.968429328769360e-004	1.944866e+000
1.971359016269360e-004	1.933890e+000
1.974288703769360e-004	1.921682e+000
1.977218391269360e-004	1.909703e+000
1.980148078769359e-004	1.895304e+000
1.983077766269359e-004	1.880669e+000
1.986007453769359e-004	1.865621e+000
1.988937141269359e-004	1.848410e+000
1.991866828769359e-004	1.831720e+000
1.994796516269359e-004	1.813844e+000
1.997070312500000e-004	1.797517e+000
1.997512476350356e-004	1.794948e+000
1.998396804051068e-004	1.791614e+000
1.998608079345178e-004	1.790829e+000
1.999030629933398e-004	1.788999e+000
1.999154898823560e-004	1.788316e+000
1.999403436603885e-004	1.786668e+000
1.999502924439350e-004	1.785920e+000
1.999701900110282e-004	1.784228e+000
2.000000000000000e-004	1.781515e+000
2.000029809988972e-004	1.781221e+000
2.000089429966916e-004	1.780630e+000
2.000208669922803e-004	1.779436e+000
2.000447149834578e-004	1.777068e+000
2.000924109658128e-004	1.772625e+000
2.001878029305227e-004	1.764158e+000
2.003785868599426e-004	1.745340e+000
2.005670486677475e-004	1.723549e+000
2.007931809722888e-004	1.696368e+000
2.010826520145967e-004	1.661681e+000
2.012484430427391e-004	1.640141e+000
2.014373229205661e-004	1.614975e+000
2.016834324496957e-004	1.582482e+000
2.019400087417160e-004	1.546351e+000
2.022329774917160e-004	1.503654e+000
2.025259462417160e-004	1.460005e+000
2.028189149917160e-004	1.414129e+000
2.031118837417160e-004	1.367601e+000
2.034048524917160e-004	1.320184e+000
2.036978212417160e-004	1.271575e+000
2.039907899917160e-004	1.223281e+000
2.042837587417160e-004	1.174382e+000
2.045767274917160e-004	1.125201e+000
2.047070312500000e-004	1.104274e+000
2.047393924834320e-004	1.099065e+000
2.048041149502958e-004	1.087947e+000
2.048705550662723e-004	1.076044e+000
2.050000000000000e-004	1.052647e+000
2.050129444933728e-004	1.051331e+000
2.050388334801184e-004	1.052594e+000
2.050906114536095e-004	1.072898e+000
2.051941674005916e-004	1.141689e+000
2.052792512194029e-004	1.177335e+000
2.053779006221688e-004	1.152295e+000
2.054813971934214e-004	1.085306e+000
2.055625219859092e-004	1.062244e+000
2.056612727989240e-004	1.090894e+000
2.057505870580516e-004	1.113849e+000
2.058559840416065e-004	1.084761e+000
2.059587171382524e-004	1.026156e+000
2.060426169630612e-004	1.008718e+000
2.061432766213681e-004	1.037365e+000
2.062326870097667e-004	1.054801e+000
2.063388790765325e-004	1.023957e+000
2.064425358798193e-004	9.743366e-001
2.065338369989543e-004	9.646375e-001
2.066355933022216e-004	9.933642e-001
2.067239768736022e-004	1.003310e+000
2.068317111873883e-004	9.686502e-001
2.069359751456276e-004	9.296603e-001
2.070399086228240e-004	9.303066e-001
2.071465901946282e-004	9.562467e-001
2.072389564063531e-004	9.538349e-001
2.073496087512069e-004	9.140582e-001
2.074517580870909e-004	8.900928e-001
2.075596178921437e-004	9.034432e-001
2.076660213191921e-004	9.213465e-001
2.077617384014718e-004	9.063488e-001
2.078680908608553e-004	8.691745e-001
2.079570946260227e-004	8.595486e-001
2.080703662727670e-004	8.795974e-001
2.081757133023093e-004	8.887473e-001
2.082676469672444e-004	8.684941e-001
2.083670200844107e-004	8.382217e-001
2.084483345263967e-004	8.354201e-001
2.085509816980396e-004	8.547992e-001
2.086575458594161e-004	8.620842e-001
2.087416566229006e-004	8.442470e-001
2.088333815604199e-004	8.172956e-001
2.089015375010823e-004	8.132191e-001
2.089853675662882e-004	8.287989e-001
2.090715688059217e-004	8.448228e-001
2.091329301745646e-004	8.419493e-001
2.092072968820480e-004	8.216073e-001
2.092838230877941e-004	8.003861e-001
2.093383013225122e-004	7.964215e-001
2.094034035233053e-004	8.067281e-001
2.094727369804409e-004	8.234916e-001
2.095170749408069e-004	8.303515e-001
2.095602256310899e-004	8.282006e-001
2.096192587045443e-004	8.142118e-001
2.096757443132463e-004	7.964049e-001
2.097089496969728e-004	7.877607e-001
2.097439830830791e-004	7.839100e-001
2.097871553157565e-004	7.863901e-001
2.098327887156157e-004	7.950457e-001
2.098910808682803e-004	8.093247e-001
2.099161771567545e-004	8.145657e-001
2.099412815789745e-004	8.174971e-001
2.099669689746909e-004	8.173368e-001
2.100031508910726e-004	8.121227e-001
2.100465078015221e-004	8.013642e-001
2.101101514337974e-004	7.845993e-001
2.101549441037851e-004	7.773698e-001
2.101992824195624e-004	7.775978e-001
2.102491019090592e-004	7.848956e-001
2.103106477697629e-004	7.970495e-001
2.103662465398275e-004	8.036913e-001
2.104278377164190e-004	8.006127e-001
2.104969816866993e-004	7.883164e-001
2.105869225847172e-004	7.744068e-001
2.106573359053000e-004	7.747443e-001
2.107447957558893e-004	7.859257e-001
2.108378570383123e-004	7.930782e-001
2.109238429229634e-004	7.866158e-001
2.110237076917594e-004	7.731442e-001
2.111186083694236e-004	7.712460e-001
2.112386088984383e-004	7.818665e-001
2.113513062411353e-004	7.850814e-001
2.114684791595838e-004	7.754838e-001
2.115943543148885e-004	7.691507e-001
2.117218499902406e-004	7.762469e-001
2.118574469928183e-004	7.810905e-001
2.119998829152416e-004	7.734484e-001
2.121505131781682e-004	7.700329e-001
2.123165041203407e-004	7.778644e-001
2.124853113161078e-004	7.782914e-001
2.126747116524015e-004	7.728513e-001
2.128902537847805e-004	7.780472e-001
2.131033016146005e-004	7.816322e-001
2.133633354014513e-004	7.790576e-001
2.136100905159544e-004	7.851213e-001
2.138658286502521e-004	7.895836e-001
2.141587974002521e-004	7.908983e-001
2.144517661502520e-004	8.001086e-001
2.147447349002520e-004	8.047921e-001
2.150372702014750e-004	8.105438e-001
2.153302389514750e-004	8.224131e-001
2.156232077014750e-004	8.278692e-001
2.159145178753661e-004	8.380413e-001
2.162074866253661e-004	8.510512e-001
2.165004553753661e-004	8.582594e-001
2.167934241253661e-004	8.727586e-001
2.170842680385155e-004	8.854688e-001
2.173772367885155e-004	8.951582e-001
2.176702055385155e-004	9.128269e-001
2.179631742885155e-004	9.253829e-001
2.182561430385155e-004	9.387687e-001
2.185491117885154e-004	9.578901e-001
2.188420805385154e-004	9.699319e-001
2.191350492885154e-004	9.866786e-001
2.194280180385154e-004	1.005609e+000
2.197209867885154e-004	1.018505e+000
2.200139555385154e-004	1.038377e+000
2.203069242885154e-004	1.055503e+000
2.205998930385154e-004	1.069399e+000
2.208928617885154e-004	1.090701e+000
2.211858305385154e-004	1.105856e+000
2.214787992885154e-004	1.121521e+000
2.217717680385154e-004	1.141878e+000
2.220647367885154e-004	1.154433e+000
2.223577055385154e-004	1.171072e+000
2.226506742885154e-004	1.188431e+000
2.229436430385154e-004	1.199226e+000
2.232366117885154e-004	1.215877e+000
2.235295805385154e-004	1.228449e+000
2.238225492885154e-004	1.237471e+000
2.241155180385153e-004	1.252179e+000
2.244084867885153e-004	1.259829e+000
2.247014555385153e-004	1.267587e+000
2.249944242885153e-004	1.278034e+000
2.252873930385153e-004	1.280652e+000
2.255803617885153e-004	1.286732e+000
2.258733305385153e-004	1.291591e+000
2.261662992885153e-004	1.290394e+000
2.264592680385153e-004	1.294174e+000
2.267522367885153e-004	1.293207e+000
2.270452055385153e-004	1.289665e+000
2.273381742885153e-004	1.290165e+000
2.276311430385153e-004	1.283947e+000
2.279186413944806e-004	1.279160e+000
2.282116101444806e-004	1.275671e+000
2.284712841786754e-004	1.266173e+000
2.287345836097695e-004	1.261065e+000
2.289880685762150e-004	1.255531e+000
2.292304598621451e-004	1.244165e+000
2.294286211887254e-004	1.240570e+000
2.296381944770945e-004	1.235847e+000
2.298332253811854e-004	1.224321e+000
2.300038301898531e-004	1.219903e+000
2.301832692654740e-004	1.218397e+000
2.303214567209620e-004	1.209924e+000
2.304800220034224e-004	1.200437e+000
2.306181459853234e-004	1.199871e+000
2.307637130751538e-004	1.196600e+000
2.309138403408071e-004	1.185780e+000
2.310648365177355e-004	1.179380e+000
2.312116817418192e-004	1.179241e+000
2.313385349528491e-004	1.174064e+000
2.314827563610671e-004	1.162532e+000
2.315951446370613e-004	1.158651e+000
2.317334215018428e-004	1.159402e+000
2.318444118547262e-004	1.155103e+000
2.319808018858740e-004	1.144139e+000
2.320945918768751e-004	1.139474e+000
2.322307125228162e-004	1.139578e+000
2.323538811610368e-004	1.135459e+000
2.324924893474592e-004	1.125417e+000
2.326186990829181e-004	1.120356e+000
2.327603414558808e-004	1.119762e+000
2.328908616311307e-004	1.115076e+000
2.330365967273531e-004	1.105375e+000
2.331647019054022e-004	1.101181e+000
2.333122881707421e-004	1.100289e+000
2.334411939112130e-004	1.095089e+000
2.335936898318657e-004	1.085882e+000
2.337241020266506e-004	1.082692e+000
2.338793099586790e-004	1.081060e+000
2.340181207491829e-004	1.074879e+000
2.341793614171720e-004	1.067209e+000
2.343385581294053e-004	1.064605e+000
2.345082582120915e-004	1.060563e+000
2.347150265359890e-004	1.051784e+000
2.349198565017071e-004	1.046779e+000
2.351352579102788e-004	1.042262e+000
2.353668230107673e-004	1.034196e+000
2.356024398547455e-004	1.028672e+000
2.358850512502338e-004	1.022936e+000
2.361780200002338e-004	1.015015e+000
2.364709887502338e-004	1.009797e+000
2.367639575002338e-004	1.003992e+000
2.370569262502338e-004	9.979438e-001
2.373498950002338e-004	9.942601e-001
2.376428637502338e-004	9.890198e-001
2.379358325002338e-004	9.849950e-001
2.382288012502338e-004	9.823927e-001
2.385217700002337e-004	9.781277e-001
2.388147387502337e-004	9.760128e-001
2.391077075002337e-004	9.740776e-001
2.394006762502337e-004	9.712593e-001
2.396936450002337e-004	9.707469e-001
2.399866137502337e-004	9.692897e-001
2.402795825002337e-004	9.681860e-001
2.405725512502337e-004	9.688525e-001
2.408655200002337e-004	9.680011e-001
2.411584887502337e-004	9.686043e-001
2.414514575002337e-004	9.699953e-001
2.417444262502337e-004	9.700809e-001
2.420373950002337e-004	9.721687e-001
2.423303637502337e-004	9.739327e-001
2.426233325002337e-004	9.752529e-001
2.429163012502337e-004	9.784603e-001
2.432092700002337e-004	9.804802e-001
2.435022387502337e-004	9.831325e-001
2.437952075002337e-004	9.870121e-001
2.440881762502336e-004	9.894203e-001
2.443811450002337e-004	9.932798e-001
2.446741137502337e-004	9.973924e-001
2.449670825002337e-004	1.000429e+000
2.452600512502337e-004	1.005197e+000
2.455530200002338e-004	1.009236e+000
2.458459887502338e-004	1.013059e+000
2.461389575002338e-004	1.018321e+000
2.464319262502338e-004	1.022203e+000
2.467248950002338e-004	1.026784e+000
2.470178637502339e-004	1.032071e+000
2.473108325002339e-004	1.035906e+000
2.476038012502339e-004	1.041033e+000
2.478967700002339e-004	1.045926e+000
2.481897387502340e-004	1.049872e+000
2.484827075002340e-004	1.055196e+000
2.487756762502340e-004	1.059443e+000
2.490686450002340e-004	1.063567e+000
2.493616137502340e-004	1.068655e+000
2.496545825002341e-004	1.072222e+000
2.499475512502341e-004	1.076436e+000
2.502405200002341e-004	1.080857e+000
2.505334887502341e-004	1.083873e+000
2.508264575002342e-004	1.087952e+000
2.511194262502342e-004	1.091384e+000
2.514123950002342e-004	1.094004e+000
2.517053637502342e-004	1.097632e+000
2.519983325002342e-004	1.099960e+000
2.522913012502343e-004	1.102259e+000
2.525842700002343e-004	1.105096e+000
2.528772387502343e-004	1.106420e+000
2.531702075002343e-004	1.108361e+000
2.534631762502344e-004	1.110126e+000
2.537561450002344e-004	1.110680e+000
2.540491137502344e-004	1.112126e+000
2.543420825002344e-004	1.112697e+000
2.546350512502344e-004	1.112160e+000
2.547070312500000e-004	1.112802e+000
2.548509912495311e-004	1.114086e+000
2.550000000000000e-004	1.112897e+000
2.550149008750469e-004	1.113822e+000
2.550447026251407e-004	1.121280e+000
2.551043061253282e-004	1.158713e+000
2.551869678914873e-004	1.236896e+000
2.552635053302786e-004	1.297703e+000
2.553448513401239e-004	1.306869e+000
2.554362116850898e-004	1.261990e+000
2.555140814899492e-004	1.233112e+000
2.556082654974412e-004	1.257511e+000
2.557052280761197e-004	1.314750e+000
2.557947188268101e-004	1.331661e+000
2.558997199767210e-004	1.290106e+000
2.559936276170127e-004	1.259924e+000
2.561067030397767e-004	1.287529e+000
2.562180201499264e-004	1.336401e+000
2.563230226740712e-004	1.334820e+000
2.564357019188211e-004	1.289836e+000
2.565248303442857e-004	1.283253e+000
2.566401812527627e-004	1.333339e+000
2.567376093591541e-004	1.364770e+000
2.568602242603983e-004	1.346054e+000
2.569913880701607e-004	1.321921e+000
2.571184178174799e-004	1.353416e+000
2.572485926532704e-004	1.396786e+000
2.573800933497425e-004	1.388546e+000
2.575141372158111e-004	1.371406e+000
2.576484518984118e-004	1.406515e+000
2.577847944859421e-004	1.448073e+000
2.579443978327170e-004	1.442210e+000
2.580895991240485e-004	1.442883e+000
2.582469869385704e-004	1.494092e+000
2.583862883130694e-004	1.524146e+000
2.585390094932758e-004	1.512192e+000
2.586646917200080e-004	1.525572e+000
2.588154769356496e-004	1.584671e+000
2.589401885889263e-004	1.607345e+000
2.590923886585391e-004	1.597667e+000
2.592225391374458e-004	1.619713e+000
2.593752588146511e-004	1.676712e+000
2.595115885025457e-004	1.694287e+000
2.596671950864465e-004	1.676358e+000
2.597070312500000e-004	1.681572e+000
2.597867035771070e-004	1.722286e+000
2.598406553457860e-004	1.755306e+000
2.598920964626421e-004	1.783172e+000
2.598971177662879e-004	1.784967e+000
2.599071603735794e-004	1.786819e+000
2.599272455881625e-004	1.787607e+000
2.599598295708338e-004	1.782874e+000
2.600000000000000e-004	1.771359e+000
2.600040170429167e-004	1.769690e+000
2.600120511287499e-004	1.766363e+000
2.600281193004164e-004	1.760169e+000
2.600602556437493e-004	1.752310e+000
2.601245283304153e-004	1.758151e+000
2.602530737037471e-004	1.809415e+000
2.603677446373552e-004	1.847227e+000
2.605239494733478e-004	1.858837e+000
2.606895699386854e-004	1.876880e+000
2.608523571843926e-004	1.925262e+000
2.610021856838225e-004	1.953225e+000
2.611734561954756e-004	1.958323e+000
2.613227572448827e-004	1.985307e+000
2.614914525727896e-004	2.026286e+000
2.616615017542099e-004	2.036964e+000
2.618355489500791e-004	2.049911e+000
2.620285094092931e-004	2.089431e+000
2.621898364717120e-004	2.104604e+000
2.623709829419447e-004	2.107274e+000
2.625458146995879e-004	2.133000e+000
2.627273889126979e-004	2.155704e+000
2.629304874538802e-004	2.156686e+000
2.631019711280231e-004	2.172042e+000
2.632910076111914e-004	2.196027e+000
2.634864311700748e-004	2.197742e+000
2.636828839766867e-004	2.205902e+000
2.638809553853430e-004	2.227442e+000
2.640623018115550e-004	2.229192e+000
2.642554514325721e-004	2.229733e+000
2.644963647623235e-004	2.248379e+000
2.647150836873123e-004	2.250411e+000
2.649214796708282e-004	2.249360e+000
2.651273000233117e-004	2.262389e+000
2.653415682962188e-004	2.263002e+000
2.655404434967692e-004	2.257372e+000
2.657145909310219e-004	2.266707e+000
2.659058915207200e-004	2.269497e+000
2.661078946469736e-004	2.258386e+000
2.662722109793720e-004	2.262615e+000
2.664489108772328e-004	2.269929e+000
2.665804407284034e-004	2.260145e+000
2.667311791323920e-004	2.250962e+000
2.668484904195534e-004	2.258580e+000
2.669762608994359e-004	2.263729e+000
2.670790389201919e-004	2.252850e+000
2.671926646442030e-004	2.238346e+000
2.672684862496863e-004	2.239901e+000
2.673686635305145e-004	2.252470e+000
2.674345039405314e-004	2.255504e+000
2.675057104451738e-004	2.247493e+000
2.675846142992806e-004	2.231719e+000
2.676323433477127e-004	2.224215e+000
2.676806632924245e-004	2.223031e+000
2.677426323921932e-004	2.229106e+000
2.678071780926906e-004	2.238268e+000
2.678458407845197e-004	2.241810e+000
2.678824534621448e-004	2.241066e+000
2.679271363166392e-004	2.235066e+000
2.679744298558355e-004	2.225085e+000
2.680101240746090e-004	2.217124e+000
2.680557899800152e-004	2.209488e+000
2.680976114324495e-004	2.207129e+000
2.681533257118708e-004	2.210511e+000
2.682234597360572e-004	2.218426e+000
2.682774946902111e-004	2.221745e+000
2.683388666922166e-004	2.217862e+000
2.684043552076600e-004	2.206897e+000
2.684848599191358e-004	2.193465e+000
2.685639933549791e-004	2.189074e+000
2.686506102653268e-004	2.193158e+000
2.687499694511946e-004	2.195060e+000
2.688485855547552e-004	2.185122e+000
2.689505947534984e-004	2.169579e+000
2.690465454004050e-004	2.163288e+000
2.691672927517517e-004	2.165045e+000
2.692887775090697e-004	2.159699e+000
2.694266193596705e-004	2.142540e+000
2.695820721208296e-004	2.129328e+000
2.697425523923166e-004	2.124183e+000
2.699079927836703e-004	2.109976e+000
2.700836032879054e-004	2.089018e+000
2.702538441479017e-004	2.077800e+000
2.704412838265283e-004	2.063916e+000
2.706619120807902e-004	2.036988e+000
2.708820240599997e-004	2.015719e+000
2.711227679880211e-004	1.992680e+000
2.714157367380211e-004	1.954800e+000
2.716812414528246e-004	1.924407e+000
2.719742102028246e-004	1.888076e+000
2.722671789528247e-004	1.845863e+000
2.725601477028247e-004	1.807943e+000
2.728531164528247e-004	1.764821e+000
2.731460852028247e-004	1.720249e+000
2.734390539528247e-004	1.679910e+000
2.737320227028248e-004	1.634257e+000
2.740249914528248e-004	1.591813e+000
2.743179602028248e-004	1.552214e+000
2.746109289528248e-004	1.509394e+000
2.749038977028248e-004	1.473341e+000
2.751895553209282e-004	1.438965e+000
2.754825240709282e-004	1.403288e+000
2.757210917208124e-004	1.380864e+000
2.759658394429834e-004	1.355514e+000
2.761876642145614e-004	1.332783e+000
2.763440120825150e-004	1.323815e+000
2.764823196271130e-004	1.313562e+000
2.766002370551303e-004	1.298295e+000
2.766868717766075e-004	1.289105e+000
2.767584857036930e-004	1.287149e+000
2.768370967992376e-004	1.288414e+000
2.768672474833608e-004	1.288374e+000
2.768954700705980e-004	1.287061e+000
2.769243067766922e-004	1.284246e+000
2.769742246282167e-004	1.277216e+000
2.770259907848596e-004	1.269245e+000
2.770819028281684e-004	1.262397e+000
2.771441320261674e-004	1.258994e+000
2.772153223772950e-004	1.259091e+000
2.772986696672584e-004	1.258687e+000
2.773942748370350e-004	1.252443e+000
2.774924796142301e-004	1.242199e+000
2.775978145967257e-004	1.235058e+000
2.777248252081013e-004	1.232797e+000
2.778837296720802e-004	1.227424e+000
2.780476046794949e-004	1.217461e+000
2.782594754797199e-004	1.209823e+000
2.784608710740014e-004	1.205264e+000
2.787171372940196e-004	1.195810e+000
2.789753100408493e-004	1.190017e+000
2.792682787908493e-004	1.186223e+000
2.795612475408494e-004	1.180926e+000
2.798542162908494e-004	1.179986e+000
2.801471850408494e-004	1.179635e+000
2.804401537908494e-004	1.179480e+000
2.807331225408495e-004	1.183519e+000
2.810260912908495e-004	1.186589e+000
2.813190600408495e-004	1.191699e+000
2.816120287908495e-004	1.199982e+000
2.819049975408495e-004	1.206783e+000
2.821979662908496e-004	1.217075e+000
2.824909350408496e-004	1.228989e+000
2.827839037908496e-004	1.240125e+000
2.830768725408496e-004	1.255360e+000
2.833698412908497e-004	1.270598e+000
2.836628100408497e-004	1.286563e+000
2.839557787908497e-004	1.306312e+000
2.842487475408497e-004	1.324945e+000
2.845417162908497e-004	1.345890e+000
2.848346850408498e-004	1.369481e+000
2.851276537908498e-004	1.391729e+000
2.854206225408498e-004	1.417310e+000
2.857135912908498e-004	1.443825e+000
2.860065600408499e-004	1.469597e+000
2.862995287908499e-004	1.498759e+000
2.865924975408499e-004	1.527039e+000
2.868854662908499e-004	1.555518e+000
2.871784350408499e-004	1.586355e+000
2.874714037908500e-004	1.614953e+000
2.877643725408500e-004	1.644504e+000
2.880573412908500e-004	1.674525e+000
2.883503100408500e-004	1.701803e+000
2.886432787908501e-004	1.730282e+000
2.889362475408501e-004	1.757156e+000
2.892292162908501e-004	1.781688e+000
2.895221850408501e-004	1.807041e+000
2.898151537908501e-004	1.829307e+000
2.901081225408502e-004	1.850235e+000
2.904010912908502e-004	1.871024e+000
2.906940600408502e-004	1.888261e+000
2.909870287908502e-004	1.905237e+000
2.912799975408502e-004	1.920811e+000
2.915729662908503e-004	1.933323e+000
2.918659350408503e-004	1.946187e+000
2.921589037908503e-004	1.956545e+000
2.924518725408503e-004	1.964929e+000
2.927448412908504e-004	1.973523e+000
2.930378100408504e-004	1.979051e+000
2.933307787908504e-004	1.983833e+000
2.936237475408504e-004	1.988038e+000
2.939167162908504e-004	1.989302e+000
2.942096850408505e-004	1.990735e+000
2.945026537908505e-004	1.990569e+000
2.947956225408505e-004	1.988165e+000
2.950885912908505e-004	1.986215e+000
2.953815600408506e-004	1.981864e+000
2.956745287908506e-004	1.976295e+000
2.959674975408506e-004	1.970790e+000
2.962604662908506e-004	1.962589e+000
2.965534350408506e-004	1.954166e+000
2.968464037908507e-004	1.944984e+000
2.971393725408507e-004	1.933399e+000
2.974323412908507e-004	1.922226e+000
2.977253100408507e-004	1.909438e+000
2.980182787908508e-004	1.895025e+000
2.983112475408508e-004	1.881115e+000
2.986042162908508e-004	1.865065e+000
2.988971850408508e-004	1.848421e+000
2.991901537908508e-004	1.831894e+000
2.994831225408509e-004	1.813044e+000
2.997070312500000e-004	1.799108e+000
3.000000000000000e-004	1.782754e+000
