time	V(receiver)

%Step Information: Cload=1n  (Run: 1/5)
0.000000000000000e+000	1.648116e+000
2.929687395458736e-011	1.648116e+000
1.029296873954587e-009	1.648116e+000
2.085414880886196e-009	1.648116e+000
4.197650894749413e-009	1.648116e+000
8.422122922475848e-009	1.648116e+000
1.687106697792871e-008	1.648115e+000
3.376895508883445e-008	1.648104e+000
6.756473131064593e-008	1.647972e+000
1.351562837542689e-007	1.646828e+000
2.703393886415148e-007	1.639977e+000
5.407055984160066e-007	1.610241e+000
8.336743484160065e-007	1.550475e+000
1.126643098416007e-006	1.456576e+000
1.419611848416006e-006	1.337650e+000
1.712580598416006e-006	1.213976e+000
2.005549348416006e-006	1.104514e+000
2.298518098416006e-006	1.018177e+000
2.591486848416006e-006	9.525102e-001
2.884455598416006e-006	9.009683e-001
3.177424348416006e-006	8.577722e-001
3.470393098416006e-006	8.185216e-001
3.763361848416006e-006	7.823864e-001
4.056330598416006e-006	7.513188e-001
4.349299348416006e-006	7.271093e-001
4.642268098416006e-006	7.086816e-001
4.707031250000001e-006	7.053223e-001
4.836557553167990e-006	6.993254e-001
5.000000000000000e-006	6.921592e-001
5.016344244683201e-006	6.920027e-001
5.049032734049603e-006	6.927667e-001
5.114409712782407e-006	6.962833e-001
5.245163670248015e-006	7.004428e-001
5.406767642388735e-006	7.011288e-001
5.611040438997118e-006	7.145953e-001
5.823449641938739e-006	7.412945e-001
6.002605285351816e-006	7.514675e-001
6.201609466531405e-006	7.552570e-001
6.448632408972132e-006	7.579870e-001
6.620491881810083e-006	7.366422e-001
6.801454872461582e-006	7.070901e-001
6.994699426289445e-006	6.919800e-001
7.183697059373682e-006	6.803516e-001
7.383662199746916e-006	6.701407e-001
7.676630949746916e-006	6.627729e-001
7.969599699746916e-006	6.574051e-001
8.262568449746916e-006	6.544535e-001
8.555537199746916e-006	6.534845e-001
8.746885437673620e-006	6.527504e-001
8.907712205242755e-006	6.531287e-001
9.074972396760997e-006	6.541450e-001
9.320624881473894e-006	6.546033e-001
9.613593631473894e-006	6.556832e-001
9.847593592155739e-006	6.564777e-001
1.005375163155493e-005	6.561481e-001
1.026749814057362e-005	6.561660e-001
1.051813710729395e-005	6.561415e-001
1.079614495548295e-005	6.552408e-001
1.108911370548295e-005	6.550065e-001
1.138208245548295e-005	6.547517e-001
1.167505120548295e-005	6.546268e-001
1.196801995548295e-005	6.552600e-001
1.226098870548295e-005	6.553389e-001
1.247725030717307e-005	6.557727e-001
1.264856402335203e-005	6.564535e-001
1.280908471834759e-005	6.561439e-001
1.297001240124739e-005	6.558388e-001
1.313254316087203e-005	6.562867e-001
1.333448471195956e-005	6.561123e-001
1.358114213791344e-005	6.554208e-001
1.380593111788567e-005	6.554546e-001
1.403893715465502e-005	6.550733e-001
1.429629371261619e-005	6.546401e-001
1.457749949370366e-005	6.548397e-001
1.487046824370366e-005	6.547108e-001
1.516343699370366e-005	6.549580e-001
1.545640574370366e-005	6.553964e-001
1.574937449370366e-005	6.554431e-001
1.604234324370367e-005	6.558644e-001
1.633531199370367e-005	6.558878e-001
1.656441856146407e-005	6.557279e-001
1.676251320218016e-005	6.560287e-001
1.696012521651236e-005	6.558108e-001
1.716876814412255e-005	6.553767e-001
1.740761009852272e-005	6.554603e-001
1.770057884852272e-005	6.551453e-001
1.798253293488934e-005	6.549317e-001
1.827550168488934e-005	6.550677e-001
1.856847043488934e-005	6.548899e-001
1.886143918488934e-005	6.550800e-001
1.915440793488934e-005	6.552830e-001
1.944737668488934e-005	6.552371e-001
1.974034543488935e-005	6.555650e-001
2.003331418488935e-005	6.556129e-001
2.032628293488935e-005	6.556304e-001
2.058869597577890e-005	6.557839e-001
2.086660515901167e-005	6.554819e-001
2.111983208589107e-005	6.554204e-001
2.141280083589108e-005	6.554024e-001
2.170576958589108e-005	6.550645e-001
2.199873833589108e-005	6.551099e-001
2.229170708589108e-005	6.550561e-001
2.258467583589108e-005	6.549991e-001
2.287764458589108e-005	6.552051e-001
2.317061333589109e-005	6.551439e-001
2.346358208589109e-005	6.553360e-001
2.375655083589109e-005	6.555616e-001
2.404951958589109e-005	6.554903e-001
2.434248833589109e-005	6.556624e-001
2.463545708589109e-005	6.555889e-001
2.492842583589110e-005	6.554279e-001
2.522139458589110e-005	6.554497e-001
2.551436333589110e-005	6.551932e-001
2.580733208589110e-005	6.551713e-001
2.610030083589110e-005	6.551993e-001
2.639326958589110e-005	6.550249e-001
2.668623833589110e-005	6.551774e-001
2.697920708589111e-005	6.552228e-001
2.727217583589111e-005	6.552622e-001
2.756514458589111e-005	6.554731e-001
2.785811333589111e-005	6.554111e-001
2.815108208589111e-005	6.555160e-001
2.844405083589111e-005	6.555867e-001
2.873701958589112e-005	6.553965e-001
2.902998833589112e-005	6.554351e-001
2.932295708589112e-005	6.553243e-001
2.961592583589112e-005	6.551990e-001
2.990889458589112e-005	6.552531e-001
3.020186333589112e-005	6.551034e-001
3.049483208589113e-005	6.551663e-001
3.078780083589113e-005	6.552773e-001
3.108076958589113e-005	6.552178e-001
3.137373833589113e-005	6.553926e-001
3.166670708589113e-005	6.554302e-001
3.195967583589113e-005	6.554281e-001
3.225264458589114e-005	6.555376e-001
3.254561333589114e-005	6.554036e-001
3.283858208589114e-005	6.554072e-001
3.313155083589114e-005	6.554071e-001
3.342451958589114e-005	6.552330e-001
3.371748833589114e-005	6.552759e-001
3.401045708589115e-005	6.552210e-001
3.430342583589115e-005	6.551787e-001
3.459639458589115e-005	6.552885e-001
3.488936333589115e-005	6.552277e-001
3.518233208589115e-005	6.553243e-001
3.547530083589115e-005	6.554263e-001
3.576826958589115e-005	6.553674e-001
3.606123833589116e-005	6.554754e-001
3.635420708589116e-005	6.554466e-001
3.664717583589116e-005	6.553873e-001
3.694014458589116e-005	6.554265e-001
3.723311333589116e-005	6.552883e-001
3.752608208589116e-005	6.552880e-001
3.781905083589117e-005	6.552975e-001
3.811201958589117e-005	6.551936e-001
3.840498833589117e-005	6.552779e-001
3.869795708589117e-005	6.552753e-001
3.899092583589117e-005	6.552863e-001
3.928389458589117e-005	6.554018e-001
3.957686333589118e-005	6.553521e-001
3.986983208589118e-005	6.554125e-001
4.016280083589118e-005	6.554560e-001
4.045576958589118e-005	6.553655e-001
4.074873833589118e-005	6.554099e-001
4.104170708589118e-005	6.553477e-001
4.133467583589119e-005	6.552887e-001
4.162764458589119e-005	6.553280e-001
4.192061333589119e-005	6.552352e-001
4.221358208589119e-005	6.552680e-001
4.250655083589119e-005	6.553138e-001
4.279951958589119e-005	6.552690e-001
4.309248833589120e-005	6.553638e-001
4.338545708589120e-005	6.553664e-001
4.367842583589120e-005	6.553687e-001
4.397139458589120e-005	6.554409e-001
4.426436333589120e-005	6.553683e-001
4.455733208589120e-005	6.553849e-001
4.485030083589120e-005	6.553888e-001
4.514326958589121e-005	6.552989e-001
4.543623833589121e-005	6.553328e-001
4.572920708589121e-005	6.552902e-001
4.602217583589121e-005	6.552664e-001
4.631514458589121e-005	6.553271e-001
4.660811333589121e-005	6.552798e-001
4.690108208589122e-005	6.553308e-001
4.719405083589122e-005	6.553775e-001
4.748701958589122e-005	6.553419e-001
4.777998833589122e-005	6.554082e-001
4.807295708589122e-005	6.553863e-001
4.836592583589122e-005	6.553639e-001
4.865889458589123e-005	6.553984e-001
4.895186333589123e-005	6.553214e-001
4.924483208589123e-005	6.553282e-001
4.953780083589123e-005	6.553323e-001
4.983076958589123e-005	6.552739e-001
5.012373833589123e-005	6.553228e-001
5.041670708589124e-005	6.553081e-001
5.070967583589124e-005	6.553099e-001
5.100264458589124e-005	6.553724e-001
5.129561333589124e-005	6.553376e-001
5.158858208589124e-005	6.553751e-001
5.188155083589124e-005	6.553978e-001
5.217451958589125e-005	6.553513e-001
5.246748833589125e-005	6.553869e-001
5.276045708589125e-005	6.553510e-001
5.305342583589125e-005	6.553243e-001
5.334639458589125e-005	6.553507e-001
5.363936333589125e-005	6.552947e-001
5.393233208589126e-005	6.553147e-001
5.422530083589126e-005	6.553326e-001
5.451826958589126e-005	6.552914e-001
5.470703125000000e-005	6.553347e-001
5.500000000000000e-005	6.553798e-001
5.502929687500000e-005	6.553247e-001
5.508789062500000e-005	6.553147e-001
5.520507812500000e-005	6.559994e-001
5.529001804982926e-005	6.576087e-001
5.541080276296937e-005	6.605963e-001
5.552254747734186e-005	6.629310e-001
5.574603690608685e-005	6.735393e-001
5.602891280880067e-005	7.210545e-001
5.632188155880067e-005	8.665258e-001
5.654406340963711e-005	1.143385e+000
5.670525041347074e-005	1.518005e+000
5.687827050798721e-005	2.013136e+000
5.698395489146650e-005	2.260577e+000
5.711503869688290e-005	2.477242e+000
5.714780964823700e-005	2.517388e+000
5.721335155094520e-005	2.562773e+000
5.733043769751437e-005	2.588604e+000
5.740311746424112e-005	2.589518e+000
5.751755123153479e-005	2.590416e+000
5.764146714606808e-005	2.591833e+000
5.783475548411203e-005	2.570819e+000
5.803924700972721e-005	2.511250e+000
5.828947198785600e-005	2.389386e+000
5.854047703248856e-005	2.185959e+000
5.883344578248856e-005	1.875141e+000
5.903770730652657e-005	1.691629e+000
5.926327661038586e-005	1.560265e+000
5.955624536038586e-005	1.475036e+000
5.970703125000000e-005	1.501465e+000
5.973652970526043e-005	1.518975e+000
5.979552661578130e-005	1.552534e+000
5.988200617895827e-005	1.577565e+000
6.000000000000000e-005	1.591925e+000
6.001179938210418e-005	1.595319e+000
6.003539814631253e-005	1.605178e+000
6.008259567472922e-005	1.634905e+000
6.017699073156261e-005	1.699530e+000
6.030677414251736e-005	1.756044e+000
6.044131024164903e-005	1.778176e+000
6.058631351285255e-005	1.801897e+000
6.075378501673968e-005	1.827063e+000
6.092727865877049e-005	1.810063e+000
6.110965168396020e-005	1.771470e+000
6.136019817904862e-005	1.725341e+000
6.160412697322302e-005	1.661741e+000
6.184771660074964e-005	1.607542e+000
6.214068535074963e-005	1.580435e+000
6.243365410074963e-005	1.568756e+000
6.271719609082038e-005	1.588500e+000
6.301016484082038e-005	1.624474e+000
6.330313359082037e-005	1.651055e+000
6.359610234082037e-005	1.679553e+000
6.388907109082036e-005	1.687169e+000
6.418203984082036e-005	1.679019e+000
6.447500859082035e-005	1.670990e+000
6.476797734082035e-005	1.649460e+000
6.506094609082034e-005	1.637107e+000
6.535391484082034e-005	1.633100e+000
6.564688359082033e-005	1.627481e+000
6.593985234082033e-005	1.637581e+000
6.623282109082032e-005	1.644325e+000
6.652578984082032e-005	1.648795e+000
6.681875859082031e-005	1.658917e+000
6.711172734082031e-005	1.655781e+000
6.740469609082030e-005	1.655168e+000
6.769766484082030e-005	1.654430e+000
6.799063359082029e-005	1.645510e+000
6.828360234082029e-005	1.646824e+000
6.857657109082028e-005	1.644423e+000
6.886953984082027e-005	1.642052e+000
6.916250859082027e-005	1.648321e+000
6.945547734082026e-005	1.646196e+000
6.974844609082026e-005	1.648900e+000
7.004141484082025e-005	1.652433e+000
7.033438359082025e-005	1.648024e+000
7.062735234082024e-005	1.651327e+000
7.092032109082024e-005	1.649439e+000
7.121328984082023e-005	1.646104e+000
7.150625859082023e-005	1.649801e+000
7.179922734082022e-005	1.645921e+000
7.209219609082022e-005	1.647019e+000
7.238516484082021e-005	1.649728e+000
7.267813359082021e-005	1.646082e+000
7.297110234082020e-005	1.649929e+000
7.326407109082020e-005	1.649213e+000
7.355703984082019e-005	1.647003e+000
7.385000859082019e-005	1.650748e+000
7.414297734082018e-005	1.647216e+000
7.443594609082018e-005	1.647872e+000
7.472891484082017e-005	1.649832e+000
7.502188359082017e-005	1.646094e+000
7.531485234082016e-005	1.649270e+000
7.560782109082016e-005	1.648496e+000
7.590078984082015e-005	1.646613e+000
7.619375859082015e-005	1.650268e+000
7.648672734082014e-005	1.647363e+000
7.677969609082014e-005	1.648190e+000
7.707266484082013e-005	1.650036e+000
7.736563359082013e-005	1.646584e+000
7.765860234082012e-005	1.649333e+000
7.795157109082011e-005	1.648507e+000
7.824453984082011e-005	1.646710e+000
7.853750859082010e-005	1.649959e+000
7.883047734082010e-005	1.647328e+000
7.912344609082009e-005	1.648116e+000
7.941641484082009e-005	1.649835e+000
7.970938359082008e-005	1.646768e+000
8.000235234082008e-005	1.649290e+000
8.029532109082007e-005	1.648549e+000
8.058828984082007e-005	1.646919e+000
8.088125859082006e-005	1.649831e+000
8.117422734082006e-005	1.647424e+000
8.146719609082005e-005	1.648120e+000
8.176016484082005e-005	1.649660e+000
8.205313359082004e-005	1.646890e+000
8.234610234082004e-005	1.649180e+000
8.263907109082003e-005	1.648519e+000
8.293203984082003e-005	1.647088e+000
8.322500859082002e-005	1.649786e+000
8.351797734082002e-005	1.647618e+000
8.381094609082001e-005	1.648194e+000
8.410391484082001e-005	1.649516e+000
8.439688359082000e-005	1.646944e+000
8.468985234082000e-005	1.649003e+000
8.498282109081999e-005	1.648452e+000
8.527578984081999e-005	1.647197e+000
8.556875859081998e-005	1.649642e+000
8.586172734081998e-005	1.647685e+000
8.615469609081997e-005	1.648213e+000
8.644766484081997e-005	1.649405e+000
8.674063359081996e-005	1.647080e+000
8.703360234081995e-005	1.648941e+000
8.732657109081995e-005	1.648438e+000
8.761953984081994e-005	1.647306e+000
8.791250859081994e-005	1.649487e+000
8.820547734081993e-005	1.647660e+000
8.849844609081993e-005	1.648133e+000
8.879141484081992e-005	1.649262e+000
8.908438359081992e-005	1.647221e+000
8.937735234081991e-005	1.648962e+000
8.967032109081991e-005	1.648512e+000
8.996328984081990e-005	1.647442e+000
9.025625859081990e-005	1.649381e+000
9.054922734081989e-005	1.647723e+000
9.084219609081989e-005	1.648153e+000
9.113516484081988e-005	1.649170e+000
9.142813359081988e-005	1.647327e+000
9.172110234081987e-005	1.648903e+000
9.201407109081987e-005	1.648494e+000
9.230703984081986e-005	1.647528e+000
9.260000859081986e-005	1.649281e+000
9.289297734081985e-005	1.647780e+000
9.318594609081985e-005	1.648171e+000
9.347891484081984e-005	1.649089e+000
9.377188359081984e-005	1.647423e+000
9.406485234081983e-005	1.648849e+000
9.435782109081983e-005	1.648477e+000
9.465078984081982e-005	1.647606e+000
9.494375859081982e-005	1.649189e+000
9.523672734081981e-005	1.647832e+000
9.552969609081981e-005	1.648187e+000
9.582266484081980e-005	1.649015e+000
9.611563359081979e-005	1.647510e+000
9.640860234081979e-005	1.648801e+000
9.670157109081978e-005	1.648462e+000
9.699453984081978e-005	1.647677e+000
9.728750859081977e-005	1.649107e+000
9.758047734081977e-005	1.647878e+000
9.787344609081976e-005	1.648202e+000
9.816641484081976e-005	1.648948e+000
9.845938359081975e-005	1.647589e+000
9.875235234081975e-005	1.648757e+000
9.904532109081974e-005	1.648448e+000
9.933828984081974e-005	1.647740e+000
9.963125859081973e-005	1.651396e+000
9.970703125000001e-005	1.650542e+000
9.985857656836057e-005	1.646547e+000
1.000000000000000e-004	1.647383e+000
1.000141423431639e-004	1.648394e+000
1.000424270294918e-004	1.650033e+000
1.000989964021476e-004	1.650735e+000
1.002121351474592e-004	1.645077e+000
1.004384126380823e-004	1.623498e+000
1.007313813880823e-004	1.575958e+000
1.010243501380823e-004	1.493269e+000
1.013173188880823e-004	1.380765e+000
1.016102876380822e-004	1.256979e+000
1.019032563880822e-004	1.140056e+000
1.021962251380822e-004	1.045902e+000
1.024891938880822e-004	9.737412e-001
1.027821626380822e-004	9.175056e-001
1.030751313880822e-004	8.726619e-001
1.033681001380822e-004	8.317996e-001
1.036610688880822e-004	7.944564e-001
1.039540376380822e-004	7.617866e-001
1.042470063880822e-004	7.346693e-001
1.045399751380822e-004	7.147125e-001
1.047070312500000e-004	7.057945e-001
1.050000000000000e-004	6.917322e-001
1.050292968750000e-004	6.922643e-001
1.050878906250000e-004	6.948979e-001
1.052050781250000e-004	6.992984e-001
1.054142522493467e-004	7.014854e-001
1.056253555788396e-004	7.150980e-001
1.058931357750440e-004	7.474447e-001
1.060905859377552e-004	7.561226e-001
1.063087376490879e-004	7.509155e-001
1.066017063990879e-004	7.358440e-001
1.068384357372391e-004	7.079486e-001
1.070492310284560e-004	6.867977e-001
1.072674210388321e-004	6.766751e-001
1.075603897888321e-004	6.656693e-001
1.078533585388321e-004	6.590561e-001
1.081463272888321e-004	6.554689e-001
1.084392960388321e-004	6.531985e-001
1.086492083252350e-004	6.533092e-001
1.088142301402803e-004	6.532084e-001
1.089796860294781e-004	6.530057e-001
1.091879579692003e-004	6.541394e-001
1.094650261263525e-004	6.552783e-001
1.097579948763525e-004	6.558251e-001
1.099683711165702e-004	6.566197e-001
1.101848049151005e-004	6.564896e-001
1.104179368819657e-004	6.559028e-001
1.106895996732181e-004	6.558284e-001
1.109825684232181e-004	6.550240e-001
1.112755371732181e-004	6.546609e-001
1.115685059232181e-004	6.548489e-001
1.118614746732181e-004	6.547731e-001
1.121544434232181e-004	6.555415e-001
1.123874199452384e-004	6.558378e-001
1.125723067182755e-004	6.556188e-001
1.127331994189680e-004	6.562276e-001
1.128952670377034e-004	6.565948e-001
1.130570483198661e-004	6.559450e-001
1.132322937692029e-004	6.557803e-001
1.134986519685198e-004	6.559505e-001
1.137247881495272e-004	6.552749e-001
1.139593580960297e-004	6.550524e-001
1.142056341250028e-004	6.550215e-001
1.144810048456952e-004	6.545640e-001
1.147739735956952e-004	6.547944e-001
1.150669423456952e-004	6.549409e-001
1.153599110956952e-004	6.550599e-001
1.156528798456951e-004	6.556324e-001
1.159458485956951e-004	6.556785e-001
1.162388173456951e-004	6.559184e-001
1.164751208408888e-004	6.561378e-001
1.166784113894308e-004	6.556885e-001
1.168735797139797e-004	6.556776e-001
1.170852955164165e-004	6.558422e-001
1.172933346817742e-004	6.554084e-001
1.175863034317742e-004	6.552392e-001
1.178729974655191e-004	6.551444e-001
1.181659662155191e-004	6.548183e-001
1.184589349655191e-004	6.550245e-001
1.187519037155191e-004	6.550295e-001
1.190448724655191e-004	6.550878e-001
1.193378412155191e-004	6.554577e-001
1.196308099655190e-004	6.554173e-001
1.199237787155190e-004	6.556236e-001
1.202167474655190e-004	6.557752e-001
1.205097162155190e-004	6.555554e-001
1.207823139092996e-004	6.556811e-001
1.210390641900747e-004	6.555312e-001
1.213214821107562e-004	6.552869e-001
1.216144508607562e-004	6.553539e-001
1.219074196107562e-004	6.550772e-001
1.222003883607562e-004	6.550572e-001
1.224933571107562e-004	6.551465e-001
1.227863258607562e-004	6.549934e-001
1.230792946107562e-004	6.552331e-001
1.233722633607562e-004	6.553370e-001
1.236652321107561e-004	6.553773e-001
1.239582008607561e-004	6.556321e-001
1.242511696107561e-004	6.555371e-001
1.245441383607561e-004	6.555825e-001
1.248371071107561e-004	6.555994e-001
1.251300758607561e-004	6.553086e-001
1.254230446107561e-004	6.553305e-001
1.257160133607561e-004	6.552172e-001
1.260089821107561e-004	6.550745e-001
1.263019508607561e-004	6.551761e-001
1.265949196107561e-004	6.550484e-001
1.268878883607561e-004	6.551725e-001
1.271808571107561e-004	6.553558e-001
1.274738258607561e-004	6.552910e-001
1.277667946107561e-004	6.554960e-001
1.280597633607561e-004	6.555285e-001
1.283527321107561e-004	6.554750e-001
1.286457008607561e-004	6.555606e-001
1.289386696107561e-004	6.553548e-001
1.292316383607560e-004	6.553271e-001
1.295246071107560e-004	6.553302e-001
1.298175758607560e-004	6.551232e-001
1.301105446107560e-004	6.552007e-001
1.304035133607560e-004	6.551831e-001
1.306964821107560e-004	6.551637e-001
1.309894508607560e-004	6.553296e-001
1.312824196107560e-004	6.552812e-001
1.315753883607560e-004	6.554060e-001
1.318683571107560e-004	6.555211e-001
1.321613258607560e-004	6.554090e-001
1.324542946107560e-004	6.555001e-001
1.327472633607560e-004	6.554364e-001
1.330402321107560e-004	6.553336e-001
1.333332008607560e-004	6.553720e-001
1.336261696107560e-004	6.552068e-001
1.339191383607560e-004	6.552201e-001
1.342121071107560e-004	6.552662e-001
1.345050758607560e-004	6.551638e-001
1.347980446107560e-004	6.552924e-001
1.350910133607559e-004	6.553172e-001
1.353839821107559e-004	6.553324e-001
1.356769508607559e-004	6.554695e-001
1.359699196107559e-004	6.553963e-001
1.362628883607559e-004	6.554470e-001
1.365558571107559e-004	6.554779e-001
1.368488258607559e-004	6.553345e-001
1.371417946107559e-004	6.553712e-001
1.374347633607559e-004	6.552988e-001
1.377277321107559e-004	6.552286e-001
1.380207008607559e-004	6.552944e-001
1.383136696107559e-004	6.552036e-001
1.386066383607559e-004	6.552634e-001
1.388996071107559e-004	6.553446e-001
1.391925758607559e-004	6.552958e-001
1.394855446107559e-004	6.554134e-001
1.397785133607559e-004	6.554170e-001
1.400714821107559e-004	6.553960e-001
1.403644508607559e-004	6.554632e-001
1.406574196107558e-004	6.553553e-001
1.409503883607558e-004	6.553577e-001
1.412433571107558e-004	6.553618e-001
1.415363258607558e-004	6.552496e-001
1.418292946107558e-004	6.552992e-001
1.421222633607558e-004	6.552683e-001
1.424152321107558e-004	6.552523e-001
1.427082008607558e-004	6.553437e-001
1.430011696107558e-004	6.552969e-001
1.432941383607558e-004	6.553607e-001
1.435871071107558e-004	6.554201e-001
1.438800758607558e-004	6.553627e-001
1.441730446107558e-004	6.554285e-001
1.444660133607558e-004	6.553915e-001
1.447589821107558e-004	6.553468e-001
1.450519508607558e-004	6.553823e-001
1.453449196107558e-004	6.552866e-001
1.456378883607558e-004	6.552969e-001
1.459308571107558e-004	6.553168e-001
1.462238258607557e-004	6.552552e-001
1.465167946107557e-004	6.553268e-001
1.468097633607557e-004	6.553234e-001
1.471027321107557e-004	6.553277e-001
1.473957008607557e-004	6.554056e-001
1.476886696107557e-004	6.553576e-001
1.479816383607557e-004	6.553916e-001
1.482746071107557e-004	6.554124e-001
1.485675758607557e-004	6.553416e-001
1.488605446107557e-004	6.553761e-001
1.491535133607557e-004	6.553324e-001
1.494464821107557e-004	6.552976e-001
1.497394508607557e-004	6.553373e-001
1.500324196107557e-004	6.552778e-001
1.503253883607557e-004	6.553102e-001
1.506183571107557e-004	6.553451e-001
1.509113258607557e-004	6.553116e-001
1.512042946107557e-004	6.553782e-001
1.514972633607557e-004	6.553702e-001
1.517902321107557e-004	6.553636e-001
1.520832008607556e-004	6.554095e-001
1.523761696107556e-004	6.553504e-001
1.526691383607556e-004	6.553617e-001
1.529621071107556e-004	6.553646e-001
1.532550758607556e-004	6.553042e-001
1.535480446107556e-004	6.553379e-001
1.538410133607556e-004	6.553121e-001
1.541339821107556e-004	6.553013e-001
1.544269508607556e-004	6.553502e-001
1.547199196107556e-004	6.553135e-001
1.550000000000000e-004	6.553648e-001
1.550280080389244e-004	6.554227e-001
1.550840241167733e-004	6.554801e-001
1.551960562724711e-004	6.558437e-001
1.552767820685192e-004	6.571568e-001
1.553808410612271e-004	6.599195e-001
1.554876990371034e-004	6.622545e-001
1.557014149888557e-004	6.695466e-001
1.559332958403862e-004	6.966380e-001
1.562262645903862e-004	7.953513e-001
1.564627618527346e-004	1.009457e+000
1.566403360199077e-004	1.356804e+000
1.568211096902730e-004	1.856806e+000
1.569434064370077e-004	2.166244e+000
1.570920002182557e-004	2.420839e+000
1.572388757073618e-004	2.580573e+000
1.572504491661486e-004	2.586902e+000
1.572735960837223e-004	2.590422e+000
1.573198899188696e-004	2.591641e+000
1.574124775891641e-004	2.589066e+000
1.575116824093933e-004	2.589343e+000
1.576815959782737e-004	2.590267e+000
1.578673758943294e-004	2.565808e+000
1.580657668435791e-004	2.502295e+000
1.582883295909290e-004	2.394255e+000
1.585127311478010e-004	2.214534e+000
1.587905470546625e-004	1.914281e+000
1.589748527767423e-004	1.741445e+000
1.591837483025966e-004	1.603291e+000
1.594767170525966e-004	1.487762e+000
1.596875837239819e-004	1.508459e+000
1.597801450638366e-004	1.555549e+000
1.598148773202906e-004	1.568913e+000
1.598843418331986e-004	1.577018e+000
1.600000000000000e-004	1.586444e+000
1.600115658166802e-004	1.591506e+000
1.600346974500404e-004	1.604741e+000
1.600809607167610e-004	1.639462e+000
1.601734872502021e-004	1.705521e+000
1.603006069776788e-004	1.754993e+000
1.604352569102741e-004	1.774247e+000
1.605772972404238e-004	1.802736e+000
1.607360630814783e-004	1.829222e+000
1.609090257021574e-004	1.809835e+000
1.610848171902941e-004	1.774980e+000
1.612940281578825e-004	1.742872e+000
1.614959216793877e-004	1.687725e+000
1.617059887678200e-004	1.631474e+000
1.619989575178200e-004	1.593634e+000
1.622697948275153e-004	1.568070e+000
1.625281085527854e-004	1.572218e+000
1.628210773027854e-004	1.605015e+000
1.631140460527854e-004	1.631749e+000
1.634070148027854e-004	1.665600e+000
1.636999835527854e-004	1.684884e+000
1.639929523027854e-004	1.682692e+000
1.642859210527854e-004	1.680270e+000
1.645788898027854e-004	1.660989e+000
1.648718585527854e-004	1.643879e+000
1.651648273027854e-004	1.637778e+000
1.654577960527854e-004	1.627175e+000
1.657507648027854e-004	1.632953e+000
1.660437335527854e-004	1.640762e+000
1.663367023027854e-004	1.643818e+000
1.666296710527853e-004	1.656358e+000
1.669226398027853e-004	1.656556e+000
1.672156085527853e-004	1.655573e+000
1.675085773027853e-004	1.657710e+000
1.678015460527853e-004	1.648229e+000
1.680945148027853e-004	1.647744e+000
1.683874835527853e-004	1.646365e+000
1.686804523027853e-004	1.641193e+000
1.689734210527853e-004	1.647386e+000
1.692663898027853e-004	1.646128e+000
1.695593585527853e-004	1.647097e+000
1.698523273027853e-004	1.652821e+000
1.701452960527853e-004	1.648377e+000
1.704382648027853e-004	1.651069e+000
1.707312335527853e-004	1.651218e+000
1.710242023027853e-004	1.646205e+000
1.713171710527853e-004	1.650232e+000
1.716101398027853e-004	1.647051e+000
1.719031085527853e-004	1.646162e+000
1.721960773027852e-004	1.650301e+000
1.724890460527852e-004	1.646137e+000
1.727820148027852e-004	1.649150e+000
1.730749835527852e-004	1.650231e+000
1.733679523027852e-004	1.646656e+000
1.736609210527852e-004	1.650957e+000
1.739538898027852e-004	1.648312e+000
1.742468585527852e-004	1.647383e+000
1.745398273027852e-004	1.650766e+000
1.748327960527852e-004	1.646524e+000
1.751257648027852e-004	1.648807e+000
1.754187335527852e-004	1.649515e+000
1.757117023027852e-004	1.646233e+000
1.760046710527852e-004	1.650278e+000
1.762976398027852e-004	1.648173e+000
1.765906085527852e-004	1.647589e+000
1.768835773027852e-004	1.650783e+000
1.771765460527852e-004	1.646982e+000
1.774695148027852e-004	1.648994e+000
1.777624835527851e-004	1.649521e+000
1.780554523027851e-004	1.646445e+000
1.783484210527851e-004	1.650019e+000
1.786413898027851e-004	1.648077e+000
1.789343585527851e-004	1.647568e+000
1.792273273027851e-004	1.650496e+000
1.795202960527851e-004	1.647116e+000
1.798132648027851e-004	1.648986e+000
1.801062335527851e-004	1.649484e+000
1.803992023027851e-004	1.646709e+000
1.806921710527851e-004	1.649923e+000
1.809851398027851e-004	1.648137e+000
1.812781085527851e-004	1.647656e+000
1.815710773027851e-004	1.650283e+000
1.818640460527851e-004	1.647221e+000
1.821570148027851e-004	1.648920e+000
1.824499835527851e-004	1.649377e+000
1.827429523027851e-004	1.646885e+000
1.830359210527851e-004	1.649801e+000
1.833288898027851e-004	1.648189e+000
1.836218585527850e-004	1.647758e+000
1.839148273027850e-004	1.650125e+000
1.842077960527850e-004	1.647350e+000
1.845007648027850e-004	1.648883e+000
1.847937335527850e-004	1.649288e+000
1.850867023027850e-004	1.647037e+000
1.853796710527850e-004	1.649648e+000
1.856726398027850e-004	1.648131e+000
1.859656085527850e-004	1.647742e+000
1.862585773027850e-004	1.649936e+000
1.865515460527850e-004	1.647489e+000
1.868445148027850e-004	1.648937e+000
1.871374835527850e-004	1.649304e+000
1.874304523027850e-004	1.647220e+000
1.877234210527850e-004	1.649546e+000
1.880163898027850e-004	1.648166e+000
1.883093585527850e-004	1.647818e+000
1.886023273027850e-004	1.649771e+000
1.888952960527850e-004	1.647500e+000
1.891882648027849e-004	1.648806e+000
1.894812335527849e-004	1.649192e+000
1.897742023027849e-004	1.647371e+000
1.900671710527849e-004	1.649533e+000
1.903601398027849e-004	1.648290e+000
1.906531085527849e-004	1.647926e+000
1.909460773027849e-004	1.649657e+000
1.912390460527849e-004	1.647599e+000
1.915320148027849e-004	1.648782e+000
1.918249835527849e-004	1.649128e+000
1.921179523027849e-004	1.647484e+000
1.924109210527849e-004	1.649440e+000
1.927038898027849e-004	1.648314e+000
1.929968585527849e-004	1.647987e+000
1.932898273027849e-004	1.649549e+000
1.935827960527849e-004	1.647689e+000
1.938757648027849e-004	1.648761e+000
1.941687335527849e-004	1.649071e+000
1.944617023027849e-004	1.647587e+000
1.947546710527848e-004	1.649355e+000
1.950476398027848e-004	1.648334e+000
1.953406085527848e-004	1.648041e+000
1.956335773027848e-004	1.649451e+000
1.959265460527848e-004	1.647770e+000
1.962195148027848e-004	1.648741e+000
1.965124835527848e-004	1.649020e+000
1.968054523027848e-004	1.647680e+000
1.970984210527848e-004	1.649278e+000
1.973913898027848e-004	1.648353e+000
1.976843585527848e-004	1.648090e+000
1.979773273027848e-004	1.649364e+000
1.982702960527848e-004	1.647844e+000
1.985632648027848e-004	1.648723e+000
1.988562335527848e-004	1.648973e+000
1.991492023027848e-004	1.647764e+000
1.994421710527848e-004	1.649208e+000
1.997351398027848e-004	1.648194e+000
2.000000000000000e-004	1.645563e+000
2.000264860197215e-004	1.647505e+000
2.000794580591646e-004	1.649868e+000
2.001854021380507e-004	1.647348e+000
2.003972902958229e-004	1.628470e+000
2.006902590458229e-004	1.584381e+000
2.009832277958229e-004	1.507604e+000
2.012761965458229e-004	1.397768e+000
2.015691652958229e-004	1.274542e+000
2.018621340458229e-004	1.155704e+000
2.021551027958229e-004	1.057524e+000
2.024480715458229e-004	9.830681e-001
2.027410402958229e-004	9.246272e-001
2.030340090458228e-004	8.785257e-001
2.033269777958228e-004	8.376643e-001
2.036199465458228e-004	7.993650e-001
2.039129152958228e-004	7.661191e-001
2.042058840458228e-004	7.381447e-001
2.044988527958228e-004	7.171032e-001
2.047070312500000e-004	7.059039e-001
2.050000000000000e-004	6.914728e-001
2.050292968750000e-004	6.920196e-001
2.050878906250000e-004	6.947289e-001
2.052050781250000e-004	6.993310e-001
2.054117291137111e-004	7.013611e-001
2.056171840925838e-004	7.142983e-001
2.058860390613151e-004	7.472062e-001
2.060815860296757e-004	7.561312e-001
2.062992000418538e-004	7.523388e-001
2.065547734134019e-004	7.425876e-001
2.067534343537567e-004	7.179039e-001
2.069559285388383e-004	6.932217e-001
2.071474841608038e-004	6.824181e-001
2.073878432863022e-004	6.711660e-001
2.076340233631454e-004	6.629796e-001
2.079269921131454e-004	6.580869e-001
2.082199608631454e-004	6.545739e-001
2.085129296131454e-004	6.535127e-001
2.087103959217468e-004	6.532615e-001
2.088694616768945e-004	6.527756e-001
2.090283038911085e-004	6.533684e-001
2.092624700524681e-004	6.547075e-001
2.095554388024681e-004	6.552047e-001
2.098019941031751e-004	6.562740e-001
2.099996733656889e-004	6.566879e-001
2.102062745955599e-004	6.561258e-001
2.104472206292493e-004	6.560575e-001
2.107182000444004e-004	6.556368e-001
2.110111687944004e-004	6.548291e-001
2.113041375444004e-004	6.548759e-001
2.115971062944004e-004	6.546735e-001
2.118900750444004e-004	6.549011e-001
2.121830437944004e-004	6.556324e-001
2.124106030046063e-004	6.554946e-001
2.125921550864716e-004	6.559393e-001
2.127530576343687e-004	6.565641e-001
2.129309835129443e-004	6.560685e-001
2.130931539238170e-004	6.558391e-001
2.132807977811454e-004	6.561943e-001
2.135416706982369e-004	6.555963e-001
2.137618862890435e-004	6.551583e-001
2.139936064877689e-004	6.552261e-001
2.142448438981998e-004	6.547543e-001
2.145228403319249e-004	6.546165e-001
2.148158090819249e-004	6.548833e-001
2.151087778319249e-004	6.548265e-001
2.154017465819249e-004	6.552798e-001
2.156947153319249e-004	6.555526e-001
2.159876840819249e-004	6.556325e-001
2.162806528319248e-004	6.561036e-001
2.165128417276197e-004	6.558380e-001
2.167137804685839e-004	6.556963e-001
2.169102525509065e-004	6.559879e-001
2.171208052738651e-004	6.555951e-001
2.173402981801527e-004	6.552318e-001
2.176332669301527e-004	6.553080e-001
2.179159542825217e-004	6.549593e-001
2.182089230325217e-004	6.549454e-001
2.185018917825217e-004	6.550355e-001
2.187948605325217e-004	6.548941e-001
2.190878292825217e-004	6.552283e-001
2.193807980325217e-004	6.553280e-001
2.196737667825217e-004	6.554115e-001
2.199667355325217e-004	6.557552e-001
2.202597042825217e-004	6.556254e-001
2.205526730325217e-004	6.556976e-001
2.208211212459351e-004	6.557026e-001
2.210802178473796e-004	6.553636e-001
2.213731865973796e-004	6.554016e-001
2.216661553473796e-004	6.552515e-001
2.219591240973796e-004	6.550232e-001
2.222520928473796e-004	6.551263e-001
2.225450615973796e-004	6.549737e-001
2.228380303473796e-004	6.550969e-001
2.231309990973796e-004	6.553138e-001
2.234239678473795e-004	6.552512e-001
2.237169365973795e-004	6.555296e-001
2.240099053473795e-004	6.555955e-001
2.243028740973795e-004	6.555223e-001
2.245958428473795e-004	6.556437e-001
2.248888115973795e-004	6.554183e-001
2.251817803473795e-004	6.553688e-001
2.254747490973795e-004	6.553623e-001
2.257677178473795e-004	6.550795e-001
2.260606865973795e-004	6.551418e-001
2.263536553473795e-004	6.551297e-001
2.266466240973795e-004	6.550897e-001
2.269395928473795e-004	6.552866e-001
2.272325615973795e-004	6.552384e-001
2.275255303473795e-004	6.553808e-001
2.278184990973795e-004	6.555455e-001
2.281114678473795e-004	6.554230e-001
2.284044365973795e-004	6.555380e-001
2.286974053473795e-004	6.554915e-001
2.289903740973795e-004	6.553634e-001
2.292833428473794e-004	6.554046e-001
2.295763115973794e-004	6.551977e-001
2.298692803473794e-004	6.551814e-001
2.301622490973794e-004	6.552337e-001
2.304552178473794e-004	6.550974e-001
2.307481865973794e-004	6.552383e-001
2.310411553473794e-004	6.552872e-001
2.313341240973794e-004	6.553063e-001
2.316270928473794e-004	6.554828e-001
2.319200615973794e-004	6.554152e-001
2.322130303473794e-004	6.554780e-001
2.325059990973794e-004	6.555303e-001
2.327989678473794e-004	6.553544e-001
2.330919365973794e-004	6.553889e-001
2.333849053473794e-004	6.553103e-001
2.336778740973794e-004	6.552093e-001
2.339708428473794e-004	6.552780e-001
2.342638115973794e-004	6.551669e-001
2.345567803473794e-004	6.552242e-001
2.348497490973793e-004	6.553258e-001
2.351427178473793e-004	6.552641e-001
2.354356865973793e-004	6.554062e-001
2.357286553473793e-004	6.554331e-001
2.360216240973793e-004	6.554114e-001
2.363145928473793e-004	6.555006e-001
2.366075615973793e-004	6.553817e-001
2.369005303473793e-004	6.553774e-001
2.371934990973793e-004	6.553843e-001
2.374864678473793e-004	6.552373e-001
2.377794365973793e-004	6.552827e-001
2.380724053473793e-004	6.552494e-001
2.383653740973793e-004	6.552184e-001
2.386583428473793e-004	6.553258e-001
2.389513115973793e-004	6.552758e-001
2.392442803473793e-004	6.553496e-001
2.395372490973793e-004	6.554328e-001
2.398302178473793e-004	6.553670e-001
2.401231865973793e-004	6.554503e-001
2.404161553473792e-004	6.554233e-001
2.407091240973792e-004	6.553633e-001
2.410020928473792e-004	6.554028e-001
2.412950615973792e-004	6.552902e-001
2.415880303473792e-004	6.552926e-001
2.418809990973792e-004	6.553137e-001
2.421739678473792e-004	6.552283e-001
2.424669365973792e-004	6.553065e-001
2.427599053473792e-004	6.553103e-001
2.430528740973792e-004	6.553123e-001
2.433458428473792e-004	6.554108e-001
2.436388115973792e-004	6.553643e-001
2.439317803473792e-004	6.554068e-001
2.442247490973792e-004	6.554396e-001
2.445177178473792e-004	6.553519e-001
2.448106865973793e-004	6.553895e-001
2.451036553473793e-004	6.553425e-001
2.453966240973793e-004	6.552918e-001
2.456895928473793e-004	6.553355e-001
2.459825615973793e-004	6.552631e-001
2.462755303473794e-004	6.552932e-001
2.465684990973794e-004	6.553385e-001
2.468614678473794e-004	6.552960e-001
2.471544365973794e-004	6.553752e-001
2.474474053473795e-004	6.553761e-001
2.477403740973795e-004	6.553679e-001
2.480333428473795e-004	6.554278e-001
2.483263115973795e-004	6.553624e-001
2.486192803473795e-004	6.553720e-001
2.489122490973796e-004	6.553792e-001
2.492052178473796e-004	6.553016e-001
2.494981865973796e-004	6.553356e-001
2.497911553473796e-004	6.553069e-001
2.500841240973796e-004	6.552868e-001
2.503770928473797e-004	6.553446e-001
2.506700615973797e-004	6.553054e-001
2.509630303473797e-004	6.553456e-001
2.512559990973797e-004	6.553858e-001
2.515489678473798e-004	6.553479e-001
2.518419365973798e-004	6.554011e-001
2.521349053473798e-004	6.553814e-001
2.524278740973798e-004	6.553563e-001
2.527208428473798e-004	6.553882e-001
2.530138115973799e-004	6.553240e-001
2.533067803473799e-004	6.553307e-001
2.535997490973799e-004	6.553406e-001
2.538927178473799e-004	6.552912e-001
2.541856865973800e-004	6.553365e-001
2.544786553473800e-004	6.553139e-001
2.547070312500000e-004	6.553055e-001
2.550000000000000e-004	6.555177e-001
2.550292968750000e-004	6.554930e-001
2.550878906250000e-004	6.554567e-001
2.552050781250000e-004	6.559474e-001
2.552900732902091e-004	6.574907e-001
2.554108335750994e-004	6.606082e-001
2.555226576857048e-004	6.630179e-001
2.557463059069156e-004	6.730586e-001
2.560104707608125e-004	7.152504e-001
2.563034395108126e-004	8.513113e-001
2.565295544984160e-004	1.115871e+000
2.566917226478572e-004	1.480551e+000
2.568907671679046e-004	2.041312e+000
2.570004888424133e-004	2.290472e+000
2.571346608537556e-004	2.497680e+000
2.571640917072841e-004	2.530825e+000
2.572229534143411e-004	2.567649e+000
2.573394840303155e-004	2.589914e+000
2.574132434703654e-004	2.590197e+000
2.575275072793393e-004	2.590262e+000
2.576565813225979e-004	2.591486e+000
2.578411763641219e-004	2.570801e+000
2.580416480409334e-004	2.511130e+000
2.582726762133143e-004	2.401997e+000
2.585069236550619e-004	2.218748e+000
2.587998924050619e-004	1.907060e+000
2.589967037227733e-004	1.723568e+000
2.592184883349946e-004	1.583608e+000
2.595114570849946e-004	1.482961e+000
2.597070312500000e-004	1.507434e+000
2.597615112632065e-004	1.533749e+000
2.598704712896194e-004	1.576359e+000
2.600000000000000e-004	1.596319e+000
2.600129528710381e-004	1.598691e+000
2.600388586131142e-004	1.607252e+000
2.600906700972665e-004	1.637428e+000
2.601942930655710e-004	1.707646e+000
2.603229449029020e-004	1.763239e+000
2.604575220803507e-004	1.782363e+000
2.605971486915728e-004	1.802746e+000
2.607611720100113e-004	1.828417e+000
2.609243293600880e-004	1.812622e+000
2.610992689203148e-004	1.773216e+000
2.613106298024205e-004	1.737441e+000
2.615218975815475e-004	1.684005e+000
2.617425285998827e-004	1.624481e+000
2.619837081996760e-004	1.593429e+000
2.622271192571028e-004	1.571543e+000
2.624748064798257e-004	1.568536e+000
2.627677752298257e-004	1.599573e+000
2.630607439798257e-004	1.626713e+000
2.633255879733069e-004	1.655780e+000
2.636185567233069e-004	1.682703e+000
2.639115254733069e-004	1.683626e+000
2.642044942233070e-004	1.682109e+000
2.644974629733070e-004	1.667659e+000
2.647904317233070e-004	1.646996e+000
2.650834004733070e-004	1.640123e+000
2.653763692233070e-004	1.629483e+000
2.656693379733071e-004	1.630189e+000
2.659623067233071e-004	1.640039e+000
2.662552754733071e-004	1.642244e+000
2.665482442233071e-004	1.653537e+000
2.668412129733072e-004	1.657893e+000
2.671341817233072e-004	1.654980e+000
2.674271504733072e-004	1.658455e+000
2.677201192233072e-004	1.650917e+000
2.680130879733072e-004	1.647214e+000
2.683060567233073e-004	1.648179e+000
2.685990254733073e-004	1.641859e+000
2.688919942233073e-004	1.645956e+000
2.691849629733073e-004	1.647326e+000
2.694779317233074e-004	1.645686e+000
2.697709004733074e-004	1.652275e+000
2.700638692233074e-004	1.649731e+000
2.703568379733074e-004	1.649964e+000
2.706498067233074e-004	1.652739e+000
2.709427754733075e-004	1.647086e+000
2.712357442233075e-004	1.649464e+000
2.715287129733075e-004	1.648708e+000
2.718216817233075e-004	1.645330e+000
2.721146504733076e-004	1.650029e+000
2.724076192233076e-004	1.647346e+000
2.727005879733076e-004	1.647971e+000
2.729935567233076e-004	1.651361e+000
2.732865254733076e-004	1.647232e+000
2.735794942233077e-004	1.650140e+000
2.738724629733077e-004	1.649802e+000
2.741654317233077e-004	1.646690e+000
2.744584004733077e-004	1.650576e+000
2.747513692233077e-004	1.647667e+000
2.750443379733078e-004	1.647813e+000
2.753373067233078e-004	1.650618e+000
2.756302754733078e-004	1.646842e+000
2.759232442233078e-004	1.649603e+000
2.762162129733079e-004	1.649514e+000
2.765091817233079e-004	1.646933e+000
2.768021504733079e-004	1.650606e+000
2.770951192233079e-004	1.648035e+000
2.773880879733079e-004	1.648139e+000
2.776810567233080e-004	1.650573e+000
2.779740254733080e-004	1.647044e+000
2.782669942233080e-004	1.649449e+000
2.785599629733080e-004	1.649314e+000
2.788529317233081e-004	1.646985e+000
2.791459004733081e-004	1.650343e+000
2.794388692233081e-004	1.648071e+000
2.797318379733081e-004	1.648223e+000
2.800248067233081e-004	1.650453e+000
2.803177754733082e-004	1.647271e+000
2.806107442233082e-004	1.649435e+000
2.809037129733082e-004	1.649283e+000
2.811966817233082e-004	1.647155e+000
2.814896504733083e-004	1.650170e+000
2.817826192233083e-004	1.648105e+000
2.820755879733083e-004	1.648249e+000
2.823685567233083e-004	1.650272e+000
2.826615254733083e-004	1.647410e+000
2.829544942233084e-004	1.649379e+000
2.832474629733084e-004	1.649243e+000
2.835404317233084e-004	1.647324e+000
2.838334004733084e-004	1.650046e+000
2.841263692233085e-004	1.648171e+000
2.844193379733085e-004	1.648299e+000
2.847123067233085e-004	1.650120e+000
2.850052754733085e-004	1.647531e+000
2.852982442233085e-004	1.649315e+000
2.855912129733086e-004	1.649191e+000
2.858841817233086e-004	1.647490e+000
2.861771504733086e-004	1.650012e+000
2.864701192233086e-004	1.648324e+000
2.867630879733086e-004	1.648389e+000
2.870560567233087e-004	1.649969e+000
2.873490254733087e-004	1.647592e+000
2.876419942233087e-004	1.649253e+000
2.879349629733087e-004	1.649197e+000
2.882279317233088e-004	1.647644e+000
2.885209004733088e-004	1.649869e+000
2.888138692233088e-004	1.648284e+000
2.891068379733088e-004	1.648339e+000
2.893998067233088e-004	1.649816e+000
2.896927754733089e-004	1.647700e+000
2.899857442233089e-004	1.649208e+000
2.902787129733089e-004	1.649154e+000
2.905716817233089e-004	1.647753e+000
2.908646504733090e-004	1.649764e+000
2.911576192233090e-004	1.648328e+000
2.914505879733090e-004	1.648380e+000
2.917435567233090e-004	1.649712e+000
2.920365254733090e-004	1.647800e+000
2.923294942233091e-004	1.649166e+000
2.926224629733091e-004	1.649116e+000
2.929154317233091e-004	1.647851e+000
2.932084004733091e-004	1.649668e+000
2.935013692233092e-004	1.648368e+000
2.937943379733092e-004	1.648417e+000
2.940873067233092e-004	1.649620e+000
2.943802754733092e-004	1.647892e+000
2.946732442233092e-004	1.649128e+000
2.949662129733093e-004	1.649081e+000
2.952591817233093e-004	1.647939e+000
2.955521504733093e-004	1.649581e+000
2.958451192233093e-004	1.648404e+000
2.961380879733093e-004	1.648451e+000
2.964310567233094e-004	1.649536e+000
2.967240254733094e-004	1.647974e+000
2.970169942233094e-004	1.649094e+000
2.973099629733094e-004	1.649049e+000
2.976029317233095e-004	1.648018e+000
2.978959004733095e-004	1.649503e+000
2.981888692233095e-004	1.648437e+000
2.984818379733095e-004	1.648481e+000
2.987748067233095e-004	1.649460e+000
2.990677754733096e-004	1.648049e+000
2.993607442233096e-004	1.649063e+000
2.996537129733096e-004	1.648762e+000
2.997070312500000e-004	1.647381e+000
2.998136678033807e-004	1.646380e+000
3.000000000000000e-004	1.652200e+000
