time	V(receiver)
0.000000000000000e+000	1.648115e+000
4.882812470324849e-012	1.648115e+000
9.765624940649698e-012	1.648115e+000
1.098632805823091e-011	1.648115e+000
1.010986328058231e-009	1.648115e+000
2.010986328058231e-009	1.648115e+000
4.010986328058231e-009	1.648115e+000
8.010986328058231e-009	1.648115e+000
1.601098632805823e-008	1.648115e+000
3.201098632805823e-008	1.648106e+000
6.401098632805824e-008	1.647997e+000
1.280109863280582e-007	1.647077e+000
2.560109863280583e-007	1.642827e+000
5.120109863280583e-007	1.632562e+000
8.411500156847340e-007	1.626103e+000
1.242450545217472e-006	1.630279e+000
1.438683646304396e-006	1.636497e+000
1.602028632422260e-006	1.643265e+000
1.767347176508572e-006	1.650094e+000
1.934026690819526e-006	1.656442e+000
2.131115530068462e-006	1.663073e+000
2.380323437320394e-006	1.669099e+000
2.692296050853284e-006	1.672463e+000
2.935921555437038e-006	1.671865e+000
3.131355013290085e-006	1.668841e+000
3.339992965864483e-006	1.663454e+000
3.528386789794733e-006	1.657461e+000
3.786369301840441e-006	1.648370e+000
4.049127342190809e-006	1.639358e+000
4.384208900792753e-006	1.630094e+000
4.628536460022509e-006	1.626279e+000
5.000000000000000e-006	1.624396e+000
5.037146353997749e-006	1.624885e+000
5.111439061993248e-006	1.626035e+000
5.260024477984245e-006	1.628863e+000
5.441925865333366e-006	1.633192e+000
5.607525089157131e-006	1.638115e+000
5.769047565946657e-006	1.643559e+000
5.931512210043624e-006	1.649083e+000
6.137924408480943e-006	1.655758e+000
6.386968954108423e-006	1.662502e+000
6.717580004467920e-006	1.668342e+000
6.943634837855375e-006	1.669860e+000
7.133736645329713e-006	1.669061e+000
7.329964648466639e-006	1.666243e+000
7.556978581553738e-006	1.661110e+000
7.818806355105494e-006	1.653728e+000
8.116881404246188e-006	1.644681e+000
8.462258533843818e-006	1.635899e+000
8.921830649615992e-006	1.628823e+000
9.172235055562404e-006	1.627969e+000
9.346815897162247e-006	1.629432e+000
9.505874676956540e-006	1.632013e+000
9.666798783064302e-006	1.635433e+000
9.829554225660173e-006	1.639651e+000
1.000150529824347e-005	1.644671e+000
1.023618495279144e-005	1.651503e+000
1.051337285475997e-005	1.658787e+000
1.075989670819504e-005	1.663924e+000
1.096266143605486e-005	1.666442e+000
1.117704388202020e-005	1.667192e+000
1.138778590523014e-005	1.666028e+000
1.165192866158051e-005	1.662076e+000
1.193047108670641e-005	1.655834e+000
1.226894731097275e-005	1.647045e+000
1.266154653238244e-005	1.637506e+000
1.297877005069534e-005	1.631899e+000
1.318578859452984e-005	1.630031e+000
1.335903070041162e-005	1.629853e+000
1.351941023712337e-005	1.630897e+000
1.368004349344680e-005	1.632984e+000
1.384171882374523e-005	1.635876e+000
1.402746767792373e-005	1.640052e+000
1.426830142894464e-005	1.646224e+000
1.458002305827061e-005	1.654183e+000
1.480430349247577e-005	1.659262e+000
1.500776239143790e-005	1.662786e+000
1.522151552087419e-005	1.664843e+000
1.547155345022390e-005	1.665036e+000
1.574867421752437e-005	1.662632e+000
1.606712648171214e-005	1.657009e+000
1.643574325407069e-005	1.648592e+000
1.685456007913625e-005	1.638932e+000
1.708959730079845e-005	1.634479e+000
1.726938281322023e-005	1.632274e+000
1.743302238180590e-005	1.631304e+000
1.759322193059872e-005	1.631285e+000
1.775505797962521e-005	1.632290e+000
1.791503623478576e-005	1.634290e+000
1.813417451667370e-005	1.638197e+000
1.839758782934163e-005	1.644018e+000
1.862965979523775e-005	1.649690e+000
1.883126876594422e-005	1.654456e+000
1.903934747242955e-005	1.658686e+000
1.928339604949708e-005	1.662271e+000
1.955192607772663e-005	1.663934e+000
1.985886101446648e-005	1.662752e+000
2.020356095473905e-005	1.657995e+000
2.064798619190973e-005	1.648773e+000
2.094259209302676e-005	1.642095e+000
2.114524726579209e-005	1.637877e+000
2.132307753547663e-005	1.634897e+000
2.148332324979928e-005	1.633074e+000
2.164198496243426e-005	1.632158e+000
2.180129155244628e-005	1.632096e+000
2.196584356566840e-005	1.633090e+000
2.219775272438087e-005	1.636083e+000
2.248181370958185e-005	1.641312e+000
2.270581640696084e-005	1.646297e+000
2.293973091500665e-005	1.651767e+000
2.318555845870996e-005	1.656891e+000
2.346372834142199e-005	1.661132e+000
2.376690739368312e-005	1.663116e+000
2.411743127100600e-005	1.661519e+000
2.455004201793764e-005	1.655274e+000
2.486437375840621e-005	1.648734e+000
2.507849686501668e-005	1.643824e+000
2.526516919928731e-005	1.639848e+000
2.543615695550863e-005	1.636733e+000
2.559470462930860e-005	1.634487e+000
2.575432835353032e-005	1.633057e+000
2.590945797387605e-005	1.632570e+000
2.610362163114029e-005	1.633255e+000
2.638893654649544e-005	1.636273e+000
2.662027561207657e-005	1.640203e+000
2.686796390191936e-005	1.645480e+000
2.712440960095714e-005	1.651241e+000
2.741131185524068e-005	1.656998e+000
2.772121560303408e-005	1.661174e+000
2.807997057978551e-005	1.662303e+000
2.852782010755335e-005	1.658747e+000
2.884018856171279e-005	1.653528e+000
2.905658730432394e-005	1.648849e+000
2.924889534173215e-005	1.644472e+000
2.942856162675578e-005	1.640611e+000
2.958630904866344e-005	1.637690e+000
2.973849112830072e-005	1.635429e+000
2.988999061969719e-005	1.633809e+000
3.003385730847004e-005	1.633099e+000
3.026507236165083e-005	1.633499e+000
3.050196587454949e-005	1.635537e+000
3.075045766830365e-005	1.639365e+000
3.101886163127742e-005	1.644786e+000
3.130589575511432e-005	1.651006e+000
3.162169538374975e-005	1.657025e+000
3.197523598736496e-005	1.661063e+000
3.241531103158845e-005	1.661413e+000
3.275738766782608e-005	1.658155e+000
3.298853687228585e-005	1.654135e+000
3.319047482327277e-005	1.649835e+000
3.338419557939918e-005	1.645539e+000
3.356079040538733e-005	1.641758e+000
3.371806851429671e-005	1.638752e+000
3.387567810374588e-005	1.636325e+000
3.403953782630143e-005	1.634615e+000
3.427329115135658e-005	1.633684e+000
3.454306761941762e-005	1.634700e+000
3.481122213112024e-005	1.637822e+000
3.510521575613037e-005	1.643059e+000
3.540898470779513e-005	1.649352e+000
3.575263147707543e-005	1.655849e+000
3.614316260202260e-005	1.660290e+000
3.663144385202260e-005	1.660830e+000
3.690710770110463e-005	1.658353e+000
3.711665232810335e-005	1.654899e+000
3.732088730974799e-005	1.650789e+000
3.752219449413604e-005	1.646464e+000
3.772081946495444e-005	1.642375e+000
3.792955406815941e-005	1.638750e+000
3.819416561796092e-005	1.635542e+000
3.844787361981845e-005	1.634333e+000
3.872837186323330e-005	1.635379e+000
3.902655130958750e-005	1.638855e+000
3.934066235032996e-005	1.644391e+000
3.968436918585452e-005	1.651108e+000
4.007955384657964e-005	1.657286e+000
4.056783509657964e-005	1.660988e+000
4.085768113088786e-005	1.660364e+000
4.107902057377752e-005	1.657992e+000
4.129627749739976e-005	1.654482e+000
4.151836660868216e-005	1.650184e+000
4.175794650115642e-005	1.645357e+000
4.199664326096148e-005	1.641000e+000
4.227778791770004e-005	1.637146e+000
4.255905523935074e-005	1.635333e+000
4.288706138377602e-005	1.636040e+000
4.319230136395524e-005	1.639238e+000
4.354531151910803e-005	1.645100e+000
4.391450362588791e-005	1.651665e+000
4.440278487588792e-005	1.658453e+000
4.474551590928953e-005	1.660604e+000
4.499068896791630e-005	1.660001e+000
4.521992846688687e-005	1.657805e+000
4.545923842315450e-005	1.654258e+000
4.571800250891663e-005	1.649594e+000
4.598410663938427e-005	1.644689e+000
4.628813503734878e-005	1.639874e+000
4.658146982889274e-005	1.636965e+000
4.693122347784771e-005	1.636307e+000
4.724661929404697e-005	1.638417e+000
4.762058994699617e-005	1.643571e+000
4.801191017464312e-005	1.650017e+000
4.850019142464313e-005	1.656999e+000
4.881515224153399e-005	1.659561e+000
4.905996508762098e-005	1.659647e+000
4.930518690232928e-005	1.658010e+000
4.958834979693370e-005	1.654528e+000
4.985859481408524e-005	1.650213e+000
5.023571081419355e-005	1.643941e+000
5.054542911524416e-005	1.639731e+000
5.086105670831428e-005	1.637417e+000
5.121243477654257e-005	1.637652e+000
5.156780040250668e-005	1.640720e+000
5.198939607614976e-005	1.646630e+000
5.247767732614976e-005	1.653851e+000
5.280885046431922e-005	1.657532e+000
5.306677341309704e-005	1.658780e+000
5.332759626835151e-005	1.658259e+000
5.362371464363468e-005	1.655823e+000
5.392360359456985e-005	1.651915e+000
5.431063737399951e-005	1.645963e+000
5.453336871282977e-005	1.642532e+000
5.455453732233948e-005	1.642230e+000
5.459687454135891e-005	1.641679e+000
5.468154897939777e-005	1.640676e+000
5.483065112392229e-005	1.639220e+000
5.500000000000000e-005	1.637919e+000
5.501693488760778e-005	1.637847e+000
5.505080466282332e-005	1.637726e+000
5.511854421325441e-005	1.637586e+000
5.525402331411658e-005	1.637712e+000
5.552498151584093e-005	1.639319e+000
5.601326276584093e-005	1.644725e+000
5.650154401584093e-005	1.651344e+000
5.683585508781838e-005	1.655378e+000
5.710533602446662e-005	1.657314e+000
5.739109932158970e-005	1.657575e+000
5.770164362489995e-005	1.655861e+000
5.806319435891398e-005	1.651932e+000
5.842698263497670e-005	1.647003e+000
5.876843084189944e-005	1.642758e+000
5.915567127239324e-005	1.639778e+000
5.952295473359279e-005	1.638877e+000
5.953960111680111e-005	1.638913e+000
5.957289388321776e-005	1.639082e+000
5.963947941605106e-005	1.639535e+000
5.977265048171767e-005	1.641730e+000
6.000000000000000e-005	1.648456e+000
6.002273495182823e-005	1.649722e+000
6.006820485548470e-005	1.651574e+000
6.015914466279764e-005	1.652259e+000
6.034102427742350e-005	1.650976e+000
6.068845960095457e-005	1.652377e+000
6.114094549133978e-005	1.653720e+000
6.162922674133978e-005	1.651895e+000
6.211750799133978e-005	1.649177e+000
6.260578924133978e-005	1.645279e+000
6.309407049133978e-005	1.643441e+000
6.358235174133978e-005	1.643634e+000
6.407063299133978e-005	1.645912e+000
6.455891424133978e-005	1.649674e+000
6.504719549133978e-005	1.651946e+000
6.553547674133978e-005	1.653043e+000
6.602375799133978e-005	1.651156e+000
6.651203924133978e-005	1.648108e+000
6.700032049133978e-005	1.645193e+000
6.748860174133978e-005	1.643333e+000
6.797688299133978e-005	1.644459e+000
6.846516424133978e-005	1.646656e+000
6.895344549133978e-005	1.650081e+000
6.944172674133978e-005	1.652213e+000
6.993000799133978e-005	1.652258e+000
7.041828924133979e-005	1.650674e+000
7.090657049133979e-005	1.647276e+000
7.139485174133979e-005	1.644994e+000
7.188313299133979e-005	1.643730e+000
7.237141424133979e-005	1.644896e+000
7.285969549133979e-005	1.647650e+000
7.334797674133979e-005	1.650231e+000
7.383625799133979e-005	1.652306e+000
7.432453924133979e-005	1.651690e+000
7.481282049133979e-005	1.649865e+000
7.530110174133979e-005	1.646945e+000
7.578938299133979e-005	1.644610e+000
7.627766424133979e-005	1.644342e+000
7.676594549133979e-005	1.645380e+000
7.725422674133979e-005	1.648320e+000
7.774250799133979e-005	1.650615e+000
7.823078924133979e-005	1.651932e+000
7.871907049133979e-005	1.651392e+000
7.920735174133979e-005	1.648970e+000
7.969563299133979e-005	1.646672e+000
8.018391424133979e-005	1.644549e+000
8.067219549133979e-005	1.644671e+000
8.116047674133979e-005	1.646194e+000
8.164875799133980e-005	1.648617e+000
8.213703924133980e-005	1.651033e+000
8.262532049133980e-005	1.651523e+000
8.311360174133980e-005	1.650886e+000
8.360188299133980e-005	1.648455e+000
8.409016424133980e-005	1.646164e+000
8.457844549133980e-005	1.644855e+000
8.506672674133980e-005	1.644897e+000
8.555500799133980e-005	1.646941e+000
8.604328924133980e-005	1.649012e+000
8.653157049133980e-005	1.651056e+000
8.701985174133980e-005	1.651378e+000
8.750813299133980e-005	1.650124e+000
8.799641424133980e-005	1.648149e+000
8.848469549133980e-005	1.645776e+000
8.897297674133980e-005	1.645061e+000
8.946125799133980e-005	1.645416e+000
8.994953924133980e-005	1.647331e+000
9.043782049133980e-005	1.649573e+000
9.092610174133980e-005	1.650856e+000
9.141438299133980e-005	1.651176e+000
9.190266424133980e-005	1.649546e+000
9.239094549133980e-005	1.647656e+000
9.287922674133981e-005	1.645770e+000
9.336750799133981e-005	1.645084e+000
9.385578924133981e-005	1.646076e+000
9.434407049133981e-005	1.647676e+000
9.483235174133981e-005	1.649900e+000
9.532063299133981e-005	1.650828e+000
9.580891424133981e-005	1.650670e+000
9.629719549133981e-005	1.649237e+000
9.678547674133981e-005	1.647105e+000
9.727375799133981e-005	1.645842e+000
9.776203924133981e-005	1.645289e+000
9.825032049133981e-005	1.646493e+000
9.873860174133981e-005	1.648225e+000
9.922688299133981e-005	1.650250e+000
9.951171875000000e-005	1.651044e+000
1.000000000000000e-004	1.649140e+000
1.000488281250000e-004	1.649436e+000
1.001464843750000e-004	1.648885e+000
1.003417968750000e-004	1.644764e+000
1.006452416462412e-004	1.640756e+000
1.009951740326627e-004	1.642189e+000
1.012665118346029e-004	1.643323e+000
1.015054581112970e-004	1.645284e+000
1.017385646958869e-004	1.648839e+000
1.019756094908460e-004	1.650406e+000
1.022255811223281e-004	1.652117e+000
1.025052308327074e-004	1.654544e+000
1.027767416694070e-004	1.654215e+000
1.030649087720164e-004	1.653638e+000
1.033898939890624e-004	1.652157e+000
1.037105581938490e-004	1.648860e+000
1.040751469835255e-004	1.646142e+000
1.044802458037653e-004	1.641967e+000
1.045117187500000e-004	1.641306e+000
1.045746646424695e-004	1.640591e+000
1.047005564274085e-004	1.642134e+000
1.047482164301220e-004	1.642970e+000
1.048435364355491e-004	1.643123e+000
1.050000000000000e-004	1.640486e+000
1.050156463564451e-004	1.640170e+000
1.050469390693353e-004	1.639897e+000
1.051095244951156e-004	1.640581e+000
1.052346953466764e-004	1.642724e+000
1.054850370497978e-004	1.644466e+000
1.057854957861416e-004	1.646242e+000
1.060565885160335e-004	1.649279e+000
1.063315393319129e-004	1.651276e+000
1.067347933091478e-004	1.653152e+000
1.070754050122605e-004	1.653878e+000
1.074415320846967e-004	1.652313e+000
1.077739076878115e-004	1.650554e+000
1.081635441263390e-004	1.647611e+000
1.086017606727723e-004	1.644460e+000
1.090237730855757e-004	1.643079e+000
1.093068090219295e-004	1.642425e+000
1.095553878220897e-004	1.643523e+000
1.098208564042718e-004	1.645371e+000
1.101072238845096e-004	1.646887e+000
1.104233463789632e-004	1.649695e+000
1.107630745605183e-004	1.651744e+000
1.110843744964424e-004	1.652691e+000
1.114569104482280e-004	1.653157e+000
1.117985869167451e-004	1.651639e+000
1.122088208408620e-004	1.649155e+000
1.126777904216868e-004	1.645951e+000
1.130779018472506e-004	1.643738e+000
1.133611400656845e-004	1.643415e+000
1.136246432148360e-004	1.643252e+000
1.139391175834985e-004	1.644409e+000
1.142348757633249e-004	1.646486e+000
1.146640230054959e-004	1.649010e+000
1.150113938032590e-004	1.651457e+000
1.153517291305219e-004	1.652618e+000
1.157283697966800e-004	1.652515e+000
1.161126982301593e-004	1.651444e+000
1.165948875143628e-004	1.648318e+000
1.170831687643628e-004	1.645572e+000
1.173990532745280e-004	1.643786e+000
1.176739999099066e-004	1.643116e+000
1.180009006521028e-004	1.644007e+000
1.183218245654354e-004	1.645212e+000
1.188101058154354e-004	1.648362e+000
1.191990287064106e-004	1.650721e+000
1.195692337672523e-004	1.652076e+000
1.199605708125131e-004	1.652613e+000
1.203925790463099e-004	1.651118e+000
1.208808602963099e-004	1.648495e+000
1.212446924969425e-004	1.646004e+000
1.215393153324558e-004	1.644243e+000
1.218509296899730e-004	1.643745e+000
1.221851299333723e-004	1.643790e+000
1.226013900704361e-004	1.645345e+000
1.229959943811691e-004	1.647807e+000
1.233656723223997e-004	1.649931e+000
1.237730445768757e-004	1.652028e+000
1.241765943411793e-004	1.652397e+000
1.246648755911793e-004	1.650992e+000
1.251531568411793e-004	1.648262e+000
1.254905271945008e-004	1.645965e+000
1.258027617880529e-004	1.644634e+000
1.261544593403865e-004	1.643719e+000
1.265569226683314e-004	1.644140e+000
1.269842380195231e-004	1.646161e+000
1.273713879733023e-004	1.648371e+000
1.277970150434275e-004	1.651010e+000
1.282085835533922e-004	1.652196e+000
1.286968648033922e-004	1.651739e+000
1.291851460533922e-004	1.649626e+000
1.295340573051011e-004	1.647326e+000
1.298666051591410e-004	1.645577e+000
1.302337849175465e-004	1.644163e+000
1.306848067751470e-004	1.644067e+000
1.311730880251470e-004	1.645878e+000
1.316125842028179e-004	1.648293e+000
1.320414252571694e-004	1.650805e+000
1.325057211273713e-004	1.652019e+000
1.329940023773713e-004	1.651658e+000
1.333950476084238e-004	1.649880e+000
1.337405655500708e-004	1.647648e+000
1.341360044319532e-004	1.645607e+000
1.345339390018952e-004	1.644211e+000
1.350222202518952e-004	1.644440e+000
1.354511391718571e-004	1.646078e+000
1.359109517895721e-004	1.648610e+000
1.363484370838019e-004	1.650949e+000
1.368367183338019e-004	1.651890e+000
1.373249995838019e-004	1.651294e+000
1.377017263579280e-004	1.649506e+000
1.381302193594596e-004	1.646920e+000
1.385181003448589e-004	1.645220e+000
1.390063815948589e-004	1.644239e+000
1.394946628448589e-004	1.645307e+000
1.399472671236380e-004	1.647409e+000
1.404177507319243e-004	1.649893e+000
1.409060319819243e-004	1.651602e+000
1.413943132319243e-004	1.651485e+000
1.417871055792601e-004	1.650276e+000
1.422274982348517e-004	1.647833e+000
1.426460984014216e-004	1.645778e+000
1.431343796514216e-004	1.644598e+000
1.436226609014216e-004	1.644974e+000
1.440902045432310e-004	1.646922e+000
1.445784857932310e-004	1.649291e+000
1.450667670432310e-004	1.651164e+000
1.455550482932310e-004	1.651433e+000
1.459699095197816e-004	1.650321e+000
1.464164991033983e-004	1.648329e+000
1.469025694686329e-004	1.645972e+000
1.473908507186329e-004	1.644865e+000
1.478791319686329e-004	1.645217e+000
1.483621846332119e-004	1.647001e+000
1.488504658832119e-004	1.649313e+000
1.493387471332119e-004	1.650874e+000
1.498270283832119e-004	1.651215e+000
1.502841981212514e-004	1.649964e+000
1.507495764958135e-004	1.647986e+000
1.512378577458135e-004	1.645987e+000
1.517261389958135e-004	1.645026e+000
1.522144202458135e-004	1.645669e+000
1.527027014958135e-004	1.647334e+000
1.531909827458135e-004	1.649473e+000
1.536792639958135e-004	1.650762e+000
1.541675452458135e-004	1.650886e+000
1.545365242707554e-004	1.649997e+000
1.550000000000000e-004	1.647378e+000
1.550463475729245e-004	1.647457e+000
1.551390427187734e-004	1.647441e+000
1.553244330104712e-004	1.646775e+000
1.556952135938669e-004	1.645549e+000
1.561834948438669e-004	1.645437e+000
1.566717760938669e-004	1.646434e+000
1.571600573438669e-004	1.648283e+000
1.576483385938669e-004	1.649959e+000
1.581366198438669e-004	1.650626e+000
1.586249010938669e-004	1.650081e+000
1.591131823438669e-004	1.648398e+000
1.595117187500000e-004	1.646892e+000
1.600000000000000e-004	1.645063e+000
1.600488281250000e-004	1.644837e+000
1.601464843750000e-004	1.644958e+000
1.603417968750000e-004	1.646102e+000
1.607324218750000e-004	1.647671e+000
1.612207031250000e-004	1.648597e+000
1.617089843750000e-004	1.649335e+000
1.621972656250000e-004	1.649369e+000
1.626855468750000e-004	1.648913e+000
1.631738281250000e-004	1.648066e+000
1.636621093750000e-004	1.647226e+000
1.641503906250000e-004	1.646942e+000
1.646386718750000e-004	1.647100e+000
1.651269531250000e-004	1.647882e+000
1.656152343750000e-004	1.648672e+000
1.661035156250000e-004	1.649214e+000
1.665917968750000e-004	1.649252e+000
1.670800781250000e-004	1.648645e+000
1.675683593750000e-004	1.647926e+000
1.680566406250000e-004	1.647189e+000
1.685449218750000e-004	1.647014e+000
1.690332031250000e-004	1.647349e+000
1.695214843750000e-004	1.648022e+000
1.700097656250000e-004	1.648824e+000
1.704980468750000e-004	1.649149e+000
1.709863281250000e-004	1.649090e+000
1.714746093750000e-004	1.648472e+000
1.719628906250000e-004	1.647726e+000
1.724511718750000e-004	1.647213e+000
1.729394531250000e-004	1.647066e+000
1.734277343750000e-004	1.647546e+000
1.739160156250000e-004	1.648179e+000
1.744042968750000e-004	1.648860e+000
1.748925781250000e-004	1.649137e+000
1.753808593750000e-004	1.648887e+000
1.758691406250000e-004	1.648345e+000
1.763574218750000e-004	1.647591e+000
1.768457031250000e-004	1.647216e+000
1.773339843750000e-004	1.647200e+000
1.778222656250000e-004	1.647663e+000
1.783105468750000e-004	1.648361e+000
1.787988281250000e-004	1.648855e+000
1.792871093750000e-004	1.649085e+000
1.797753906250000e-004	1.648735e+000
1.802636718750000e-004	1.648170e+000
1.807519531250000e-004	1.647554e+000
1.812402343750000e-004	1.647200e+000
1.817285156250000e-004	1.647365e+000
1.822167968750000e-004	1.647794e+000
1.827050781250000e-004	1.648472e+000
1.831933593750000e-004	1.648889e+000
1.836816406250000e-004	1.648957e+000
1.841699218750000e-004	1.648633e+000
1.846582031250000e-004	1.648000e+000
1.851464843750000e-004	1.647525e+000
1.856347656250000e-004	1.647249e+000
1.861230468750000e-004	1.647473e+000
1.866113281250000e-004	1.647971e+000
1.870996093750000e-004	1.648516e+000
1.875878906250000e-004	1.648917e+000
1.880761718750000e-004	1.648835e+000
1.885644531250000e-004	1.648497e+000
1.890527343750000e-004	1.647907e+000
1.895410156250000e-004	1.647462e+000
1.900292968750000e-004	1.647354e+000
1.905175781250000e-004	1.647563e+000
1.910058593750000e-004	1.648118e+000
1.914941406250000e-004	1.648576e+000
1.919824218750000e-004	1.648872e+000
1.924707031250000e-004	1.648762e+000
1.929589843750000e-004	1.648330e+000
1.934472656250000e-004	1.647852e+000
1.939355468750000e-004	1.647432e+000
1.944238281250000e-004	1.647435e+000
1.949121093750000e-004	1.647700e+000
1.954003906250000e-004	1.648197e+000
1.958886718750000e-004	1.648654e+000
1.963769531250000e-004	1.648795e+000
1.968652343750000e-004	1.648677e+000
1.973535156250000e-004	1.648208e+000
1.978417968750000e-004	1.647768e+000
1.983300781250000e-004	1.647470e+000
1.988183593750000e-004	1.647484e+000
1.993066406250000e-004	1.647843e+000
1.995117187500000e-004	1.647805e+000
1.995898437500000e-004	1.647888e+000
1.997460937500001e-004	1.648301e+000
2.000000000000000e-004	1.648645e+000
2.000253906250000e-004	1.648529e+000
2.000761718750000e-004	1.648123e+000
2.001777343750000e-004	1.646518e+000
2.003808593749999e-004	1.643749e+000
2.007871093749998e-004	1.643633e+000
2.011363733766682e-004	1.645754e+000
2.014197203108489e-004	1.647637e+000
2.016879528348256e-004	1.650015e+000
2.020010225530805e-004	1.651921e+000
2.022894172194536e-004	1.652576e+000
2.026816663966530e-004	1.652860e+000
2.030163286519006e-004	1.651359e+000
2.033480779869222e-004	1.649353e+000
2.037171740776714e-004	1.646995e+000
2.040865937423331e-004	1.644691e+000
2.045337546558209e-004	1.643797e+000
2.050000000000000e-004	1.643279e+000
2.050466245344179e-004	1.643346e+000
2.051398736032538e-004	1.644135e+000
2.053263717409254e-004	1.645930e+000
2.056201839221566e-004	1.647633e+000
2.059538869161753e-004	1.649749e+000
2.062727525945990e-004	1.651501e+000
2.066554057905333e-004	1.652130e+000
2.070174996273063e-004	1.651983e+000
2.073665778698642e-004	1.650602e+000
2.077546706708113e-004	1.648330e+000
2.081365533873826e-004	1.646373e+000
2.086097557535359e-004	1.644565e+000
2.090980370035359e-004	1.644570e+000
2.094265114730852e-004	1.645291e+000
2.097117567541758e-004	1.646578e+000
2.100565596819885e-004	1.648773e+000
2.103826333831476e-004	1.650227e+000
2.108709146331476e-004	1.651637e+000
2.112540135748716e-004	1.651534e+000
2.116242275230503e-004	1.650292e+000
2.120255446510521e-004	1.648545e+000
2.124597860856535e-004	1.646375e+000
2.129480673356535e-004	1.644954e+000
2.133304100514533e-004	1.644667e+000
2.136389249186068e-004	1.645237e+000
2.139651457985219e-004	1.646773e+000
2.143124711082208e-004	1.648362e+000
2.147678247169162e-004	1.650323e+000
2.151771734328810e-004	1.651301e+000
2.155607102126328e-004	1.651059e+000
2.159776321095462e-004	1.650000e+000
2.164067648274267e-004	1.648070e+000
2.168950460774267e-004	1.646097e+000
2.173147251785192e-004	1.644983e+000
2.176443902157716e-004	1.644864e+000
2.179851493427536e-004	1.645798e+000
2.183493905739936e-004	1.647147e+000
2.188376180120815e-004	1.649287e+000
2.192697517329919e-004	1.650711e+000
2.196719162953306e-004	1.651036e+000
2.201032914635068e-004	1.650443e+000
2.205633299578443e-004	1.648700e+000
2.210516112078443e-004	1.646742e+000
2.214515959624272e-004	1.645411e+000
2.217942227328882e-004	1.644970e+000
2.221881868354807e-004	1.645634e+000
2.225795342268791e-004	1.646848e+000
2.230678154768791e-004	1.648953e+000
2.234949315380665e-004	1.650394e+000
2.239540686963456e-004	1.650928e+000
2.243865857911151e-004	1.650414e+000
2.248748670411151e-004	1.648638e+000
2.253631482911151e-004	1.646758e+000
2.257363120923103e-004	1.645534e+000
2.261156215920770e-004	1.645115e+000
2.265159220463048e-004	1.645806e+000
2.270042032963048e-004	1.647378e+000
2.274924845463048e-004	1.649390e+000
2.279502469769099e-004	1.650617e+000
2.284100828503542e-004	1.650763e+000
2.288983641003542e-004	1.649699e+000
2.293866453503542e-004	1.647754e+000
2.297816235000044e-004	1.646344e+000
2.302246344341422e-004	1.645289e+000
2.306275189157590e-004	1.645422e+000
2.311158001657590e-004	1.646770e+000
2.316040814157590e-004	1.648616e+000
2.320744823760197e-004	1.650253e+000
2.325537648421481e-004	1.650766e+000
2.330420460921481e-004	1.650094e+000
2.335303273421481e-004	1.648355e+000
2.339402777800128e-004	1.646742e+000
2.343888696411906e-004	1.645611e+000
2.348408379777157e-004	1.645412e+000
2.353291192277157e-004	1.646569e+000
2.358174004777157e-004	1.648340e+000
2.362983076381467e-004	1.649995e+000
2.367865888881467e-004	1.650740e+000
2.372748701381467e-004	1.650117e+000
2.377631513881467e-004	1.648594e+000
2.382368173836117e-004	1.646735e+000
2.386780193583957e-004	1.645656e+000
2.391663006083957e-004	1.645601e+000
2.396545818583957e-004	1.646710e+000
2.401428631083957e-004	1.648541e+000
2.406311443583957e-004	1.650035e+000
2.411194256083957e-004	1.650655e+000
2.416077068583957e-004	1.649927e+000
2.420959881083957e-004	1.648339e+000
2.425557574264681e-004	1.646730e+000
2.430440386764681e-004	1.645643e+000
2.435323199264681e-004	1.645851e+000
2.440206011764681e-004	1.647053e+000
2.445088824264681e-004	1.648818e+000
2.449971636764681e-004	1.650161e+000
2.454854449264681e-004	1.650455e+000
2.459737261764681e-004	1.649637e+000
2.464620074264681e-004	1.647986e+000
2.469502886764681e-004	1.646489e+000
2.474385699264681e-004	1.645717e+000
2.479268511764681e-004	1.646153e+000
2.484151324264681e-004	1.647533e+000
2.489034136764681e-004	1.649109e+000
2.493916949264681e-004	1.650234e+000
2.498799761764681e-004	1.650196e+000
2.503682574264681e-004	1.649190e+000
2.508565386764681e-004	1.647618e+000
2.513448199264681e-004	1.646292e+000
2.518331011764681e-004	1.645908e+000
2.523213824264681e-004	1.646519e+000
2.528096636764681e-004	1.647962e+000
2.532979449264681e-004	1.649366e+000
2.537862261764681e-004	1.650151e+000
2.542745074264681e-004	1.649978e+000
2.545117187500000e-004	1.649244e+000
2.545255773529361e-004	1.649207e+000
2.545532945588083e-004	1.649208e+000
2.546087289705526e-004	1.649246e+000
2.547195977940412e-004	1.649188e+000
2.547782623530228e-004	1.648954e+000
2.548826708820369e-004	1.648292e+000
2.550000000000000e-004	1.647623e+000
2.550117329117963e-004	1.647612e+000
2.550351987353890e-004	1.647609e+000
2.550821303825742e-004	1.647621e+000
2.551759936769447e-004	1.647474e+000
2.553637202656857e-004	1.646857e+000
2.557391734431678e-004	1.646119e+000
2.562274546931678e-004	1.646194e+000
2.567157359431678e-004	1.647060e+000
2.572040171931678e-004	1.648475e+000
2.576922984431678e-004	1.649616e+000
2.581805796931678e-004	1.649996e+000
2.586688609431678e-004	1.649415e+000
2.591571421931678e-004	1.648098e+000
2.595117187500000e-004	1.647053e+000
2.600000000000000e-004	1.645425e+000
2.600488281250000e-004	1.645349e+000
2.601464843750000e-004	1.645479e+000
2.603417968750000e-004	1.646241e+000
2.607324218750000e-004	1.647686e+000
2.612207031250000e-004	1.648821e+000
2.617089843750000e-004	1.649424e+000
2.621972656250000e-004	1.649395e+000
2.626855468750000e-004	1.648760e+000
2.631738281250000e-004	1.647835e+000
2.636621093750000e-004	1.647056e+000
2.641503906250000e-004	1.646823e+000
2.646386718750000e-004	1.647208e+000
2.651269531250000e-004	1.648040e+000
2.656152343750000e-004	1.648891e+000
2.661035156250000e-004	1.649348e+000
2.665917968750000e-004	1.649210e+000
2.670800781250000e-004	1.648529e+000
2.675683593750000e-004	1.647673e+000
2.680566406250000e-004	1.647035e+000
2.685449218750000e-004	1.646937e+000
2.690332031250000e-004	1.647416e+000
2.695214843750000e-004	1.648216e+000
2.700097656250000e-004	1.648969e+000
2.704980468750000e-004	1.649280e+000
2.709863281250000e-004	1.649032e+000
2.714746093750000e-004	1.648338e+000
2.719628906250000e-004	1.647545e+000
2.724511718750000e-004	1.647051e+000
2.729394531250000e-004	1.647069e+000
2.734277343750000e-004	1.647608e+000
2.739160156250000e-004	1.648374e+000
2.744042968750000e-004	1.649006e+000
2.748925781250000e-004	1.649198e+000
2.753808593750000e-004	1.648852e+000
2.758691406250000e-004	1.648167e+000
2.763574218750000e-004	1.647455e+000
2.768457031250000e-004	1.647086e+000
2.773339843750000e-004	1.647218e+000
2.778222656250000e-004	1.647781e+000
2.783105468750000e-004	1.648506e+000
2.787988281250000e-004	1.649017e+000
2.792871093750000e-004	1.649094e+000
2.797753906250000e-004	1.648686e+000
2.802636718750000e-004	1.648012e+000
2.807519531250000e-004	1.647401e+000
2.812402343750000e-004	1.647140e+000
2.817285156250000e-004	1.647368e+000
2.822167968750000e-004	1.647943e+000
2.827050781250000e-004	1.648602e+000
2.831933593750000e-004	1.649009e+000
2.836816406250000e-004	1.648974e+000
2.841699218750000e-004	1.648530e+000
2.846582031250000e-004	1.647881e+000
2.851464843750000e-004	1.647368e+000
2.856347656250000e-004	1.647217e+000
2.861230468750000e-004	1.647510e+000
2.866113281250000e-004	1.648092e+000
2.870996093750000e-004	1.648670e+000
2.875878906250000e-004	1.648979e+000
2.880761718750000e-004	1.648853e+000
2.885644531250000e-004	1.648380e+000
2.890527343750000e-004	1.647781e+000
2.895410156250000e-004	1.647355e+000
2.900292968750000e-004	1.647310e+000
2.905175781250000e-004	1.647648e+000
2.910058593750000e-004	1.648217e+000
2.914941406250000e-004	1.648719e+000
2.919824218750000e-004	1.648924e+000
2.924707031250000e-004	1.648734e+000
2.929589843750000e-004	1.648241e+000
2.934472656250000e-004	1.647704e+000
2.939355468750000e-004	1.647366e+000
2.944238281250000e-004	1.647406e+000
2.949121093750000e-004	1.647785e+000
2.954003906250000e-004	1.648318e+000
2.958886718750000e-004	1.648749e+000
2.963769531250000e-004	1.648857e+000
2.968652343750000e-004	1.648613e+000
2.973535156250000e-004	1.648123e+000
2.978417968750000e-004	1.647643e+000
2.983300781250000e-004	1.647400e+000
2.988183593750000e-004	1.647504e+000
2.993066406250000e-004	1.647910e+000
2.995117187500000e-004	1.648112e+000
2.995898437500001e-004	1.648200e+000
2.997460937500003e-004	1.648399e+000
3.000000000000000e-004	1.648695e+000
3.000253906250000e-004	1.648679e+000
3.000761718749999e-004	1.648400e+000
3.001777343749998e-004	1.646833e+000
3.003808593749996e-004	1.644032e+000
3.007871093749992e-004	1.643961e+000
3.011423941088058e-004	1.645910e+000
3.014321570617101e-004	1.647668e+000
3.017077348077837e-004	1.649994e+000
3.020265597178909e-004	1.651658e+000
3.023275917442932e-004	1.652191e+000
3.027612127391777e-004	1.652270e+000
3.031085290916280e-004	1.650622e+000
3.034497956314497e-004	1.648733e+000
3.038264954527602e-004	1.646497e+000
3.042133023705723e-004	1.644394e+000
3.045153100577122e-004	1.644027e+000
3.050000000000000e-004	1.643319e+000
3.050484689942288e-004	1.643483e+000
3.051454069826864e-004	1.644417e+000
3.053392829596015e-004	1.646189e+000
3.056374453478508e-004	1.647679e+000
3.059799224150360e-004	1.649733e+000
3.063091107633877e-004	1.651317e+000
3.067254265250833e-004	1.651797e+000
3.070968258602420e-004	1.651526e+000
3.074549378750317e-004	1.650007e+000
3.078489109020570e-004	1.647895e+000
3.082477981211816e-004	1.646113e+000
3.087360793711816e-004	1.644678e+000
3.092243606211816e-004	1.645090e+000
3.095539322805404e-004	1.645923e+000
3.098529694404385e-004	1.647362e+000
3.101940105138240e-004	1.649306e+000
3.105685143544267e-004	1.650587e+000
3.109889311706520e-004	1.651486e+000
3.113649604749807e-004	1.651048e+000
3.117849605402315e-004	1.649561e+000
3.121775229273336e-004	1.647911e+000
3.126658041773336e-004	1.645835e+000
3.131540854273336e-004	1.645062e+000
3.135007212132087e-004	1.645117e+000
3.138135172862849e-004	1.645989e+000
3.141758361451889e-004	1.647720e+000
3.145553424002147e-004	1.649207e+000
3.150436236502147e-004	1.650818e+000
3.154543514170935e-004	1.651027e+000
3.158922287502130e-004	1.650141e+000
3.163036574485894e-004	1.648713e+000
3.167919386985894e-004	1.646635e+000
3.172802199485894e-004	1.645454e+000
3.176331163993925e-004	1.645125e+000
3.179725450907299e-004	1.645711e+000
3.183455024423608e-004	1.647151e+000
3.188139675802366e-004	1.648883e+000
3.193022488302366e-004	1.650488e+000
3.197480678408063e-004	1.650803e+000
3.201801081937443e-004	1.650091e+000
3.206593964342614e-004	1.648503e+000
3.211476776842614e-004	1.646559e+000
3.215430562503780e-004	1.645608e+000
3.218960212771608e-004	1.645266e+000
3.222924649206025e-004	1.645907e+000
3.227204479933068e-004	1.647390e+000
3.232087292433068e-004	1.649167e+000
3.236406431707697e-004	1.650469e+000
3.241009933320680e-004	1.650655e+000
3.245578728140376e-004	1.649862e+000
3.250461540640376e-004	1.648170e+000
3.255344353140376e-004	1.646382e+000
3.259250770041120e-004	1.645579e+000
3.263441317306044e-004	1.645469e+000
3.267741206686632e-004	1.646501e+000
3.272624019186632e-004	1.648244e+000
3.277506831686632e-004	1.649895e+000
3.282013680804358e-004	1.650694e+000
3.286896493304358e-004	1.650185e+000
3.291779305804358e-004	1.648828e+000
3.296662118304358e-004	1.646958e+000
3.301144697691914e-004	1.645762e+000
3.305279650926891e-004	1.645544e+000
3.310162463426891e-004	1.646337e+000
3.315045275926891e-004	1.648067e+000
3.319928088426891e-004	1.649669e+000
3.324636098084653e-004	1.650585e+000
3.329518910584653e-004	1.650262e+000
3.334401723084653e-004	1.648884e+000
3.338732276135368e-004	1.647353e+000
3.343356027686808e-004	1.645904e+000
3.347742907494308e-004	1.645576e+000
3.352625719994308e-004	1.646289e+000
3.357508532494308e-004	1.647876e+000
3.362391344994308e-004	1.649575e+000
3.367274157494308e-004	1.650453e+000
3.372156969994308e-004	1.650275e+000
3.377039782494308e-004	1.648906e+000
3.381922594994308e-004	1.647225e+000
3.386368932770774e-004	1.646007e+000
3.391251745270774e-004	1.645658e+000
3.396134557770774e-004	1.646565e+000
3.401017370270774e-004	1.648098e+000
3.405900182770774e-004	1.649717e+000
3.410782995270774e-004	1.650433e+000
3.415665807770774e-004	1.650025e+000
3.420548620270774e-004	1.648682e+000
3.425352676559460e-004	1.647010e+000
3.430235489059460e-004	1.645956e+000
3.435118301559460e-004	1.645846e+000
3.440001114059460e-004	1.646913e+000
3.444883926559460e-004	1.648500e+000
3.449766739059460e-004	1.649845e+000
3.454649551559460e-004	1.650369e+000
3.459532364059460e-004	1.649668e+000
3.464415176559460e-004	1.648296e+000
3.469297989059460e-004	1.646755e+000
3.474180801559460e-004	1.645922e+000
3.479063614059460e-004	1.646169e+000
3.483946426559460e-004	1.647289e+000
3.488829239059460e-004	1.648867e+000
3.493712051559460e-004	1.649937e+000
3.498594864059460e-004	1.650156e+000
3.503477676559460e-004	1.649313e+000
3.508360489059460e-004	1.647870e+000
3.513243301559460e-004	1.646606e+000
3.518126114059460e-004	1.646001e+000
3.523008926559460e-004	1.646513e+000
3.527891739059460e-004	1.647706e+000
3.532774551559460e-004	1.649098e+000
3.537657364059460e-004	1.649969e+000
3.542540176559460e-004	1.649955e+000
3.545117187500001e-004	1.649567e+000
3.550000000000000e-004	1.647960e+000
3.550488281250000e-004	1.647774e+000
3.551464843750000e-004	1.647580e+000
3.553417968750000e-004	1.647214e+000
3.557324218750000e-004	1.646397e+000
3.562207031250000e-004	1.646244e+000
3.567089843750000e-004	1.646957e+000
3.571972656250000e-004	1.648185e+000
3.576855468750000e-004	1.649384e+000
3.581738281250000e-004	1.649849e+000
3.586621093750000e-004	1.649475e+000
3.591503906250000e-004	1.648314e+000
3.595117187500001e-004	1.647254e+000
3.600000000000000e-004	1.646064e+000
3.600488281250000e-004	1.645812e+000
3.601464843750000e-004	1.645611e+000
3.603417968750000e-004	1.646109e+000
3.607324218750000e-004	1.647561e+000
3.612207031250000e-004	1.648639e+000
3.617089843750000e-004	1.649283e+000
3.621972656250000e-004	1.649350e+000
3.626855468750000e-004	1.648817e+000
3.631738281250000e-004	1.647997e+000
3.636621093750000e-004	1.647195e+000
3.641503906250000e-004	1.646918e+000
3.646386718750000e-004	1.647179e+000
3.651269531250000e-004	1.647916e+000
3.656152343750000e-004	1.648745e+000
3.661035156250000e-004	1.649219e+000
3.665917968750000e-004	1.649205e+000
3.670800781250000e-004	1.648603e+000
3.675683593750000e-004	1.647822e+000
3.680566406250000e-004	1.647173e+000
3.685449218750000e-004	1.646986e+000
3.690332031250000e-004	1.647384e+000
3.695214843750000e-004	1.648079e+000
3.700097656250000e-004	1.648836e+000
3.704980468750000e-004	1.649185e+000
3.709863281250000e-004	1.649032e+000
3.714746093750000e-004	1.648442e+000
3.719628906250000e-004	1.647672e+000
3.724511718750000e-004	1.647178e+000
3.729394531250000e-004	1.647095e+000
3.734277343750000e-004	1.647552e+000
3.739160156250000e-004	1.648252e+000
3.744042968750000e-004	1.648871e+000
3.748925781250000e-004	1.649141e+000
3.753808593750000e-004	1.648863e+000
3.758691406250000e-004	1.648278e+000
3.763574218750000e-004	1.647581e+000
3.768457031250000e-004	1.647178e+000
3.773339843750000e-004	1.647239e+000
3.778222656250000e-004	1.647699e+000
3.783105468750000e-004	1.648396e+000
3.787988281250000e-004	1.648897e+000
3.792871093750000e-004	1.649051e+000
3.797753906250000e-004	1.648726e+000
3.802636718750000e-004	1.648109e+000
3.807519531250000e-004	1.647529e+000
3.812402343750000e-004	1.647203e+000
3.817285156250000e-004	1.647372e+000
3.822167968750000e-004	1.647859e+000
3.827050781250000e-004	1.648485e+000
3.831933593750000e-004	1.648921e+000
3.836816406250000e-004	1.648937e+000
3.841699218750000e-004	1.648592e+000
3.846582031250000e-004	1.647977e+000
3.851464843750000e-004	1.647478e+000
3.856347656250000e-004	1.647274e+000
3.861230468750000e-004	1.647483e+000
3.866113281250000e-004	1.648016e+000
3.870996093750000e-004	1.648553e+000
3.875878906250000e-004	1.648909e+000
3.880761718750000e-004	1.648839e+000
3.885644531250000e-004	1.648440e+000
3.890527343750000e-004	1.647888e+000
3.895410156250000e-004	1.647438e+000
3.900292968750000e-004	1.647357e+000
3.905175781250000e-004	1.647607e+000
3.910058593750000e-004	1.648134e+000
3.914941406250000e-004	1.648622e+000
3.919824218750000e-004	1.648859e+000
3.924707031250000e-004	1.648747e+000
3.929589843750000e-004	1.648300e+000
3.934472656250000e-004	1.647807e+000
3.939355468750000e-004	1.647440e+000
3.944238281250000e-004	1.647426e+000
3.949121093750000e-004	1.647745e+000
3.954003906250000e-004	1.648223e+000
3.958886718750000e-004	1.648670e+000
3.963769531250000e-004	1.648805e+000
3.968652343750000e-004	1.648635e+000
3.973535156250000e-004	1.648195e+000
3.978417968750000e-004	1.647727e+000
3.983300781250000e-004	1.647470e+000
3.988183593750000e-004	1.647502e+000
3.993066406250000e-004	1.647891e+000
3.995117187500000e-004	1.648017e+000
3.995898437500000e-004	1.648061e+000
3.997460937500001e-004	1.648275e+000
4.000000000000000e-004	1.648708e+000
4.000253906250000e-004	1.648666e+000
4.000761718750000e-004	1.648331e+000
4.001777343750000e-004	1.646722e+000
4.003808593749999e-004	1.643995e+000
4.007871093749998e-004	1.644013e+000
4.011442480953410e-004	1.645973e+000
4.014358541771587e-004	1.647783e+000
4.017134710085305e-004	1.650094e+000
4.020339382734295e-004	1.651708e+000
4.023385126210153e-004	1.652217e+000
4.027843766895864e-004	1.652142e+000
4.031354644405146e-004	1.650431e+000
4.034794469780441e-004	1.648508e+000
4.038583924618183e-004	1.646259e+000
4.042505607984186e-004	1.644248e+000
4.045117187500000e-004	1.643993e+000
4.050000000000000e-004	1.643401e+000
4.050488281250000e-004	1.643579e+000
4.051464843750000e-004	1.644501e+000
4.053417968750000e-004	1.646240e+000
4.056416137123398e-004	1.647760e+000
4.059862363945906e-004	1.649815e+000
4.063183227108086e-004	1.651357e+000
4.067422578463480e-004	1.651795e+000
4.071165977271805e-004	1.651430e+000
4.074771708369927e-004	1.649848e+000
4.078729967721233e-004	1.647726e+000
4.082762361556365e-004	1.645957e+000
4.087645174056365e-004	1.644651e+000
4.092527986556365e-004	1.645178e+000
4.095848098570189e-004	1.646105e+000
4.098886655882547e-004	1.647613e+000
4.102303070120210e-004	1.649503e+000
4.106206896241786e-004	1.650756e+000
4.110342394227948e-004	1.651485e+000
4.114114826897764e-004	1.650896e+000
4.118292378658532e-004	1.649333e+000
4.122297292763099e-004	1.647624e+000
4.127180105263099e-004	1.645664e+000
4.132062917763099e-004	1.645058e+000
4.135470947057724e-004	1.645246e+000
4.138635483347512e-004	1.646240e+000
4.142249095968910e-004	1.647983e+000
4.146257038401756e-004	1.649508e+000
4.151139850901756e-004	1.650891e+000
4.155610235860754e-004	1.650849e+000
4.159789393732311e-004	1.649822e+000
4.164192030093037e-004	1.648180e+000
4.169074842593037e-004	1.646202e+000
4.173444671881730e-004	1.645339e+000
4.176866031483018e-004	1.645205e+000
4.180408542626066e-004	1.645973e+000
4.184167134799345e-004	1.647470e+000
4.189049947299345e-004	1.649269e+000
4.193439103871002e-004	1.650625e+000
4.197589237370170e-004	1.650803e+000
4.201982131393264e-004	1.649995e+000
4.206836246362850e-004	1.648345e+000
4.211719058862850e-004	1.646451e+000
4.215654364657080e-004	1.645561e+000
4.219219900819178e-004	1.645297e+000
4.223192771302703e-004	1.646029e+000
4.227619050018256e-004	1.647589e+000
4.232501862518256e-004	1.649350e+000
4.236839790143775e-004	1.650553e+000
4.241449035363061e-004	1.650605e+000
4.246118670371090e-004	1.649675e+000
4.251001482871090e-004	1.647891e+000
4.255373055292195e-004	1.646317e+000
4.259146563042540e-004	1.645585e+000
4.263346104518864e-004	1.645504e+000
4.267750745961665e-004	1.646570e+000
4.272633558461665e-004	1.648298e+000
4.277516370961665e-004	1.649924e+000
4.282052792078583e-004	1.650678e+000
4.286935604578583e-004	1.650135e+000
4.291818417078583e-004	1.648758e+000
4.296701229578583e-004	1.646908e+000
4.301202110376777e-004	1.645752e+000
4.305367146080525e-004	1.645571e+000
4.310249958580525e-004	1.646416e+000
4.315132771080525e-004	1.648146e+000
4.320015583580525e-004	1.649718e+000
4.324757859167387e-004	1.650581e+000
4.329640671667387e-004	1.650193e+000
4.334523484167387e-004	1.648793e+000
4.338872813395515e-004	1.647261e+000
4.343503630951524e-004	1.645875e+000
4.347955926525901e-004	1.645613e+000
4.352838739025901e-004	1.646388e+000
4.357721551525901e-004	1.648001e+000
4.362604364025901e-004	1.649653e+000
4.367487176525901e-004	1.650460e+000
4.372369989025901e-004	1.650197e+000
4.377252801525901e-004	1.648788e+000
4.382135614025901e-004	1.647125e+000
4.386621598311603e-004	1.645955e+000
4.391504410811603e-004	1.645706e+000
4.396387223311603e-004	1.646675e+000
4.401270035811603e-004	1.648226e+000
4.406152848311603e-004	1.649795e+000
4.411035660811603e-004	1.650423e+000
4.415918473311603e-004	1.649939e+000
4.420801285811603e-004	1.648553e+000
4.425616504877192e-004	1.646910e+000
4.430499317377192e-004	1.645927e+000
4.435382129877192e-004	1.645907e+000
4.440264942377192e-004	1.647033e+000
4.445147754877192e-004	1.648614e+000
4.450030567377192e-004	1.649907e+000
4.454913379877192e-004	1.650339e+000
4.459796192377192e-004	1.649571e+000
4.464679004877192e-004	1.648175e+000
4.469561817377192e-004	1.646670e+000
4.474444629877192e-004	1.645919e+000
4.479327442377192e-004	1.646239e+000
4.484210254877192e-004	1.647406e+000
4.489093067377192e-004	1.648964e+000
4.493975879877192e-004	1.649973e+000
4.498858692377192e-004	1.650114e+000
4.503741504877192e-004	1.649210e+000
4.508624317377192e-004	1.647766e+000
4.513507129877192e-004	1.646541e+000
4.518389942377192e-004	1.646015e+000
4.523272754877192e-004	1.646593e+000
4.528155567377192e-004	1.647812e+000
4.533038379877192e-004	1.649181e+000
4.537921192377192e-004	1.649982e+000
4.542804004877192e-004	1.649916e+000
4.545117187500001e-004	1.649916e+000
4.545373634754384e-004	1.649880e+000
4.545886529263150e-004	1.649628e+000
4.546912318280682e-004	1.648993e+000
4.547948421964936e-004	1.648584e+000
4.550000000000000e-004	1.648348e+000
4.550205157803507e-004	1.648322e+000
4.550615473410520e-004	1.648190e+000
4.551436104624545e-004	1.647758e+000
4.553077367052597e-004	1.647074e+000
4.556359891908700e-004	1.646487e+000
4.561242704408700e-004	1.646218e+000
4.566125516908700e-004	1.646802e+000
4.571008329408700e-004	1.648032e+000
4.575891141908700e-004	1.649208e+000
4.580773954408700e-004	1.649866e+000
4.585656766908700e-004	1.649557e+000
4.590539579408700e-004	1.648530e+000
4.595422391908700e-004	1.647147e+000
4.600000000000000e-004	1.645599e+000
4.600457760809130e-004	1.645655e+000
4.601373282427390e-004	1.645767e+000
4.603204325663910e-004	1.646188e+000
4.606866412136951e-004	1.647429e+000
4.611749224636951e-004	1.648631e+000
4.616632037136951e-004	1.649246e+000
4.621514849636951e-004	1.649395e+000
4.626397662136951e-004	1.648862e+000
4.631280474636951e-004	1.648039e+000
4.636163287136951e-004	1.647248e+000
4.641046099636951e-004	1.646886e+000
4.645928912136951e-004	1.647177e+000
4.650811724636951e-004	1.647853e+000
4.655694537136951e-004	1.648716e+000
4.660577349636951e-004	1.649219e+000
4.665460162136951e-004	1.649203e+000
4.670342974636951e-004	1.648670e+000
4.675225787136951e-004	1.647834e+000
4.680108599636951e-004	1.647212e+000
4.684991412136951e-004	1.646972e+000
4.689874224636951e-004	1.647344e+000
4.694757037136951e-004	1.648059e+000
4.699639849636951e-004	1.648781e+000
4.704522662136951e-004	1.649208e+000
4.709405474636951e-004	1.649037e+000
4.714288287136951e-004	1.648486e+000
4.719171099636951e-004	1.647713e+000
4.724053912136951e-004	1.647173e+000
4.728936724636951e-004	1.647107e+000
4.733819537136951e-004	1.647494e+000
4.738702349636951e-004	1.648233e+000
4.743585162136951e-004	1.648842e+000
4.748467974636951e-004	1.649137e+000
4.753350787136951e-004	1.648906e+000
4.758233599636951e-004	1.648290e+000
4.763116412136951e-004	1.647633e+000
4.767999224636951e-004	1.647169e+000
4.772882037136951e-004	1.647229e+000
4.777764849636951e-004	1.647672e+000
4.782647662136951e-004	1.648347e+000
4.787530474636951e-004	1.648903e+000
4.792413287136951e-004	1.649036e+000
4.797296099636951e-004	1.648770e+000
4.802178912136951e-004	1.648136e+000
4.807061724636951e-004	1.647547e+000
4.811944537136951e-004	1.647221e+000
4.816827349636951e-004	1.647331e+000
4.821710162136951e-004	1.647849e+000
4.826592974636951e-004	1.648441e+000
4.831475787136951e-004	1.648917e+000
4.836358599636951e-004	1.648953e+000
4.841241412136951e-004	1.648605e+000
4.846124224636951e-004	1.648028e+000
4.851007037136951e-004	1.647475e+000
4.855889849636951e-004	1.647287e+000
4.860772662136951e-004	1.647455e+000
4.865655474636951e-004	1.647982e+000
4.870538287136951e-004	1.648542e+000
4.875421099636951e-004	1.648885e+000
4.880303912136951e-004	1.648873e+000
4.885186724636950e-004	1.648452e+000
4.890069537136950e-004	1.647922e+000
4.894952349636949e-004	1.647454e+000
4.899835162136949e-004	1.647338e+000
4.904717974636948e-004	1.647602e+000
4.909600787136948e-004	1.648087e+000
4.914483599636947e-004	1.648618e+000
4.919366412136947e-004	1.648850e+000
4.924249224636946e-004	1.648761e+000
4.929132037136946e-004	1.648338e+000
4.934014849636945e-004	1.647814e+000
4.938897662136945e-004	1.647466e+000
4.943780474636944e-004	1.647403e+000
4.948663287136943e-004	1.647729e+000
4.953546099636943e-004	1.648200e+000
4.958428912136942e-004	1.648645e+000
4.963311724636942e-004	1.648823e+000
4.968194537136941e-004	1.648636e+000
4.973077349636941e-004	1.648234e+000
4.977960162136940e-004	1.647740e+000
4.982842974636940e-004	1.647473e+000
4.987725787136939e-004	1.647500e+000
4.992608599636939e-004	1.647840e+000
4.995117187500001e-004	1.648101e+000
5.000000000000000e-004	1.648402e+000
