time	V(receiver)

%Step Information: Cload=10µ  (Run: 5/5)
0.000000000000000e+000	1.648116e+000
2.929687395458736e-011	1.648116e+000
1.029296873954587e-009	1.648116e+000
2.085414053464471e-009	1.648116e+000
4.197648412484238e-009	1.648116e+000
8.422117130523772e-009	1.648116e+000
1.687105456660284e-008	1.648115e+000
3.376892943876097e-008	1.648104e+000
6.756467918307724e-008	1.647973e+000
1.351561786717098e-007	1.646913e+000
2.703391776489748e-007	1.642286e+000
5.407051756035050e-007	1.630130e+000
8.336739256035050e-007	1.616543e+000
1.126642675603505e-006	1.602141e+000
1.419611425603505e-006	1.587444e+000
1.712580175603505e-006	1.573136e+000
2.005548925603505e-006	1.558264e+000
2.298517675603505e-006	1.543449e+000
2.591486425603505e-006	1.528721e+000
2.884455175603504e-006	1.513305e+000
3.177423925603504e-006	1.497994e+000
3.470392675603504e-006	1.482179e+000
3.763361425603504e-006	1.465403e+000
4.056330175603505e-006	1.448026e+000
4.349298925603504e-006	1.428471e+000
4.642267675603504e-006	1.406504e+000
4.707031250000001e-006	1.401300e+000
4.836558398792993e-006	1.389178e+000
5.000000000000000e-006	1.371160e+000
5.016344160120701e-006	1.370761e+000
5.049032480362103e-006	1.377393e+000
5.114409120844906e-006	1.419576e+000
5.235558256888800e-006	1.525846e+000
5.339959948502255e-006	1.568511e+000
5.455745925716792e-006	1.529007e+000
5.556283366223948e-006	1.487806e+000
5.667322880391554e-006	1.506399e+000
5.780476633008541e-006	1.551212e+000
5.886839670463719e-006	1.539474e+000
6.002555200222476e-006	1.477154e+000
6.093998080759665e-006	1.461006e+000
6.212411259547427e-006	1.505396e+000
6.304174139822427e-006	1.525410e+000
6.432499255874256e-006	1.486492e+000
6.566307995648691e-006	1.445883e+000
6.690529582337626e-006	1.465670e+000
6.826385237028744e-006	1.492800e+000
6.967760334971511e-006	1.460977e+000
7.108404567469312e-006	1.430920e+000
7.252683532397834e-006	1.457650e+000
7.387657118346945e-006	1.473776e+000
7.530032148410789e-006	1.435753e+000
7.651933638460102e-006	1.417429e+000
7.793293539120656e-006	1.451116e+000
7.913093952739759e-006	1.464614e+000
8.053507347572483e-006	1.427944e+000
8.171642165311917e-006	1.412127e+000
8.313013159764534e-006	1.444866e+000
8.435277180208066e-006	1.458954e+000
8.578397643559944e-006	1.426457e+000
8.700659639775336e-006	1.413818e+000
8.846096985794761e-006	1.446539e+000
8.970701213875382e-006	1.458489e+000
9.118398452847050e-006	1.427820e+000
9.241000870436512e-006	1.420667e+000
9.390423065187758e-006	1.455050e+000
9.513781921886863e-006	1.463568e+000
9.665686239626564e-006	1.434470e+000
9.788854041986139e-006	1.433316e+000
9.941424694250950e-006	1.468144e+000
1.006896838618155e-005	1.472628e+000
1.022387257022883e-005	1.447771e+000
1.035849626878843e-005	1.454617e+000
1.051367026983085e-005	1.485063e+000
1.066086195093412e-005	1.481833e+000
1.082190700746626e-005	1.467992e+000
1.099631157024923e-005	1.489136e+000
1.117233000735196e-005	1.505020e+000
1.136499483455737e-005	1.491921e+000
1.153195486847775e-005	1.501375e+000
1.171838279060802e-005	1.526079e+000
1.190834465876284e-005	1.521124e+000
1.210303612321015e-005	1.522228e+000
1.231506088908449e-005	1.547021e+000
1.250541573302383e-005	1.546882e+000
1.271077998563059e-005	1.543314e+000
1.299640644988838e-005	1.564301e+000
1.325812924946158e-005	1.563348e+000
1.349443113269130e-005	1.562927e+000
1.378739988269130e-005	1.577737e+000
1.404714213216170e-005	1.571733e+000
1.431079326910610e-005	1.572008e+000
1.459646254366116e-005	1.579630e+000
1.488943129366116e-005	1.570712e+000
1.518240004366116e-005	1.574810e+000
1.545582925532816e-005	1.575822e+000
1.574879800532816e-005	1.566457e+000
1.604176675532816e-005	1.572203e+000
1.633350044243741e-005	1.568076e+000
1.662646919243741e-005	1.562518e+000
1.691943794243741e-005	1.568227e+000
1.721240669243741e-005	1.560331e+000
1.750500629657104e-005	1.559421e+000
1.779797504657104e-005	1.562501e+000
1.809094379657105e-005	1.553492e+000
1.838391254657105e-005	1.556470e+000
1.867688129657105e-005	1.555125e+000
1.896985004657105e-005	1.547764e+000
1.926281879657105e-005	1.552785e+000
1.955578754657105e-005	1.547452e+000
1.984875629657106e-005	1.543727e+000
2.014172504657106e-005	1.547865e+000
2.043469379657106e-005	1.539964e+000
2.072766254657106e-005	1.540275e+000
2.102063129657106e-005	1.541413e+000
2.131360004657106e-005	1.533485e+000
2.160656879657106e-005	1.536769e+000
2.189953754657107e-005	1.533971e+000
2.219250629657107e-005	1.528206e+000
2.248547504657107e-005	1.532311e+000
2.277844379657107e-005	1.526343e+000
2.307141254657107e-005	1.524165e+000
2.336438129657107e-005	1.526791e+000
2.365735004657108e-005	1.519330e+000
2.395031879657108e-005	1.520468e+000
2.424328754657108e-005	1.519957e+000
2.453625629657108e-005	1.513249e+000
2.482922504657108e-005	1.516452e+000
2.512219379657108e-005	1.512627e+000
2.541516254657109e-005	1.508419e+000
2.570813129657109e-005	1.511549e+000
2.600110004657109e-005	1.505342e+000
2.629406879657109e-005	1.504333e+000
2.658703754657109e-005	1.505544e+000
2.688000629657109e-005	1.498781e+000
2.717297504657110e-005	1.500361e+000
2.746594379657110e-005	1.498475e+000
2.775891254657110e-005	1.492925e+000
2.805188129657110e-005	1.495775e+000
2.834485004657110e-005	1.491397e+000
2.863781879657110e-005	1.488551e+000
2.893078754657111e-005	1.490630e+000
2.922375629657111e-005	1.484561e+000
2.951672504657111e-005	1.484422e+000
2.980969379657111e-005	1.484373e+000
3.010266254657111e-005	1.478460e+000
3.039563129657111e-005	1.480185e+000
3.068860004657111e-005	1.477337e+000
3.098156879657112e-005	1.473032e+000
3.127453754657112e-005	1.475358e+000
3.156750629657112e-005	1.470627e+000
3.186047504657112e-005	1.468816e+000
3.215344379657112e-005	1.469887e+000
3.244641254657112e-005	1.464229e+000
3.273938129657113e-005	1.464630e+000
3.303235004657113e-005	1.463447e+000
3.332531879657113e-005	1.458344e+000
3.361828754657113e-005	1.459972e+000
3.391125629657113e-005	1.456574e+000
3.420422504657113e-005	1.453410e+000
3.449719379657114e-005	1.455067e+000
3.479016254657114e-005	1.450285e+000
3.508313129657114e-005	1.449290e+000
3.537610004657114e-005	1.449347e+000
3.566906879657114e-005	1.444098e+000
3.596203754657114e-005	1.444782e+000
3.625500629657115e-005	1.442945e+000
3.654797504657115e-005	1.438903e+000
3.684094379657115e-005	1.440281e+000
3.713391254657115e-005	1.436462e+000
3.742688129657115e-005	1.434196e+000
3.771985004657115e-005	1.435178e+000
3.801281879657116e-005	1.430582e+000
3.830578754657116e-005	1.430123e+000
3.859875629657116e-005	1.429360e+000
3.889172504657116e-005	1.424839e+000
3.918469379657116e-005	1.425620e+000
3.947766254657116e-005	1.423128e+000
3.977063129657117e-005	1.419919e+000
4.006360004657117e-005	1.420889e+000
4.035656879657117e-005	1.416912e+000
4.064953754657117e-005	1.415389e+000
4.094250629657117e-005	1.415629e+000
4.123547504657117e-005	1.411229e+000
4.152844379657117e-005	1.411110e+000
4.182141254657118e-005	1.409818e+000
4.211438129657118e-005	1.406088e+000
4.240735004657118e-005	1.406759e+000
4.270031879657118e-005	1.403840e+000
4.299328754657118e-005	1.401424e+000
4.328625629657118e-005	1.401998e+000
4.357922504657119e-005	1.398082e+000
4.387219379657119e-005	1.397077e+000
4.416516254657119e-005	1.396678e+000
4.445813129657119e-005	1.392764e+000
4.475110004657119e-005	1.392838e+000
4.504406879657119e-005	1.390987e+000
4.533703754657120e-005	1.387927e+000
4.563000629657120e-005	1.388425e+000
4.592297504657120e-005	1.385287e+000
4.621594379657120e-005	1.383471e+000
4.650891254657120e-005	1.383577e+000
4.680188129657120e-005	1.379874e+000
4.709485004657121e-005	1.379238e+000
4.738781879657121e-005	1.378278e+000
4.768078754657121e-005	1.374887e+000
4.797375629657121e-005	1.375018e+000
4.826672504657121e-005	1.372771e+000
4.855969379657121e-005	1.370308e+000
4.885266254657122e-005	1.370548e+000
4.914563129657122e-005	1.367365e+000
4.943860004657122e-005	1.366024e+000
4.973156879657122e-005	1.365669e+000
5.002453754657122e-005	1.362280e+000
5.031750629657122e-005	1.361879e+000
5.061047504657122e-005	1.360461e+000
5.090344379657123e-005	1.357582e+000
5.119641254657123e-005	1.357660e+000
5.148938129657123e-005	1.355174e+000
5.178235004657123e-005	1.353221e+000
5.207531879657123e-005	1.353156e+000
5.236828754657123e-005	1.350065e+000
5.266125629657124e-005	1.349079e+000
5.295422504657124e-005	1.348301e+000
5.324719379657124e-005	1.345278e+000
5.354016254657124e-005	1.344997e+000
5.383313129657124e-005	1.343234e+000
5.412610004657124e-005	1.340831e+000
5.441906879657125e-005	1.340776e+000
5.471203754657125e-005	1.338161e+000
5.500000000000000e-005	1.334999e+000
5.502879624534288e-005	1.344214e+000
5.508638873602862e-005	1.380568e+000
5.520157371740013e-005	1.487907e+000
5.529686716629543e-005	1.551690e+000
5.543251809735561e-005	1.553806e+000
5.555618003419376e-005	1.529173e+000
5.567302243554225e-005	1.555156e+000
5.579579747208040e-005	1.608842e+000
5.590831688208721e-005	1.605086e+000
5.603379104142598e-005	1.555028e+000
5.613686811401337e-005	1.550102e+000
5.626279698094822e-005	1.595655e+000
5.636365175233701e-005	1.604382e+000
5.649606314302637e-005	1.554980e+000
5.660141148000713e-005	1.532435e+000
5.673927995737447e-005	1.562420e+000
5.686253602802942e-005	1.577371e+000
5.700215921506890e-005	1.538628e+000
5.713043228148555e-005	1.513495e+000
5.727510649674886e-005	1.538590e+000
5.740526249578934e-005	1.547307e+000
5.755209042905894e-005	1.506076e+000
5.767658031219235e-005	1.488218e+000
5.782443255706290e-005	1.515650e+000
5.794685389768478e-005	1.518402e+000
5.809515372349189e-005	1.475521e+000
5.821404765294781e-005	1.462434e+000
5.836250072987012e-005	1.489913e+000
5.848201729996103e-005	1.489617e+000
5.863209828078052e-005	1.447832e+000
5.875141140021560e-005	1.437764e+000
5.890178466009310e-005	1.463137e+000
5.902502161872254e-005	1.459175e+000
5.917668568791468e-005	1.420383e+000
5.930328172535461e-005	1.414638e+000
5.945430797795782e-005	1.436034e+000
5.958799577898686e-005	1.425618e+000
5.974163325449152e-005	1.389683e+000
5.985542231319144e-005	1.390168e+000
6.000000000000000e-005	1.426661e+000
6.001445776868086e-005	1.427013e+000
6.004337330604257e-005	1.423384e+000
6.010120438076599e-005	1.405609e+000
6.021686653021285e-005	1.373308e+000
6.033383436662140e-005	1.374119e+000
6.048490196238964e-005	1.397649e+000
6.062922998882544e-005	1.391849e+000
6.078831235849033e-005	1.371854e+000
6.095340126741872e-005	1.381686e+000
6.112455827853429e-005	1.392153e+000
6.133540323049470e-005	1.374282e+000
6.151823196193510e-005	1.374695e+000
6.171292118532212e-005	1.388233e+000
6.190726370771258e-005	1.376832e+000
6.210752884208126e-005	1.370750e+000
6.232482965401931e-005	1.384181e+000
6.252049930050101e-005	1.376701e+000
6.272945204141060e-005	1.368108e+000
6.300087057762982e-005	1.379793e+000
6.322576405939955e-005	1.373094e+000
6.346213077033951e-005	1.366686e+000
6.375509952033951e-005	1.375809e+000
6.400904073940237e-005	1.368129e+000
6.426801609461825e-005	1.365885e+000
6.455513152687248e-005	1.372026e+000
6.484810027687247e-005	1.363855e+000
6.514091209450601e-005	1.366825e+000
6.541284622649281e-005	1.368405e+000
6.570581497649281e-005	1.360368e+000
6.599878372649280e-005	1.365862e+000
6.628096856059689e-005	1.363409e+000
6.657393731059688e-005	1.358318e+000
6.686690606059688e-005	1.364162e+000
6.715987481059687e-005	1.358266e+000
6.744558517484576e-005	1.357479e+000
6.773855392484575e-005	1.361674e+000
6.803152267484575e-005	1.354700e+000
6.832449142484574e-005	1.357697e+000
6.861518640280402e-005	1.358248e+000
6.890815515280401e-005	1.352311e+000
6.920112390280401e-005	1.357478e+000
6.949409265280400e-005	1.354437e+000
6.978706140280400e-005	1.351482e+000
7.008003015280399e-005	1.356453e+000
7.037299890280399e-005	1.350937e+000
7.066596765280398e-005	1.351585e+000
7.095893640280398e-005	1.354321e+000
7.125190515280397e-005	1.348423e+000
7.154487390280397e-005	1.351936e+000
7.183784265280396e-005	1.351152e+000
7.213081140280396e-005	1.346770e+000
7.242378015280395e-005	1.351745e+000
7.271674890280395e-005	1.348396e+000
7.300971765280394e-005	1.347071e+000
7.330268640280394e-005	1.350950e+000
7.359565515280393e-005	1.345875e+000
7.388862390280393e-005	1.347730e+000
7.418159265280392e-005	1.349293e+000
7.447456140280392e-005	1.344552e+000
7.476753015280391e-005	1.348451e+000
7.506049890280391e-005	1.347029e+000
7.535346765280390e-005	1.344215e+000
7.564643640280390e-005	1.348513e+000
7.593940515280389e-005	1.344842e+000
7.623237390280389e-005	1.344771e+000
7.652534265280388e-005	1.347712e+000
7.681831140280388e-005	1.343312e+000
7.711128015280387e-005	1.345817e+000
7.740424890280386e-005	1.346221e+000
7.769721765280386e-005	1.342495e+000
7.799018640280385e-005	1.346408e+000
7.828315515280385e-005	1.344615e+000
7.857612390280384e-005	1.343144e+000
7.886909265280384e-005	1.346689e+000
7.916206140280383e-005	1.343101e+000
7.945503015280383e-005	1.344068e+000
7.974799890280382e-005	1.346004e+000
8.004096765280382e-005	1.342140e+000
8.033393640280381e-005	1.345017e+000
8.062690515280381e-005	1.344877e+000
8.091987390280380e-005	1.342469e+000
8.121284265280380e-005	1.346176e+000
8.150581140280379e-005	1.344033e+000
8.179878015280379e-005	1.343618e+000
8.209174890280378e-005	1.346506e+000
8.238471765280378e-005	1.343240e+000
8.267768640280377e-005	1.344820e+000
8.297065515280377e-005	1.345932e+000
8.326362390280376e-005	1.342994e+000
8.355659265280376e-005	1.346011e+000
8.384956140280375e-005	1.345196e+000
8.414253015280375e-005	1.343731e+000
8.443549890280374e-005	1.346869e+000
8.472846765280374e-005	1.344382e+000
8.502143640280373e-005	1.344856e+000
8.531440515280373e-005	1.347234e+000
8.560737390280372e-005	1.344362e+000
8.590034265280372e-005	1.346354e+000
8.619331140280371e-005	1.346984e+000
8.648628015280370e-005	1.344970e+000
8.677924890280370e-005	1.347841e+000
8.707221765280369e-005	1.346603e+000
8.736518640280369e-005	1.346092e+000
8.765815515280368e-005	1.348875e+000
8.795112390280368e-005	1.346531e+000
8.824409265280367e-005	1.347573e+000
8.853706140280367e-005	1.349262e+000
8.883003015280366e-005	1.346991e+000
8.912299890280366e-005	1.349221e+000
8.941596765280365e-005	1.349248e+000
8.970893640280365e-005	1.347989e+000
9.000190515280364e-005	1.350703e+000
9.029487390280364e-005	1.349260e+000
9.058784265280363e-005	1.349401e+000
9.088081140280363e-005	1.351686e+000
9.117378015280362e-005	1.349626e+000
9.146674890280362e-005	1.351075e+000
9.175971765280361e-005	1.352150e+000
9.205268640280361e-005	1.350480e+000
9.234565515280360e-005	1.352789e+000
9.263862390280360e-005	1.352387e+000
9.293159265280359e-005	1.351781e+000
9.322456140280359e-005	1.354226e+000
9.351753015280358e-005	1.352757e+000
9.381049890280358e-005	1.353409e+000
9.410346765280357e-005	1.355186e+000
9.439643640280357e-005	1.353492e+000
9.468940515280356e-005	1.355201e+000
9.498237390280356e-005	1.355764e+000
9.527534265280355e-005	1.354659e+000
9.556831140280355e-005	1.356918e+000
9.586128015280354e-005	1.356252e+000
9.615424890280353e-005	1.356194e+000
9.644721765280353e-005	1.358302e+000
9.674018640280352e-005	1.356938e+000
9.703315515280352e-005	1.357971e+000
9.732612390280351e-005	1.359272e+000
9.761909265280351e-005	1.357978e+000
9.791206140280350e-005	1.359817e+000
9.820503015280350e-005	1.359985e+000
9.849799890280349e-005	1.359391e+000
9.879096765280349e-005	1.361499e+000
9.908393640280348e-005	1.360712e+000
9.937690515280348e-005	1.361097e+000
9.966987390280347e-005	1.366015e+000
9.970703125000001e-005	1.365284e+000
9.978134594439309e-005	1.360989e+000
9.985137061121385e-005	1.357526e+000
9.985995066635847e-005	1.357335e+000
9.987711077664769e-005	1.357500e+000
9.991143099722615e-005	1.358566e+000
9.993135955884310e-005	1.359618e+000
9.996014287676611e-005	1.361599e+000
1.000000000000000e-004	1.364511e+000
1.000039857123234e-004	1.364780e+000
1.000119571369702e-004	1.365284e+000
1.000278999862637e-004	1.366095e+000
1.000597856848509e-004	1.366732e+000
1.001235570820251e-004	1.364821e+000
1.002510998763736e-004	1.357911e+000
1.005061854650705e-004	1.348296e+000
1.007991542150705e-004	1.338590e+000
1.010921229650705e-004	1.325951e+000
1.013850917150705e-004	1.315386e+000
1.016780604650705e-004	1.304695e+000
1.019710292150705e-004	1.292433e+000
1.022639979650705e-004	1.282499e+000
1.025569667150705e-004	1.270984e+000
1.028499354650705e-004	1.259246e+000
1.031429042150705e-004	1.249072e+000
1.034358729650704e-004	1.236388e+000
1.037288417150704e-004	1.224415e+000
1.040218104650704e-004	1.212137e+000
1.043147792150704e-004	1.196339e+000
1.046077479650704e-004	1.181750e+000
1.047070312500000e-004	1.175783e+000
1.048014334301408e-004	1.166869e+000
1.048111956397184e-004	1.165665e+000
1.048307200588734e-004	1.163073e+000
1.048697688971835e-004	1.158295e+000
1.049219023233798e-004	1.153058e+000
1.050000000000000e-004	1.146793e+000
1.050078097676620e-004	1.146545e+000
1.050234293029861e-004	1.147125e+000
1.050546683736341e-004	1.155545e+000
1.051171465149303e-004	1.195352e+000
1.052222087026994e-004	1.277191e+000
1.053199824029150e-004	1.307963e+000
1.054264020113599e-004	1.265752e+000
1.055188108705507e-004	1.217534e+000
1.056141330794012e-004	1.219733e+000
1.057144455087987e-004	1.264063e+000
1.057974457307625e-004	1.274071e+000
1.059065253273369e-004	1.224180e+000
1.059966846395178e-004	1.182114e+000
1.060976300988305e-004	1.187789e+000
1.062017188117492e-004	1.227007e+000
1.062930024746446e-004	1.229774e+000
1.064023598572891e-004	1.179067e+000
1.064846952165380e-004	1.150573e+000
1.066072254210830e-004	1.168282e+000
1.067193024436519e-004	1.196560e+000
1.068300526637424e-004	1.180319e+000
1.069454060951742e-004	1.133721e+000
1.070413357137394e-004	1.126915e+000
1.071553774269353e-004	1.162685e+000
1.072442890054970e-004	1.173681e+000
1.073673098634481e-004	1.137684e+000
1.074737231965265e-004	1.110740e+000
1.076013764064896e-004	1.126765e+000
1.077249724838183e-004	1.149402e+000
1.078517138598957e-004	1.130200e+000
1.079806472155378e-004	1.099871e+000
1.081044139863411e-004	1.110840e+000
1.082323791854955e-004	1.135594e+000
1.083571182498870e-004	1.122061e+000
1.084878753806657e-004	1.093320e+000
1.086104251752271e-004	1.102094e+000
1.087401813762445e-004	1.128001e+000
1.088635299163022e-004	1.119340e+000
1.089964158868121e-004	1.092571e+000
1.091184744308321e-004	1.099761e+000
1.092511753430125e-004	1.126626e+000
1.093741097673590e-004	1.121873e+000
1.095103672311736e-004	1.097456e+000
1.096337000418226e-004	1.104176e+000
1.097705552533048e-004	1.131034e+000
1.098968682969042e-004	1.128256e+000
1.100381124467770e-004	1.107695e+000
1.101689144082329e-004	1.116888e+000
1.103120155167102e-004	1.141656e+000
1.104524233029429e-004	1.137223e+000
1.106022358175819e-004	1.124534e+000
1.107595325708186e-004	1.142404e+000
1.109193986079560e-004	1.159777e+000
1.111019706910748e-004	1.149547e+000
1.112613726142797e-004	1.153997e+000
1.114345552355397e-004	1.180893e+000
1.115875032419601e-004	1.183809e+000
1.117566195437506e-004	1.176578e+000
1.119189754105843e-004	1.195711e+000
1.120977572930024e-004	1.215021e+000
1.122930584440794e-004	1.212087e+000
1.124832002154256e-004	1.226044e+000
1.126666449678545e-004	1.251502e+000
1.128194648845411e-004	1.252134e+000
1.129939070311622e-004	1.253868e+000
1.131534376488073e-004	1.278400e+000
1.133172739416243e-004	1.292291e+000
1.134967044183726e-004	1.287676e+000
1.136427457664767e-004	1.301361e+000
1.138060420960438e-004	1.327259e+000
1.139388084962116e-004	1.327518e+000
1.140948061618820e-004	1.322872e+000
1.142428878224728e-004	1.340317e+000
1.143988038797641e-004	1.354382e+000
1.145702711490579e-004	1.346713e+000
1.147433724921439e-004	1.348706e+000
1.149346102515288e-004	1.363515e+000
1.151076239834604e-004	1.358723e+000
1.152998282383389e-004	1.351156e+000
1.155158083034102e-004	1.359972e+000
1.157321261365627e-004	1.356679e+000
1.159650452942744e-004	1.348144e+000
1.162173849503423e-004	1.353280e+000
1.164718735764458e-004	1.348410e+000
1.167359061822242e-004	1.342050e+000
1.170288749322241e-004	1.345437e+000
1.173218436822241e-004	1.338222e+000
1.176148124322241e-004	1.335534e+000
1.179077811822241e-004	1.336602e+000
1.182007499322241e-004	1.328637e+000
1.184937186822241e-004	1.329293e+000
1.187866874322241e-004	1.327207e+000
1.190796561822241e-004	1.320113e+000
1.193726249322241e-004	1.322539e+000
1.196655936822241e-004	1.317824e+000
1.199585624322241e-004	1.313706e+000
1.202515311822241e-004	1.315770e+000
1.205444999322241e-004	1.308943e+000
1.208374686822241e-004	1.307828e+000
1.211304374322241e-004	1.307869e+000
1.214234061822241e-004	1.300977e+000
1.217163749322241e-004	1.302187e+000
1.220093436822241e-004	1.299224e+000
1.223023124322241e-004	1.293882e+000
1.225952811822240e-004	1.296217e+000
1.228882499322240e-004	1.291211e+000
1.231812186822240e-004	1.288519e+000
1.234741874322240e-004	1.289736e+000
1.237671561822240e-004	1.283548e+000
1.240601249322240e-004	1.283539e+000
1.243530936822240e-004	1.282560e+000
1.246460624322240e-004	1.276677e+000
1.249390311822240e-004	1.278303e+000
1.252319999322240e-004	1.275209e+000
1.255249686822240e-004	1.271466e+000
1.258179374322240e-004	1.273232e+000
1.261109061822240e-004	1.268170e+000
1.264038749322240e-004	1.266663e+000
1.266968436822240e-004	1.267147e+000
1.269898124322240e-004	1.261769e+000
1.272827811822240e-004	1.262392e+000
1.275757499322240e-004	1.260676e+000
1.278687186822240e-004	1.256103e+000
1.281616874322240e-004	1.257792e+000
1.284546561822239e-004	1.254320e+000
1.287476249322239e-004	1.251729e+000
1.290405936822239e-004	1.252909e+000
1.293335624322239e-004	1.248144e+000
1.296265311822239e-004	1.247586e+000
1.299194999322239e-004	1.247293e+000
1.302124686822239e-004	1.242604e+000
1.305054374322239e-004	1.243598e+000
1.307984061822239e-004	1.241535e+000
1.310913749322239e-004	1.238139e+000
1.313843436822239e-004	1.239541e+000
1.316773124322239e-004	1.235960e+000
1.319702811822239e-004	1.234481e+000
1.322632499322239e-004	1.235084e+000
1.325562186822239e-004	1.230545e+000
1.328491874322239e-004	1.230559e+000
1.331421561822239e-004	1.229952e+000
1.334351249322239e-004	1.226346e+000
1.337280936822239e-004	1.227316e+000
1.340210624322238e-004	1.224725e+000
1.343140311822238e-004	1.222396e+000
1.346069999322238e-004	1.223626e+000
1.348999686822238e-004	1.220120e+000
1.351929374322238e-004	1.219308e+000
1.354859061822238e-004	1.219371e+000
1.357788749322238e-004	1.215475e+000
1.360718436822238e-004	1.215849e+000
1.363648124322238e-004	1.214612e+000
1.366577811822238e-004	1.211728e+000
1.369507499322238e-004	1.212689e+000
1.372437186822238e-004	1.209956e+000
1.375366874322238e-004	1.208391e+000
1.378296561822238e-004	1.209137e+000
1.381226249322238e-004	1.205672e+000
1.384155936822238e-004	1.205347e+000
1.387085624322238e-004	1.205078e+000
1.390015311822238e-004	1.201904e+000
1.392944999322238e-004	1.202446e+000
1.395874686822237e-004	1.200768e+000
1.398804374322237e-004	1.198576e+000
1.401734061822237e-004	1.199375e+000
1.404663749322237e-004	1.196575e+000
1.407593436822237e-004	1.195557e+000
1.410523124322237e-004	1.195871e+000
1.413452811822237e-004	1.192757e+000
1.416382499322237e-004	1.192740e+000
1.419312186822237e-004	1.191971e+000
1.422241874322237e-004	1.189372e+000
1.425171561822237e-004	1.189934e+000
1.428101249322237e-004	1.187956e+000
1.431030936822237e-004	1.186324e+000
1.433960624322237e-004	1.186859e+000
1.436890311822237e-004	1.184128e+000
1.439819999322237e-004	1.183508e+000
1.442749686822237e-004	1.183381e+000
1.445679374322237e-004	1.180656e+000
1.448609061822237e-004	1.180804e+000
1.451538749322237e-004	1.179627e+000
1.454468436822236e-004	1.177536e+000
1.457398124322236e-004	1.178002e+000
1.460327811822236e-004	1.175865e+000
1.463257499322236e-004	1.174677e+000
1.466187186822236e-004	1.174893e+000
1.469116874322236e-004	1.172329e+000
1.472046561822236e-004	1.171982e+000
1.474976249322236e-004	1.171447e+000
1.477905936822236e-004	1.169114e+000
1.480835624322236e-004	1.169313e+000
1.483765311822236e-004	1.167837e+000
1.486694999322236e-004	1.166182e+000
1.489624686822236e-004	1.166474e+000
1.492554374322236e-004	1.164299e+000
1.495484061822236e-004	1.163451e+000
1.498413749322236e-004	1.163334e+000
1.501343436822236e-004	1.161000e+000
1.504273124322236e-004	1.160820e+000
1.507202811822236e-004	1.159942e+000
1.510132499322235e-004	1.157981e+000
1.513062186822235e-004	1.158144e+000
1.515991874322235e-004	1.156481e+000
1.518921561822235e-004	1.155189e+000
1.521851249322235e-004	1.155261e+000
1.524780936822235e-004	1.153144e+000
1.527710624322235e-004	1.152544e+000
1.530640311822235e-004	1.152115e+000
1.533569999322235e-004	1.150042e+000
1.536499686822235e-004	1.149943e+000
1.539429374322235e-004	1.148801e+000
1.542359061822235e-004	1.147177e+000
1.545288749322235e-004	1.147803e+000
1.547070312500000e-004	1.146698e+000
1.550000000000000e-004	1.142599e+000
1.550292968750000e-004	1.151082e+000
1.550878906250000e-004	1.184882e+000
1.552050781250000e-004	1.283004e+000
1.552945090119555e-004	1.334277e+000
1.554118004762758e-004	1.326965e+000
1.555300992919218e-004	1.292331e+000
1.556334471176681e-004	1.309033e+000
1.557439234642212e-004	1.371172e+000
1.558324785282771e-004	1.389443e+000
1.559495798726622e-004	1.346273e+000
1.560407602832123e-004	1.319243e+000
1.561669941604097e-004	1.344478e+000
1.562829930977478e-004	1.377834e+000
1.564004477380618e-004	1.359070e+000
1.565218377228571e-004	1.313185e+000
1.566290080578423e-004	1.315170e+000
1.567476519839066e-004	1.355177e+000
1.568463103021146e-004	1.356920e+000
1.569694140977205e-004	1.308493e+000
1.570630068516200e-004	1.289639e+000
1.571924642318611e-004	1.318614e+000
1.573055186215508e-004	1.335853e+000
1.574378709056540e-004	1.306299e+000
1.575819925013822e-004	1.276801e+000
1.577131172264326e-004	1.295219e+000
1.578459946643601e-004	1.309095e+000
1.579903433607595e-004	1.276235e+000
1.581195730922200e-004	1.256239e+000
1.582643013999851e-004	1.278903e+000
1.583898405953743e-004	1.285734e+000
1.585338832514325e-004	1.250363e+000
1.586533825749566e-004	1.235412e+000
1.587974274832064e-004	1.259232e+000
1.589169572498744e-004	1.263948e+000
1.590620633633017e-004	1.229460e+000
1.591807116846182e-004	1.216466e+000
1.593265888779441e-004	1.238890e+000
1.594470878174554e-004	1.241694e+000
1.595949474820150e-004	1.208607e+000
1.597147029097334e-004	1.198126e+000
1.598637698192965e-004	1.218049e+000
1.600000000000000e-004	1.230439e+000
1.600136230180704e-004	1.224441e+000
1.600408690542111e-004	1.211660e+000
1.600953611264925e-004	1.191346e+000
1.602043452710553e-004	1.181860e+000
1.603214191134924e-004	1.202361e+000
1.604356838352816e-004	1.214143e+000
1.605838980240265e-004	1.194237e+000
1.607230384034854e-004	1.183795e+000
1.608809900097305e-004	1.202597e+000
1.610241953133937e-004	1.206915e+000
1.611884300172930e-004	1.185691e+000
1.613284284063679e-004	1.185763e+000
1.614932803707994e-004	1.204296e+000
1.616458598644122e-004	1.197767e+000
1.618132914270880e-004	1.183454e+000
1.619983136350474e-004	1.194479e+000
1.621836473664602e-004	1.198592e+000
1.623761856041228e-004	1.183196e+000
1.625472368447385e-004	1.187211e+000
1.627357574750581e-004	1.197442e+000
1.629517752854842e-004	1.185951e+000
1.631651796517941e-004	1.185574e+000
1.633676946330760e-004	1.194957e+000
1.635751684583346e-004	1.185738e+000
1.637877884117909e-004	1.182491e+000
1.640088417124637e-004	1.192295e+000
1.642190068705203e-004	1.185038e+000
1.644377837539049e-004	1.180769e+000
1.646867239014093e-004	1.189804e+000
1.649144665777293e-004	1.183200e+000
1.651498870616868e-004	1.180004e+000
1.654188243745619e-004	1.187274e+000
1.656747718003062e-004	1.180606e+000
1.659338755414290e-004	1.180475e+000
1.662016870281453e-004	1.185151e+000
1.664946557781453e-004	1.178360e+000
1.667876245281453e-004	1.181706e+000
1.670570533067978e-004	1.182687e+000
1.673500220567978e-004	1.176602e+000
1.676429908067978e-004	1.181403e+000
1.679359595567978e-004	1.179071e+000
1.682289283067978e-004	1.176075e+000
1.685218970567978e-004	1.181022e+000
1.688148658067978e-004	1.176114e+000
1.691078345567978e-004	1.176231e+000
1.694008033067978e-004	1.179284e+000
1.696937720567978e-004	1.174125e+000
1.699867408067978e-004	1.177478e+000
1.702797095567978e-004	1.177415e+000
1.705726783067978e-004	1.173184e+000
1.708656470567978e-004	1.177834e+000
1.711586158067978e-004	1.175156e+000
1.714515845567978e-004	1.173788e+000
1.717445533067978e-004	1.177869e+000
1.720375220567977e-004	1.173403e+000
1.723304908067977e-004	1.174888e+000
1.726234595567977e-004	1.176829e+000
1.729164283067977e-004	1.172475e+000
1.732093970567977e-004	1.176109e+000
1.735023658067977e-004	1.175267e+000
1.737953345567977e-004	1.172535e+000
1.740883033067977e-004	1.176792e+000
1.743812720567977e-004	1.173760e+000
1.746742408067977e-004	1.173526e+000
1.749672095567977e-004	1.176663e+000
1.752601783067977e-004	1.172778e+000
1.755531470567977e-004	1.175102e+000
1.758461158067977e-004	1.175974e+000
1.761390845567977e-004	1.172474e+000
1.764320533067977e-004	1.176249e+000
1.767250220567977e-004	1.175079e+000
1.770179908067977e-004	1.173681e+000
1.773109595567977e-004	1.177383e+000
1.776039283067976e-004	1.174340e+000
1.778968970567976e-004	1.175052e+000
1.781898658067976e-004	1.177386e+000
1.784828345567976e-004	1.174197e+000
1.787758033067976e-004	1.176927e+000
1.790687720567976e-004	1.177029e+000
1.793617408067976e-004	1.174663e+000
1.796547095567976e-004	1.178331e+000
1.799476783067976e-004	1.176738e+000
1.802406470567976e-004	1.176273e+000
1.805336158067976e-004	1.179292e+000
1.808265845567976e-004	1.176488e+000
1.811195533067976e-004	1.177961e+000
1.814125220567976e-004	1.179464e+000
1.817054908067976e-004	1.176830e+000
1.819984595567976e-004	1.179775e+000
1.822914283067976e-004	1.179493e+000
1.825843970567976e-004	1.178115e+000
1.828773658067976e-004	1.181363e+000
1.831703345567975e-004	1.179619e+000
1.834633033067975e-004	1.180111e+000
1.837562720567975e-004	1.182486e+000
1.840492408067975e-004	1.179823e+000
1.843422095567975e-004	1.181734e+000
1.846351783067975e-004	1.182843e+000
1.849281470567975e-004	1.181050e+000
1.852211158067975e-004	1.183844e+000
1.855140845567975e-004	1.183110e+000
1.858070533067975e-004	1.182726e+000
1.861000220567975e-004	1.185735e+000
1.863929908067975e-004	1.184012e+000
1.866859595567975e-004	1.185041e+000
1.869789283067975e-004	1.186847e+000
1.872718970567975e-004	1.184757e+000
1.875648658067975e-004	1.186932e+000
1.878578345567975e-004	1.187431e+000
1.881508033067975e-004	1.186359e+000
1.884437720567975e-004	1.189085e+000
1.887367408067975e-004	1.188086e+000
1.890297095567974e-004	1.188315e+000
1.893226783067974e-004	1.190808e+000
1.896156470567974e-004	1.189084e+000
1.899086158067974e-004	1.190529e+000
1.902015845567974e-004	1.191996e+000
1.904945533067974e-004	1.190568e+000
1.907875220567974e-004	1.192863e+000
1.910804908067974e-004	1.192913e+000
1.913734595567974e-004	1.192462e+000
1.916664283067974e-004	1.195007e+000
1.919593970567974e-004	1.193927e+000
1.922523658067974e-004	1.194644e+000
1.925453345567974e-004	1.196701e+000
1.928383033067974e-004	1.195300e+000
1.931312720567974e-004	1.197018e+000
1.934242408067974e-004	1.197987e+000
1.937172095567974e-004	1.197091e+000
1.940101783067974e-004	1.199395e+000
1.943031470567974e-004	1.199145e+000
1.945961158067973e-004	1.199214e+000
1.948890845567973e-004	1.201499e+000
1.951820533067973e-004	1.200478e+000
1.954750220567973e-004	1.201567e+000
1.957679908067973e-004	1.203193e+000
1.960609595567973e-004	1.202158e+000
1.963539283067973e-004	1.204034e+000
1.966468970567973e-004	1.204603e+000
1.969398658067973e-004	1.204189e+000
1.972328345567973e-004	1.206405e+000
1.975258033067973e-004	1.205995e+000
1.978187720567973e-004	1.206488e+000
1.981117408067973e-004	1.208469e+000
1.984047095567973e-004	1.207603e+000
1.986976783067973e-004	1.208960e+000
1.989906470567973e-004	1.210192e+000
1.992836158067973e-004	1.209529e+000
1.995765845567973e-004	1.213010e+000
1.997070312500000e-004	1.213970e+000
1.997391066135945e-004	1.212921e+000
1.998032573407835e-004	1.209668e+000
1.998716985456221e-004	1.208665e+000
2.000000000000000e-004	1.211836e+000
2.000128301454378e-004	1.212685e+000
2.000384904363134e-004	1.214092e+000
2.000898110180646e-004	1.214993e+000
2.001924521815669e-004	1.211730e+000
2.003977345085715e-004	1.203063e+000
2.006907032585715e-004	1.195626e+000
2.009836720085715e-004	1.186835e+000
2.012766407585715e-004	1.177213e+000
2.015696095085715e-004	1.169829e+000
2.018625782585715e-004	1.160380e+000
2.021555470085715e-004	1.151614e+000
2.024485157585715e-004	1.144026e+000
2.027414845085715e-004	1.134092e+000
2.030344532585715e-004	1.125778e+000
2.033274220085715e-004	1.117088e+000
2.036203907585715e-004	1.106508e+000
2.039133595085715e-004	1.097239e+000
2.042063282585715e-004	1.085331e+000
2.044992970085715e-004	1.071208e+000
2.047070312500000e-004	1.059353e+000
2.050000000000000e-004	1.034937e+000
2.050292968750000e-004	1.037902e+000
2.050878906250000e-004	1.060465e+000
2.052050781250000e-004	1.136612e+000
2.052875668867771e-004	1.170963e+000
2.053917713714575e-004	1.147637e+000
2.054988033580094e-004	1.086921e+000
2.055840712311640e-004	1.070750e+000
2.056843059496208e-004	1.106845e+000
2.057601414925748e-004	1.129351e+000
2.058610329061278e-004	1.105606e+000
2.059640497085740e-004	1.050910e+000
2.060496852579562e-004	1.034288e+000
2.061517013498878e-004	1.065952e+000
2.062312368661213e-004	1.087445e+000
2.063348492216634e-004	1.066445e+000
2.064406645940012e-004	1.018056e+000
2.065300594814387e-004	1.005600e+000
2.066351076911196e-004	1.036850e+000
2.067166363589649e-004	1.052956e+000
2.068370624983228e-004	1.025437e+000
2.069516147098359e-004	9.876082e-001
2.070575235813259e-004	9.900777e-001
2.071684881403490e-004	1.020877e+000
2.072619761438035e-004	1.021674e+000
2.073772202484974e-004	9.819031e-001
2.074631708162301e-004	9.636310e-001
2.075865679890460e-004	9.816734e-001
2.077166557759130e-004	1.001196e+000
2.078349851185994e-004	9.826978e-001
2.079703558530435e-004	9.560501e-001
2.081087983629097e-004	9.692762e-001
2.082387661186477e-004	9.861494e-001
2.083757002661290e-004	9.687922e-001
2.085138364446934e-004	9.523910e-001
2.086556643844913e-004	9.708890e-001
2.088040269371773e-004	9.850320e-001
2.089406494066694e-004	9.648268e-001
2.090620950387536e-004	9.552287e-001
2.092050048385250e-004	9.790725e-001
2.093250446097995e-004	9.890634e-001
2.094665767591530e-004	9.673870e-001
2.095848322427230e-004	9.592813e-001
2.097265299782338e-004	9.820457e-001
2.098479499660076e-004	9.915855e-001
2.099918032614123e-004	9.715949e-001
2.101131354783437e-004	9.651170e-001
2.102588341322765e-004	9.886346e-001
2.103876713572773e-004	1.002498e+000
2.105389190826681e-004	9.959051e-001
2.106776328756377e-004	9.994954e-001
2.108396872481873e-004	1.019201e+000
2.109942969201732e-004	1.022414e+000
2.111670365400070e-004	1.017828e+000
2.113511839866503e-004	1.032816e+000
2.115397937076552e-004	1.046440e+000
2.117612961556453e-004	1.047069e+000
2.119751045432950e-004	1.061899e+000
2.121830070669961e-004	1.079618e+000
2.123465613291602e-004	1.079848e+000
2.125244256379314e-004	1.088878e+000
2.126845543706393e-004	1.111314e+000
2.128042995895951e-004	1.116672e+000
2.129402173065610e-004	1.109278e+000
2.130242171388371e-004	1.114385e+000
2.131212754894129e-004	1.134281e+000
2.132190552012697e-004	1.150207e+000
2.132989934573775e-004	1.149792e+000
2.133823403344425e-004	1.140810e+000
2.134346186343470e-004	1.138958e+000
2.134945633031512e-004	1.146532e+000
2.135632899230883e-004	1.163180e+000
2.136172574688917e-004	1.176156e+000
2.136731697651939e-004	1.182726e+000
2.137437656700196e-004	1.180307e+000
2.138247057776413e-004	1.172293e+000
2.138798501530668e-004	1.171031e+000
2.139445982912105e-004	1.179311e+000
2.140138693866446e-004	1.194978e+000
2.140760011538887e-004	1.207236e+000
2.141459113652222e-004	1.211425e+000
2.142233027572527e-004	1.206399e+000
2.143025327631619e-004	1.201423e+000
2.143809991487557e-004	1.206337e+000
2.144676116895080e-004	1.221094e+000
2.145560214047359e-004	1.232481e+000
2.146560969352448e-004	1.231526e+000
2.147595285722437e-004	1.224550e+000
2.148597519097131e-004	1.226861e+000
2.149794886631382e-004	1.239313e+000
2.150996612344602e-004	1.243279e+000
2.152428789237828e-004	1.235802e+000
2.154163197881742e-004	1.234638e+000
2.155760578927622e-004	1.240824e+000
2.157503740890684e-004	1.237417e+000
2.159415320491382e-004	1.230955e+000
2.161639467796918e-004	1.233894e+000
2.163890241858473e-004	1.231803e+000
2.166819929358473e-004	1.225115e+000
2.169749616858473e-004	1.225622e+000
2.172679304358473e-004	1.220867e+000
2.175608991858473e-004	1.217238e+000
2.178538679358473e-004	1.217135e+000
2.181468366858473e-004	1.211244e+000
2.184398054358473e-004	1.209655e+000
2.187327741858473e-004	1.208098e+000
2.190257429358473e-004	1.202477e+000
2.193187116858473e-004	1.202429e+000
2.196116804358473e-004	1.199161e+000
2.199046491858473e-004	1.194905e+000
2.201976179358473e-004	1.195225e+000
2.204905866858473e-004	1.190597e+000
2.207835554358473e-004	1.188278e+000
2.210765241858472e-004	1.187883e+000
2.213694929358472e-004	1.182703e+000
2.216624616858472e-004	1.181842e+000
2.219554304358472e-004	1.179866e+000
2.222483991858472e-004	1.175332e+000
2.225413679358472e-004	1.175404e+000
2.228343366858472e-004	1.171920e+000
2.231273054358472e-004	1.168970e+000
2.234202741858472e-004	1.169262e+000
2.237132429358472e-004	1.164931e+000
2.240062116858472e-004	1.163433e+000
2.242991804358472e-004	1.162551e+000
2.245921491858472e-004	1.158012e+000
2.248851179358472e-004	1.157674e+000
2.251780866858472e-004	1.155554e+000
2.254710554358472e-004	1.152142e+000
2.257640241858472e-004	1.152349e+000
2.260569929358472e-004	1.148860e+000
2.263499616858472e-004	1.146805e+000
2.266429304358472e-004	1.146785e+000
2.269358991858471e-004	1.142745e+000
2.272288679358471e-004	1.141915e+000
2.275218366858471e-004	1.140914e+000
2.278148054358471e-004	1.137331e+000
2.281077741858471e-004	1.137335e+000
2.284007429358471e-004	1.135020e+000
2.286937116858471e-004	1.132515e+000
2.289866804358471e-004	1.132758e+000
2.292796491858471e-004	1.129478e+000
2.295726179358471e-004	1.128171e+000
2.298655866858471e-004	1.127944e+000
2.301585554358471e-004	1.124534e+000
2.304515241858471e-004	1.124214e+000
2.307444929358471e-004	1.122968e+000
2.310374616858471e-004	1.120215e+000
2.313304304358471e-004	1.120453e+000
2.316233991858471e-004	1.118121e+000
2.319163679358471e-004	1.116403e+000
2.322093366858471e-004	1.116612e+000
2.325023054358470e-004	1.113693e+000
2.327952741858470e-004	1.112996e+000
2.330882429358470e-004	1.112574e+000
2.333812116858470e-004	1.109821e+000
2.336741804358470e-004	1.109873e+000
2.339671491858470e-004	1.108480e+000
2.342601179358470e-004	1.106462e+000
2.345530866858470e-004	1.106811e+000
2.348460554358470e-004	1.104585e+000
2.351390241858470e-004	1.103502e+000
2.354319929358470e-004	1.103599e+000
2.357249616858470e-004	1.101092e+000
2.360179304358470e-004	1.100834e+000
2.363108991858470e-004	1.100214e+000
2.366038679358470e-004	1.098049e+000
2.368968366858470e-004	1.098303e+000
2.371898054358470e-004	1.096817e+000
2.374827741858470e-004	1.095382e+000
2.377757429358470e-004	1.095697e+000
2.380687116858469e-004	1.093619e+000
2.383616804358469e-004	1.092983e+000
2.386546491858469e-004	1.092882e+000
2.389476179358469e-004	1.090748e+000
2.392405866858469e-004	1.090739e+000
2.395335554358469e-004	1.089902e+000
2.398265241858469e-004	1.088203e+000
2.401194929358469e-004	1.088488e+000
2.404124616858469e-004	1.086928e+000
2.407054304358469e-004	1.085905e+000
2.409983991858469e-004	1.086060e+000
2.412913679358469e-004	1.084126e+000
2.415843366858469e-004	1.083760e+000
2.418773054358469e-004	1.083400e+000
2.421702741858469e-004	1.081576e+000
2.424632429358469e-004	1.081655e+000
2.427562116858469e-004	1.080604e+000
2.430491804358469e-004	1.079254e+000
2.433421491858469e-004	1.079441e+000
2.436351179358469e-004	1.077835e+000
2.439280866858468e-004	1.077088e+000
2.442210554358469e-004	1.077010e+000
2.445140241858469e-004	1.075224e+000
2.448069929358469e-004	1.074998e+000
2.450999616858469e-004	1.074375e+000
2.453929304358470e-004	1.072814e+000
2.456858991858470e-004	1.072873e+000
2.459788679358470e-004	1.071655e+000
2.462718366858470e-004	1.070571e+000
2.465648054358470e-004	1.070596e+000
2.468577741858471e-004	1.068996e+000
2.471507429358471e-004	1.068435e+000
2.474437116858471e-004	1.068115e+000
2.477366804358471e-004	1.066491e+000
2.480296491858472e-004	1.066326e+000
2.483226179358472e-004	1.065484e+000
2.486155866858472e-004	1.064158e+000
2.489085554358472e-004	1.064143e+000
2.492015241858472e-004	1.062827e+000
2.494944929358473e-004	1.061957e+000
2.497874616858473e-004	1.061802e+000
2.500804304358473e-004	1.060263e+000
2.503733991858473e-004	1.059830e+000
2.506663679358474e-004	1.059296e+000
2.509593366858474e-004	1.057851e+000
2.512523054358474e-004	1.057698e+000
2.515452741858474e-004	1.056700e+000
2.518382429358474e-004	1.055587e+000
2.521312116858475e-004	1.055472e+000
2.524241804358475e-004	1.054128e+000
2.527171491858475e-004	1.053430e+000
2.530101179358475e-004	1.053102e+000
2.533030866858475e-004	1.051667e+000
2.535960554358476e-004	1.051317e+000
2.538890241858476e-004	1.050612e+000
2.541819929358476e-004	1.049349e+000
2.544749616858476e-004	1.049327e+000
2.547070312500000e-004	1.048462e+000
2.550000000000000e-004	1.046035e+000
2.550292968750000e-004	1.053632e+000
2.550878906250000e-004	1.084326e+000
2.552050781250000e-004	1.172981e+000
2.552926784330263e-004	1.216176e+000
2.554079148004730e-004	1.203738e+000
2.555239897219382e-004	1.167792e+000
2.556238356817698e-004	1.182621e+000
2.557303825777930e-004	1.243843e+000
2.558140895123461e-004	1.266210e+000
2.559284190786006e-004	1.230886e+000
2.560241540600925e-004	1.198861e+000
2.561310270580418e-004	1.213743e+000
2.562402379325799e-004	1.254875e+000
2.563398325596295e-004	1.254123e+000
2.564527207729272e-004	1.205944e+000
2.565395867236612e-004	1.187253e+000
2.566596093709437e-004	1.217232e+000
2.567662242950323e-004	1.240316e+000
2.568917051324733e-004	1.215180e+000
2.570165746531454e-004	1.179984e+000
2.571371277054414e-004	1.191300e+000
2.572607973992668e-004	1.219387e+000
2.573788568820855e-004	1.204536e+000
2.575043170528322e-004	1.165970e+000
2.576150607979687e-004	1.167526e+000
2.577380428949805e-004	1.198985e+000
2.578423814297784e-004	1.197171e+000
2.579689836766095e-004	1.156817e+000
2.580679738317393e-004	1.145025e+000
2.581981455881577e-004	1.172516e+000
2.583029242176750e-004	1.182166e+000
2.584396938210982e-004	1.151512e+000
2.585601054494292e-004	1.132381e+000
2.586990492222447e-004	1.150248e+000
2.588298358171844e-004	1.160088e+000
2.589731582295257e-004	1.132747e+000
2.591020890472718e-004	1.117240e+000
2.592490657970511e-004	1.136207e+000
2.593760647420590e-004	1.140662e+000
2.595242273987938e-004	1.111245e+000
2.596460450079196e-004	1.100998e+000
2.597944626577625e-004	1.125215e+000
2.598749080717338e-004	1.129591e+000
2.600000000000000e-004	1.102890e+000
2.600125091928266e-004	1.097054e+000
2.600375275784799e-004	1.087515e+000
2.600875643497864e-004	1.080175e+000
2.601876378923994e-004	1.093201e+000
2.602969599169418e-004	1.113208e+000
2.604272190734844e-004	1.109606e+000
2.605612730148557e-004	1.089065e+000
2.606916508190027e-004	1.091523e+000
2.608382840539401e-004	1.110249e+000
2.609793175318120e-004	1.104570e+000
2.611348042352748e-004	1.088322e+000
2.612959256210233e-004	1.097314e+000
2.614616840079744e-004	1.106385e+000
2.616606007991577e-004	1.091266e+000
2.618328973424837e-004	1.090549e+000
2.620176202832376e-004	1.103988e+000
2.621893271692918e-004	1.096467e+000
2.623727622228384e-004	1.087781e+000
2.626005334986062e-004	1.099864e+000
2.627924824311360e-004	1.096769e+000
2.629960779269204e-004	1.086871e+000
2.632123751980346e-004	1.095509e+000
2.634287082874327e-004	1.095096e+000
2.636388018085762e-004	1.085988e+000
2.638520517151349e-004	1.093291e+000
2.640695233880777e-004	1.094418e+000
2.642940223724450e-004	1.085236e+000
2.645122741058778e-004	1.091411e+000
2.647365356519153e-004	1.093040e+000
2.649797836920954e-004	1.084656e+000
2.652139251326156e-004	1.090334e+000
2.654529388533053e-004	1.090834e+000
2.657083282738375e-004	1.084082e+000
2.659704225464721e-004	1.089734e+000
2.662338123106163e-004	1.087666e+000
2.664922543616417e-004	1.083262e+000
2.667852231116418e-004	1.088905e+000
2.670781918616418e-004	1.084436e+000
2.673461971181495e-004	1.083347e+000
2.676391658681495e-004	1.087976e+000
2.679321346181496e-004	1.082850e+000
2.682251033681496e-004	1.084811e+000
2.685145473688479e-004	1.086369e+000
2.688075161188479e-004	1.081545e+000
2.691004848688480e-004	1.085591e+000
2.693934536188480e-004	1.084137e+000
2.696864223688480e-004	1.081363e+000
2.699793911188480e-004	1.085851e+000
2.702723598688481e-004	1.082077e+000
2.705653286188481e-004	1.081983e+000
2.708582973688481e-004	1.085053e+000
2.711512661188481e-004	1.080734e+000
2.714442348688481e-004	1.083435e+000
2.717372036188482e-004	1.083855e+000
2.720301723688482e-004	1.080137e+000
2.723231411188482e-004	1.084302e+000
2.726161098688482e-004	1.082566e+000
2.729090786188483e-004	1.081222e+000
2.732020473688483e-004	1.085045e+000
2.734950161188483e-004	1.081395e+000
2.737879848688483e-004	1.082300e+000
2.740809536188483e-004	1.084489e+000
2.743739223688484e-004	1.081042e+000
2.746668911188484e-004	1.084199e+000
2.749598598688484e-004	1.083967e+000
2.752528286188484e-004	1.081519e+000
2.755457973688484e-004	1.085358e+000
2.758387661188485e-004	1.083195e+000
2.761317348688485e-004	1.082857e+000
2.764247036188485e-004	1.085900e+000
2.767176723688485e-004	1.082769e+000
2.770106411188486e-004	1.084698e+000
2.773036098688486e-004	1.085936e+000
2.775965786188486e-004	1.082930e+000
2.778895473688486e-004	1.086230e+000
2.781825161188486e-004	1.085707e+000
2.784754848688487e-004	1.084414e+000
2.787684536188487e-004	1.087845e+000
2.790614223688487e-004	1.085578e+000
2.793543911188487e-004	1.086105e+000
2.796473598688488e-004	1.088512e+000
2.799403286188488e-004	1.085902e+000
2.802332973688488e-004	1.088237e+000
2.805262661188488e-004	1.088802e+000
2.808192348688488e-004	1.086751e+000
2.811122036188489e-004	1.090025e+000
2.814051723688489e-004	1.089065e+000
2.816981411188489e-004	1.088588e+000
2.819911098688489e-004	1.091468e+000
2.822840786188490e-004	1.089329e+000
2.825770473688490e-004	1.090586e+000
2.828700161188490e-004	1.092294e+000
2.831629848688490e-004	1.090094e+000
2.834559536188490e-004	1.092688e+000
2.837489223688491e-004	1.092911e+000
2.840418911188491e-004	1.091768e+000
2.843348598688491e-004	1.094858e+000
2.846278286188491e-004	1.093689e+000
2.849207973688492e-004	1.093945e+000
2.852137661188492e-004	1.096375e+000
2.855067348688492e-004	1.094499e+000
2.857997036188492e-004	1.096157e+000
2.860926723688492e-004	1.097315e+000
2.863856411188493e-004	1.095721e+000
2.866786098688493e-004	1.098240e+000
2.869715786188493e-004	1.098030e+000
2.872645473688493e-004	1.097690e+000
2.875575161188493e-004	1.100492e+000
2.878504848688494e-004	1.099287e+000
2.881434536188494e-004	1.100184e+000
2.884364223688494e-004	1.102091e+000
2.887293911188494e-004	1.100430e+000
2.890223598688495e-004	1.102379e+000
2.893153286188495e-004	1.103225e+000
2.896082973688495e-004	1.102329e+000
2.899012661188495e-004	1.104825e+000
2.901942348688495e-004	1.104331e+000
2.904872036188496e-004	1.104549e+000
2.907801723688496e-004	1.106956e+000
2.910731411188496e-004	1.105697e+000
2.913661098688496e-004	1.106995e+000
2.916590786188497e-004	1.108623e+000
2.919520473688497e-004	1.107486e+000
2.922450161188497e-004	1.109572e+000
2.925379848688497e-004	1.110003e+000
2.928309536188497e-004	1.109652e+000
2.931239223688498e-004	1.112038e+000
2.934168911188498e-004	1.111415e+000
2.937098598688498e-004	1.112076e+000
2.940028286188498e-004	1.114146e+000
2.942957973688499e-004	1.113116e+000
2.945887661188499e-004	1.114678e+000
2.948817348688499e-004	1.115879e+000
2.951747036188499e-004	1.115189e+000
2.954676723688499e-004	1.117319e+000
2.957606411188500e-004	1.117453e+000
2.960536098688500e-004	1.117563e+000
2.963465786188500e-004	1.119765e+000
2.966395473688500e-004	1.119141e+000
2.969325161188501e-004	1.120147e+000
2.972254848688501e-004	1.121867e+000
2.975184536188501e-004	1.121119e+000
2.978114223688501e-004	1.122849e+000
2.981043911188501e-004	1.123692e+000
2.983973598688502e-004	1.123414e+000
2.986903286188502e-004	1.125504e+000
2.989832973688502e-004	1.125460e+000
2.992762661188502e-004	1.125952e+000
2.995692348688502e-004	1.128765e+000
2.997070312500000e-004	1.126698e+000
2.997244072377005e-004	1.125938e+000
2.997591592131017e-004	1.124756e+000
2.998286631639040e-004	1.124471e+000
2.998609920983954e-004	1.125457e+000
2.999256499673782e-004	1.128735e+000
3.000000000000000e-004	1.132205e+000
