time	powerLoad	powerMOS	V(measure)	I(Load)	Id(MOS)	I(module)	powerModule
0.000000000000000e+000	2.109116e+001	2.109575e-009	4.592511e+001	4.592511e-001	4.593511e-011	4.592511e-001	-2.109116e+001
9.143467235824725e-009	2.093427e+001	6.247247e-002	4.575399e+001	4.575399e-001	1.365400e-003	4.589053e-001	-2.099675e+001
1.828693447164945e-008	2.062254e+001	2.480456e-001	4.541205e+001	4.541205e-001	5.462109e-003	4.595826e-001	-2.087059e+001
2.743040170747418e-008	2.015947e+001	5.518181e-001	4.489929e+001	4.489929e-001	1.229013e-002	4.612831e-001	-2.071128e+001
3.657386894329890e-008	1.955030e+001	9.660896e-001	4.421572e+001	4.421573e-001	2.184946e-002	4.640067e-001	-2.051639e+001
4.571733617912363e-008	1.880206e+001	1.480360e+000	4.336134e+001	4.336134e-001	3.414010e-002	4.677535e-001	-2.028242e+001
5.486080341494836e-008	1.792349e+001	2.081331e+000	4.233614e+001	4.233615e-001	4.916204e-002	4.725235e-001	-2.000482e+001
6.400427065077305e-008	1.692510e+001	2.752904e+000	4.114013e+001	4.114013e-001	6.691530e-002	4.783166e-001	-1.967801e+001
1.280042688407294e-007	9.935571e+000	7.583181e+000	3.152074e+001	3.152074e-001	2.405775e-001	5.557848e-001	-1.751875e+001
1.912721382725684e-007	3.911079e+000	1.019945e+001	1.977645e+001	1.977645e-001	5.157374e-001	7.135084e-001	-1.411067e+001
2.871869418213351e-007	2.320827e-001	5.039724e+000	4.817496e+000	4.817496e-002	1.046129e+000	1.094413e+000	-5.272329e+000
3.713848482480372e-007	2.281764e-004	2.271269e-001	1.510551e-001	1.510551e-003	1.503603e+000	1.505311e+000	-2.273849e-001
4.713253028726935e-007	1.967202e-004	2.830937e-001	1.402570e-001	1.402570e-003	2.018393e+000	2.019994e+000	-2.833183e-001
5.747038304740701e-007	1.875126e-004	3.485752e-001	1.369352e-001	1.369352e-003	2.545548e+000	2.547118e+000	-3.487911e-001
7.700163304740700e-007	1.784283e-004	4.711561e-001	1.335770e-001	1.335770e-003	3.527224e+000	3.528680e+000	-4.713572e-001
9.653288304740700e-007	1.719210e-004	5.884504e-001	1.311187e-001	1.311186e-003	4.487923e+000	4.489217e+000	-5.886296e-001
1.160641330474070e-006	1.660448e-004	6.978108e-001	1.288584e-001	1.288584e-003	5.415331e+000	5.416594e+000	-6.979777e-001
1.355953830474070e-006	1.593860e-004	7.940357e-001	1.262482e-001	1.262482e-003	6.289483e+000	6.290744e+000	-7.941951e-001
1.551266330474070e-006	1.508160e-004	8.689814e-001	1.228072e-001	1.228072e-003	7.075983e+000	7.077210e+000	-8.691322e-001
1.746578830474070e-006	1.394280e-004	9.124025e-001	1.180796e-001	1.180796e-003	7.727009e+000	7.728190e+000	-9.125419e-001
1.941891330474071e-006	1.249081e-004	9.154684e-001	1.117623e-001	1.117623e-003	8.191211e+000	8.192350e+000	-9.155958e-001
2.137203830474071e-006	1.078424e-004	8.759328e-001	1.038472e-001	1.038472e-003	8.434822e+000	8.435916e+000	-8.760464e-001
2.309513548533878e-006	9.148219e-005	8.074142e-001	9.564632e-002	9.564632e-004	8.441665e+000	8.442672e+000	-8.075105e-001
2.483927232952075e-006	7.469286e-005	7.121126e-001	8.642503e-002	8.642504e-004	8.239657e+000	8.240547e+000	-7.121895e-001
2.672816458131210e-006	5.757612e-005	5.930208e-001	7.587893e-002	7.587893e-004	7.815355e+000	7.816125e+000	-5.930792e-001
2.868128958131210e-006	4.209789e-005	4.670901e-001	6.488288e-002	6.488289e-004	7.198973e+000	7.199626e+000	-4.671325e-001
3.063441458131211e-006	2.949833e-005	3.508114e-001	5.431236e-002	5.431236e-004	6.459144e+000	6.459696e+000	-3.508413e-001
3.258753958131211e-006	1.994556e-005	2.530954e-001	4.466045e-002	4.466045e-004	5.667103e+000	5.667578e+000	-2.531166e-001
3.454066458131211e-006	1.320446e-005	1.780776e-001	3.633794e-002	3.633794e-004	4.900598e+000	4.901016e+000	-1.780928e-001
3.649378958131211e-006	8.787174e-006	1.255241e-001	2.964317e-002	2.964317e-004	4.234504e+000	4.234881e+000	-1.255353e-001
3.844691458131210e-006	6.123391e-006	9.238764e-002	2.474549e-002	2.474549e-004	3.733515e+000	3.733859e+000	-9.239617e-002
4.040003958131210e-006	4.679371e-006	7.438987e-002	2.163186e-002	2.163185e-004	3.438904e+000	3.439214e+000	-7.439657e-002
4.213457403275636e-006	4.137336e-006	6.873887e-002	2.034044e-002	2.034044e-004	3.379419e+000	3.379694e+000	-6.874446e-002
4.389224366509990e-006	4.139728e-006	7.174603e-002	2.034632e-002	2.034632e-004	3.526241e+000	3.526495e+000	-7.175121e-002
4.574745268093357e-006	4.616061e-006	8.346256e-002	2.148502e-002	2.148502e-004	3.884686e+000	3.884906e+000	-8.346800e-002
4.770057768093357e-006	5.509474e-006	1.037187e-001	2.347227e-002	2.347227e-004	4.418775e+000	4.418959e+000	-1.037245e-001
4.873946963813288e-006	6.190313e-006	1.190771e-001	2.488034e-002	2.488034e-004	4.785992e+000	4.786225e+000	-1.190833e-001
5.000000000000000e-006	7.129868e-006	1.406002e-001	2.670181e-002	2.670181e-004	5.265569e+000	5.265747e+000	-1.406074e-001
5.082814936325725e-006	8.086327e-006	1.594166e-001	2.843647e-002	2.843647e-004	5.606061e+000	5.606302e+000	-1.594247e-001
5.165629872651448e-006	9.066886e-006	1.787009e-001	3.011127e-002	3.011127e-004	5.934685e+000	5.934978e+000	-1.787100e-001
5.248444808977172e-006	1.006553e-005	1.983347e-001	3.172622e-002	3.172622e-004	6.251443e+000	6.251776e+000	-1.983448e-001
5.331259745302896e-006	1.107646e-005	2.182034e-001	3.328132e-002	3.328131e-004	6.556334e+000	6.556696e+000	-2.182146e-001
5.414074681628620e-006	1.209409e-005	2.381971e-001	3.477656e-002	3.477656e-004	6.849358e+000	6.849736e+000	-2.382093e-001
5.496889617954344e-006	1.311305e-005	2.582098e-001	3.621195e-002	3.621195e-004	7.130515e+000	7.130899e+000	-2.582231e-001
5.579704554280068e-006	1.412819e-005	2.781401e-001	3.758749e-002	3.758748e-004	7.399805e+000	7.400183e+000	-2.781544e-001
5.775017054280067e-006	1.607299e-005	3.163094e-001	4.009113e-002	4.009113e-004	7.889760e+000	7.890174e+000	-3.163262e-001
5.970329554280067e-006	1.728903e-005	3.401655e-001	4.158008e-002	4.158008e-004	8.180973e+000	8.181417e+000	-3.401841e-001
6.165642054280067e-006	1.759218e-005	3.461115e-001	4.194303e-002	4.194303e-004	8.251942e+000	8.252398e+000	-3.461306e-001
6.341960000293510e-006	1.701621e-005	3.348141e-001	4.125071e-002	4.125070e-004	8.116568e+000	8.117014e+000	-3.348326e-001
6.517246460765312e-006	1.569348e-005	3.088628e-001	3.961499e-002	3.961499e-004	7.796615e+000	7.797038e+000	-3.088796e-001
6.712558960765311e-006	1.362300e-005	2.682215e-001	3.690934e-002	3.690934e-004	7.267036e+000	7.267428e+000	-2.682360e-001
6.907871460765311e-006	1.126080e-005	2.218236e-001	3.355712e-002	3.355712e-004	6.610331e+000	6.610681e+000	-2.218354e-001
7.298496460765310e-006	6.861237e-006	1.353083e-001	2.619396e-002	2.619396e-004	5.165630e+000	5.165894e+000	-1.353152e-001
7.493808960765310e-006	5.246399e-006	1.035151e-001	2.290502e-002	2.290502e-004	4.519318e+000	4.519553e+000	-1.035205e-001
7.689121460765310e-006	4.127351e-006	8.146854e-002	2.031588e-002	2.031588e-004	4.010091e+000	4.010310e+000	-8.147299e-002
7.884433960765310e-006	3.487485e-006	6.885642e-002	1.867481e-002	1.867481e-004	3.687129e+000	3.687343e+000	-6.886042e-002
8.079746460765311e-006	3.279608e-006	6.475802e-002	1.810969e-002	1.810969e-004	3.575877e+000	3.576092e+000	-6.476191e-002
8.256870992975538e-006	3.457981e-006	6.827481e-002	1.859565e-002	1.859565e-004	3.671548e+000	3.671766e+000	-6.827886e-002
8.433831095144718e-006	4.012414e-006	7.920347e-002	2.003101e-002	2.003101e-004	3.954043e+000	3.954263e+000	-7.920803e-002
8.629143595144718e-006	5.068394e-006	1.000091e-001	2.251309e-002	2.251309e-004	4.442262e+000	4.442492e+000	-1.000146e-001
8.824456095144719e-006	6.591791e-006	1.300052e-001	2.567448e-002	2.567449e-004	5.063594e+000	5.063850e+000	-1.300119e-001
9.215081095144720e-006	1.075863e-005	2.119562e-001	3.280035e-002	3.280035e-004	6.462009e+000	6.462337e+000	-2.119670e-001
9.410393595144720e-006	1.300617e-005	2.561101e-001	3.606407e-002	3.606407e-004	7.101530e+000	7.101890e+000	-2.561232e-001
9.605706095144721e-006	1.497717e-005	2.948061e-001	3.870035e-002	3.870034e-004	7.617660e+000	7.618051e+000	-2.948215e-001
9.801018595144721e-006	1.636856e-005	3.221097e-001	4.045808e-002	4.045807e-004	7.961566e+000	7.961991e+000	-3.221270e-001
9.996331095144722e-006	1.697996e-005	3.341041e-001	4.120675e-002	4.120675e-004	8.107994e+000	8.108436e+000	-3.341223e-001
1.016620765602197e-005	1.676762e-005	3.299388e-001	4.094829e-002	4.094829e-004	8.057449e+000	8.057885e+000	-3.299566e-001
1.033813727085480e-005	1.583443e-005	3.116297e-001	3.979250e-002	3.979250e-004	7.831368e+000	7.831789e+000	-3.116465e-001
1.053344977085480e-005	1.412842e-005	2.781456e-001	3.758779e-002	3.758779e-004	7.399894e+000	7.400292e+000	-2.781606e-001
1.072876227085480e-005	1.202090e-005	2.367580e-001	3.467117e-002	3.467117e-004	6.828672e+000	6.829036e+000	-2.367706e-001
1.111938727085480e-005	7.735333e-006	1.525092e-001	2.781247e-002	2.781247e-004	5.483482e+000	5.483763e+000	-1.525170e-001
1.131469977085480e-005	6.024573e-006	1.188395e-001	2.454501e-002	2.454501e-004	4.841696e+000	4.841944e+000	-1.188456e-001
1.151001227085480e-005	4.759866e-006	9.393193e-002	2.181712e-002	2.181712e-004	4.305423e+000	4.305651e+000	-9.393690e-002
1.170532477085480e-005	3.956778e-006	7.810740e-002	1.989165e-002	1.989165e-004	3.926642e+000	3.926861e+000	-7.811176e-002
1.190063727085480e-005	3.578617e-006	7.065343e-002	1.891723e-002	1.891723e-004	3.734871e+000	3.735087e+000	-7.065751e-002
1.207126805192575e-005	3.590243e-006	7.088263e-002	1.894794e-002	1.894794e-004	3.740916e+000	3.741131e+000	-7.088671e-002
1.224401936231043e-005	3.946651e-006	7.790783e-002	1.986618e-002	1.986618e-004	3.921631e+000	3.921853e+000	-7.791224e-002
1.243933186231043e-005	4.756310e-006	9.386190e-002	2.180897e-002	2.180897e-004	4.303822e+000	4.304045e+000	-9.386716e-002
1.263464436231043e-005	6.002793e-006	1.184107e-001	2.450060e-002	2.450060e-004	4.832973e+000	4.833200e+000	-1.184171e-001
1.282995686231043e-005	7.673988e-006	1.513025e-001	2.770196e-002	2.770196e-004	5.461795e+000	5.462061e+000	-1.513103e-001
1.322058186231044e-005	1.179535e-005	2.323277e-001	3.434436e-002	3.434436e-004	6.764653e+000	6.764991e+000	-2.323395e-001
1.341589436231044e-005	1.379162e-005	2.715341e-001	3.713708e-002	3.713708e-004	7.311672e+000	7.312035e+000	-2.715482e-001
1.361120686231044e-005	1.536953e-005	3.025074e-001	3.920399e-002	3.920399e-004	7.716239e+000	7.716639e+000	-3.025234e-001
1.380651936231044e-005	1.630373e-005	3.208385e-001	4.037787e-002	4.037788e-004	7.945900e+000	7.946327e+000	-3.208558e-001
1.397916050794299e-005	1.644577e-005	3.236253e-001	4.055338e-002	4.055339e-004	7.980230e+000	7.980660e+000	-3.236428e-001
1.415424430107712e-005	1.589209e-005	3.127621e-001	3.986489e-002	3.986489e-004	7.845553e+000	7.845973e+000	-3.127789e-001
1.432956932985150e-005	1.472485e-005	2.898546e-001	3.837297e-002	3.837297e-004	7.553613e+000	7.554017e+000	-2.898701e-001
1.452488182985150e-005	1.291896e-005	2.543983e-001	3.594296e-002	3.594296e-004	7.077834e+000	7.078210e+000	-2.544118e-001
1.472019432985150e-005	1.086089e-005	2.139667e-001	3.295586e-002	3.295586e-004	6.492523e+000	6.492863e+000	-2.139779e-001
1.511081932985150e-005	6.996222e-006	1.379661e-001	2.645037e-002	2.645037e-004	5.216038e+000	5.216304e+000	-1.379732e-001
1.530613182985150e-005	5.555275e-006	1.095992e-001	2.356963e-002	2.356963e-004	4.650017e+000	4.650258e+000	-1.096049e-001
1.550144432985150e-005	4.545937e-006	8.971764e-002	2.132120e-002	2.132120e-004	4.207907e+000	4.208133e+000	-8.972245e-002
1.569675682985150e-005	3.968348e-006	7.833584e-002	1.992071e-002	1.992071e-004	3.932381e+000	3.932602e+000	-7.834025e-002
1.589206932985150e-005	3.792960e-006	7.487896e-002	1.947552e-002	1.947552e-004	3.844773e+000	3.844995e+000	-7.488328e-002
1.606845170110831e-005	3.983109e-006	7.862679e-002	1.995773e-002	1.995773e-004	3.939666e+000	3.939891e+000	-7.863127e-002
1.625105813120146e-005	4.546829e-006	8.973525e-002	2.132330e-002	2.132330e-004	4.208320e+000	4.208553e+000	-8.974027e-002
1.644637063120146e-005	5.555776e-006	1.096091e-001	2.357069e-002	2.357069e-004	4.650228e+000	4.650452e+000	-1.096151e-001
1.664168313120146e-005	6.974197e-006	1.375328e-001	2.640870e-002	2.640871e-004	5.207859e+000	5.208082e+000	-1.375401e-001
1.703230813120146e-005	1.072146e-005	2.112270e-001	3.274364e-002	3.274364e-004	6.450933e+000	6.451260e+000	-2.112377e-001
1.722762063120146e-005	1.268649e-005	2.498332e-001	3.561810e-002	3.561810e-004	7.014219e+000	7.014577e+000	-2.498460e-001
1.742293313120146e-005	1.437568e-005	2.830010e-001	3.791527e-002	3.791527e-004	7.464038e+000	7.464425e+000	-2.830158e-001
1.761824563120145e-005	1.553444e-005	3.057444e-001	3.941375e-002	3.941375e-004	7.757302e+000	7.757714e+000	-3.057607e-001
1.781355813120145e-005	1.600277e-005	3.149343e-001	4.000346e-002	4.000346e-004	7.872675e+000	7.873099e+000	-3.149512e-001
1.798308351935826e-005	1.576455e-005	3.102600e-001	3.970460e-002	3.970460e-004	7.814209e+000	7.814627e+000	-3.102766e-001
1.815461338644034e-005	1.490853e-005	2.934606e-001	3.861157e-002	3.861157e-004	7.600327e+000	7.600732e+000	-2.934762e-001
1.834992588644034e-005	1.338367e-005	2.635246e-001	3.658369e-002	3.658369e-004	7.203334e+000	7.203717e+000	-2.635386e-001
1.854523838644033e-005	1.151790e-005	2.268775e-001	3.393804e-002	3.393804e-004	6.685051e+000	6.685402e+000	-2.268894e-001
1.893586338644033e-005	7.726899e-006	1.523443e-001	2.779730e-002	2.779730e-004	5.480543e+000	5.480823e+000	-1.523521e-001
1.913117588644033e-005	6.202999e-006	1.223532e-001	2.490582e-002	2.490582e-004	4.912633e+000	4.912885e+000	-1.223594e-001
1.932648838644033e-005	5.069816e-006	1.000384e-001	2.251625e-002	2.251625e-004	4.442943e+000	4.443176e+000	-1.000437e-001
1.952180088644033e-005	4.350900e-006	8.587504e-002	2.085881e-002	2.085881e-004	4.116967e+000	4.117192e+000	-8.587974e-002
1.971711338644033e-005	4.023985e-006	7.943268e-002	2.005987e-002	2.005987e-004	3.959780e+000	3.960002e+000	-7.943713e-002
1.988743990607041e-005	4.060795e-006	8.015816e-002	2.015142e-002	2.015142e-004	3.977793e+000	3.978015e+000	-8.016263e-002
2.005986688172785e-005	4.423120e-006	8.729812e-002	2.103122e-002	2.103122e-004	4.150883e+000	4.151112e+000	-8.730293e-002
2.025517938172784e-005	5.210050e-006	1.028006e-001	2.282554e-002	2.282553e-004	4.503755e+000	4.503994e+000	-1.028062e-001
2.045049188172784e-005	6.387681e-006	1.259889e-001	2.527386e-002	2.527386e-004	4.984949e+000	4.985202e+000	-1.259956e-001
2.064580438172784e-005	7.929892e-006	1.563381e-001	2.816007e-002	2.816006e-004	5.551764e+000	5.552044e+000	-1.563461e-001
2.103642938172784e-005	1.162252e-005	2.289334e-001	3.409182e-002	3.409183e-004	6.715200e+000	6.715539e+000	-2.289451e-001
2.123174188172784e-005	1.336443e-005	2.631474e-001	3.655739e-002	3.655739e-004	7.198198e+000	7.198565e+000	-2.631609e-001
2.142705438172784e-005	1.471239e-005	2.896112e-001	3.835674e-002	3.835674e-004	7.550465e+000	7.550859e+000	-2.896265e-001
2.162236688172784e-005	1.548085e-005	3.046933e-001	3.934571e-002	3.934571e-004	7.744003e+000	7.744416e+000	-3.047095e-001
2.179396481323940e-005	1.555826e-005	3.062124e-001	3.944396e-002	3.944396e-004	7.763226e+000	7.763640e+000	-3.062287e-001
2.196813478441808e-005	1.503079e-005	2.958607e-001	3.876956e-002	3.876956e-004	7.631262e+000	7.631668e+000	-2.958764e-001
2.214777092597139e-005	1.394372e-005	2.745216e-001	3.734129e-002	3.734129e-004	7.351692e+000	7.352082e+000	-2.745362e-001
2.234308342597139e-005	1.232743e-005	2.427813e-001	3.511044e-002	3.511044e-004	6.914789e+000	6.915154e+000	-2.427941e-001
2.253839592597139e-005	1.049477e-005	2.067724e-001	3.239563e-002	3.239563e-004	6.382724e+000	6.383057e+000	-2.067831e-001
2.292902092597139e-005	7.055178e-006	1.391272e-001	2.656158e-002	2.656158e-004	5.237912e+000	5.238179e+000	-1.391343e-001
2.312433342597138e-005	5.766654e-006	1.137624e-001	2.401386e-002	2.401386e-004	4.737364e+000	4.737608e+000	-1.137683e-001
2.331964592597138e-005	4.863350e-006	9.597169e-002	2.205300e-002	2.205300e-004	4.351865e+000	4.352097e+000	-9.597680e-002
2.351495842597138e-005	4.344435e-006	8.574795e-002	2.084331e-002	2.084331e-004	4.113932e+000	4.114157e+000	-8.575264e-002
2.369019539155978e-005	4.208043e-006	8.306026e-002	2.051351e-002	2.051351e-004	4.049051e+000	4.049274e+000	-8.306484e-002
2.386752275752076e-005	4.391413e-006	8.667367e-002	2.095570e-002	2.095570e-004	4.136043e+000	4.136270e+000	-8.667843e-002
2.404616317049263e-005	4.901610e-006	9.672544e-002	2.213958e-002	2.213958e-004	4.368892e+000	4.369129e+000	-9.673072e-002
2.424147567049263e-005	5.828510e-006	1.149804e-001	2.414231e-002	2.414231e-004	4.762610e+000	4.762856e+000	-1.149866e-001
2.443678817049263e-005	7.117638e-006	1.403565e-001	2.667890e-002	2.667890e-004	5.260955e+000	5.261215e+000	-1.403639e-001
2.482741317049263e-005	1.048089e-005	2.064999e-001	3.237421e-002	3.237420e-004	6.378533e+000	6.378852e+000	-2.065104e-001
2.502272567049263e-005	1.223167e-005	2.409006e-001	3.497380e-002	3.497380e-004	6.888030e+000	6.888372e+000	-2.409129e-001
2.521803817049263e-005	1.373584e-005	2.704406e-001	3.706189e-002	3.706189e-004	7.296999e+000	7.297372e+000	-2.704547e-001
2.541335067049263e-005	1.477356e-005	2.908124e-001	3.843639e-002	3.843639e-004	7.566070e+000	7.566469e+000	-2.908278e-001
2.560866317049262e-005	1.520635e-005	2.993067e-001	3.899532e-002	3.899532e-004	7.675452e+000	7.675861e+000	-2.993227e-001
2.577826203915053e-005	1.501590e-005	2.955689e-001	3.875035e-002	3.875035e-004	7.627516e+000	7.627921e+000	-2.955846e-001
2.594990092112646e-005	1.427924e-005	2.811091e-001	3.778788e-002	3.778788e-004	7.439133e+000	7.439526e+000	-2.811239e-001
2.614521342112646e-005	1.294744e-005	2.549593e-001	3.598256e-002	3.598255e-004	7.085635e+000	7.086009e+000	-2.549727e-001
2.634052592112645e-005	1.129914e-005	2.225800e-001	3.361419e-002	3.361419e-004	6.621610e+000	6.621956e+000	-2.225917e-001
2.673115092112645e-005	7.889080e-006	1.555358e-001	2.808751e-002	2.808751e-004	5.537543e+000	5.537826e+000	-1.555437e-001
2.692646342112645e-005	6.488491e-006	1.279740e-001	2.547252e-002	2.547252e-004	5.024002e+000	5.024259e+000	-1.279805e-001
2.712177592112645e-005	5.429996e-006	1.071331e-001	2.330235e-002	2.330235e-004	4.597521e+000	4.597761e+000	-1.071386e-001
2.731708842112645e-005	4.746415e-006	9.366833e-002	2.178627e-002	2.178627e-004	4.299421e+000	4.299652e+000	-9.367337e-002
2.751240092112645e-005	4.427063e-006	8.737635e-002	2.104059e-002	2.104059e-004	4.152752e+000	4.152980e+000	-8.738113e-002
2.768284884600346e-005	4.452141e-006	8.787050e-002	2.110010e-002	2.110010e-004	4.164459e+000	4.164687e+000	-8.787530e-002
2.785540497709512e-005	4.783693e-006	9.440276e-002	2.187166e-002	2.187166e-004	4.316215e+000	4.316448e+000	-9.440787e-002
2.805071747709512e-005	5.507316e-006	1.086558e-001	2.346767e-002	2.346767e-004	4.630020e+000	4.630267e+000	-1.086616e-001
2.824602997709512e-005	6.583789e-006	1.298499e-001	2.565889e-002	2.565889e-004	5.060619e+000	5.060874e+000	-1.298568e-001
2.844134247709512e-005	7.982095e-006	1.573658e-001	2.825260e-002	2.825260e-004	5.569956e+000	5.570226e+000	-1.573739e-001
2.883196747709512e-005	1.129705e-005	2.225394e-001	3.361109e-002	3.361109e-004	6.621011e+000	6.621347e+000	-2.225507e-001
2.902727997709512e-005	1.285305e-005	2.531059e-001	3.585115e-002	3.585115e-004	7.059909e+000	7.060270e+000	-2.531189e-001
2.922259247709511e-005	1.405922e-005	2.767900e-001	3.749562e-002	3.749562e-004	7.381928e+000	7.382313e+000	-2.768045e-001
2.941790497709511e-005	1.475463e-005	2.904413e-001	3.841176e-002	3.841176e-004	7.561260e+000	7.561660e+000	-2.904567e-001
2.958982628126184e-005	1.483928e-005	2.921029e-001	3.852179e-002	3.852179e-004	7.582795e+000	7.583196e+000	-2.921183e-001
2.976427169310095e-005	1.439067e-005	2.832971e-001	3.793504e-002	3.793504e-004	7.467952e+000	7.468346e+000	-2.833120e-001
2.994063853504165e-005	1.346270e-005	2.650780e-001	3.669155e-002	3.669155e-004	7.224498e+000	7.224878e+000	-2.650920e-001
3.013595103504165e-005	1.203981e-005	2.371323e-001	3.469843e-002	3.469844e-004	6.834093e+000	6.834451e+000	-2.371448e-001
3.033126353504165e-005	1.040825e-005	2.050727e-001	3.226183e-002	3.226183e-004	6.356514e+000	6.356843e+000	-2.050834e-001
3.072188853504165e-005	7.284456e-006	1.436398e-001	2.698973e-002	2.698973e-004	5.322018e+000	5.322289e+000	-1.436471e-001
3.091720103504164e-005	6.086525e-006	1.200611e-001	2.467088e-002	2.467088e-004	4.866508e+000	4.866758e+000	-1.200672e-001
3.111251353504164e-005	5.231902e-006	1.032319e-001	2.287335e-002	2.287335e-004	4.513194e+000	4.513432e+000	-1.032373e-001
3.130782603504164e-005	4.739174e-006	9.352593e-002	2.176964e-002	2.176964e-004	4.296163e+000	4.296395e+000	-9.353099e-002
3.150313853504164e-005	4.598138e-006	9.074731e-002	2.144327e-002	2.144327e-004	4.231972e+000	4.232204e+000	-9.075229e-002
3.167894415013772e-005	4.782346e-006	9.437646e-002	2.186858e-002	2.186857e-004	4.315620e+000	4.315855e+000	-9.438160e-002
3.186721153106817e-005	5.312587e-006	1.048210e-001	2.304905e-002	2.304905e-004	4.547738e+000	4.547982e+000	-1.048267e-001
3.206252403106817e-005	6.203697e-006	1.223679e-001	2.490722e-002	2.490722e-004	4.912950e+000	4.913206e+000	-1.223744e-001
3.225783653106816e-005	7.418213e-006	1.462719e-001	2.723640e-002	2.723640e-004	5.370457e+000	5.370722e+000	-1.462795e-001
3.264846153106816e-005	1.048760e-005	2.066326e-001	3.238457e-002	3.238457e-004	6.380588e+000	6.380904e+000	-2.066431e-001
3.284377403106816e-005	1.203986e-005	2.371336e-001	3.469850e-002	3.469850e-004	6.834116e+000	6.834462e+000	-2.371457e-001
3.303908653106816e-005	1.334412e-005	2.627499e-001	3.652960e-002	3.652960e-004	7.192793e+000	7.193163e+000	-2.627635e-001
3.323439903106816e-005	1.421329e-005	2.798152e-001	3.770052e-002	3.770052e-004	7.422051e+000	7.422441e+000	-2.798299e-001
3.342971153106816e-005	1.453594e-005	2.861489e-001	3.812603e-002	3.812602e-004	7.505343e+000	7.505741e+000	-2.861641e-001
3.359928759172428e-005	1.431490e-005	2.818100e-001	3.783504e-002	3.783504e-004	7.448387e+000	7.448780e+000	-2.818249e-001
3.377045818953704e-005	1.361833e-005	2.681343e-001	3.690302e-002	3.690302e-004	7.265917e+000	7.266298e+000	-2.681484e-001
3.396577068953703e-005	1.239792e-005	2.441671e-001	3.521068e-002	3.521068e-004	6.934462e+000	6.934825e+000	-2.441799e-001
3.416108318953703e-005	1.090846e-005	2.149038e-001	3.302795e-002	3.302796e-004	6.506724e+000	6.507062e+000	-2.149150e-001
3.455170818953703e-005	7.849600e-006	1.547597e-001	2.801714e-002	2.801714e-004	5.523751e+000	5.524032e+000	-1.547676e-001
3.474702068953703e-005	6.595292e-006	1.300768e-001	2.568130e-002	2.568130e-004	5.065040e+000	5.065299e+000	-1.300835e-001
3.494233318953703e-005	5.649266e-006	1.114517e-001	2.376818e-002	2.376818e-004	4.689111e+000	4.689355e+000	-1.114574e-001
3.513764568953703e-005	5.045488e-006	9.956034e-002	2.246216e-002	2.246216e-004	4.432357e+000	4.432593e+000	-9.956564e-002
3.533295818953703e-005	4.787853e-006	9.448516e-002	2.188116e-002	2.188116e-004	4.318105e+000	4.318340e+000	-9.449030e-002
3.552209781558542e-005	4.861652e-006	9.593902e-002	2.204916e-002	2.204915e-004	4.351143e+000	4.351379e+000	-9.594424e-002
3.569264501279386e-005	5.218130e-006	1.029609e-001	2.284322e-002	2.284323e-004	4.507282e+000	4.507524e+000	-1.029664e-001
3.588795751279386e-005	5.954834e-006	1.174685e-001	2.440253e-002	2.440253e-004	4.813785e+000	4.814038e+000	-1.174748e-001
3.608327001279386e-005	7.004914e-006	1.381390e-001	2.646680e-002	2.646680e-004	5.219333e+000	5.219599e+000	-1.381463e-001
3.666920751279386e-005	1.132781e-005	2.231444e-001	3.365681e-002	3.365681e-004	6.629992e+000	6.630325e+000	-2.231557e-001
3.686452001279386e-005	1.267352e-005	2.495807e-001	3.559989e-002	3.559989e-004	7.010714e+000	7.011072e+000	-2.495935e-001
3.705983251279386e-005	1.367040e-005	2.691569e-001	3.697350e-002	3.697350e-004	7.279724e+000	7.280103e+000	-2.691709e-001
3.725514501279386e-005	1.419027e-005	2.793635e-001	3.766997e-002	3.766997e-004	7.416080e+000	7.416471e+000	-2.793782e-001
3.742586019346484e-005	1.417476e-005	2.790591e-001	3.764938e-002	3.764938e-004	7.412050e+000	7.412440e+000	-2.790738e-001
3.759869285084391e-005	1.369004e-005	2.695426e-001	3.700005e-002	3.700005e-004	7.284925e+000	7.285306e+000	-2.695567e-001
3.778746228665100e-005	1.272457e-005	2.505834e-001	3.567152e-002	3.567152e-004	7.024746e+000	7.025114e+000	-2.505965e-001
3.798277478665100e-005	1.140053e-005	2.245733e-001	3.376467e-002	3.376467e-004	6.651134e+000	6.651480e+000	-2.245850e-001
3.856871228665099e-005	7.154997e-006	1.410928e-001	2.674883e-002	2.674883e-004	5.274729e+000	5.274997e+000	-1.411000e-001
3.876402478665099e-005	6.121165e-006	1.207435e-001	2.474099e-002	2.474099e-004	4.880303e+000	4.880555e+000	-1.207497e-001
3.895933728665099e-005	5.403663e-006	1.066152e-001	2.324578e-002	2.324578e-004	4.586431e+000	4.586672e+000	-1.066208e-001
3.915464978665099e-005	5.010668e-006	9.887463e-002	2.238452e-002	2.238452e-004	4.417099e+000	4.417334e+000	-9.887991e-002
3.932745153320918e-005	4.944743e-006	9.757602e-002	2.223678e-002	2.223678e-004	4.388047e+000	4.388281e+000	-9.758123e-002
3.950265129084594e-005	5.161943e-006	1.018544e-001	2.271991e-002	2.271991e-004	4.483045e+000	4.483284e+000	-1.018598e-001
3.969653684281588e-005	5.713536e-006	1.127175e-001	2.390300e-002	2.390301e-004	4.715620e+000	4.715871e+000	-1.127235e-001
3.989184934281588e-005	6.580847e-006	1.297927e-001	2.565316e-002	2.565316e-004	5.059523e+000	5.059787e+000	-1.297996e-001
4.008716184281588e-005	7.732506e-006	1.524563e-001	2.780738e-002	2.780738e-004	5.482584e+000	5.482864e+000	-1.524642e-001
4.047778684281588e-005	1.053885e-005	2.076404e-001	3.246360e-002	3.246359e-004	6.396100e+000	6.396420e+000	-2.076510e-001
4.067309934281588e-005	1.190879e-005	2.345593e-001	3.450911e-002	3.450911e-004	6.797026e+000	6.797370e+000	-2.345714e-001
4.086841184281588e-005	1.302609e-005	2.565052e-001	3.609167e-002	3.609167e-004	7.107047e+000	7.107414e+000	-2.565185e-001
4.106372434281587e-005	1.373303e-005	2.703871e-001	3.705811e-002	3.705811e-004	7.296299e+000	7.296681e+000	-2.704012e-001
4.125903684281587e-005	1.393723e-005	2.743962e-001	3.733260e-002	3.733260e-004	7.350042e+000	7.350430e+000	-2.744106e-001
4.143688366514036e-005	1.365312e-005	2.688181e-001	3.695013e-002	3.695013e-004	7.275159e+000	7.275541e+000	-2.688322e-001
4.160677211152060e-005	1.297140e-005	2.554313e-001	3.601583e-002	3.601583e-004	7.092195e+000	7.092565e+000	-2.554446e-001
4.180208461152059e-005	1.182527e-005	2.329186e-001	3.438789e-002	3.438790e-004	6.773274e+000	6.773627e+000	-2.329308e-001
4.199739711152059e-005	1.046401e-005	2.061695e-001	3.234812e-002	3.234812e-004	6.373462e+000	6.373791e+000	-2.061802e-001
4.238802211152059e-005	7.728013e-006	1.523681e-001	2.779930e-002	2.779930e-004	5.481004e+000	5.481283e+000	-1.523758e-001
4.258333461152059e-005	6.623726e-006	1.306370e-001	2.573660e-002	2.573660e-004	5.075921e+000	5.076180e+000	-1.306436e-001
4.277864711152059e-005	5.803080e-006	1.144809e-001	2.408958e-002	2.408958e-004	4.752298e+000	4.752545e+000	-1.144868e-001
4.297395961152059e-005	5.297714e-006	1.045287e-001	2.301676e-002	2.301676e-004	4.541417e+000	4.541657e+000	-1.045342e-001
4.316927211152059e-005	5.109560e-006	1.008228e-001	2.260434e-002	2.260434e-004	4.460329e+000	4.460568e+000	-1.008282e-001
4.334764496980217e-005	5.220615e-006	1.030102e-001	2.284867e-002	2.284866e-004	4.508369e+000	4.508609e+000	-1.030157e-001
4.352240233297619e-005	5.603923e-006	1.105592e-001	2.367260e-002	2.367261e-004	4.670343e+000	4.670590e+000	-1.105650e-001
4.371771483297619e-005	6.330231e-006	1.248596e-001	2.515995e-002	2.515995e-004	4.962634e+000	4.962893e+000	-1.248662e-001
4.391302733297619e-005	7.335797e-006	1.446509e-001	2.708468e-002	2.708468e-004	5.340692e+000	5.340966e+000	-1.446584e-001
4.430365233297619e-005	9.930277e-006	1.956784e-001	3.151234e-002	3.151234e-004	6.209580e+000	6.209891e+000	-1.956883e-001
4.449896483297619e-005	1.127656e-005	2.221380e-001	3.358059e-002	3.358059e-004	6.615072e+000	6.615405e+000	-2.221494e-001
4.469427733297619e-005	1.244454e-005	2.450837e-001	3.527682e-002	3.527682e-004	6.947443e+000	6.947800e+000	-2.450963e-001
4.488958983297619e-005	1.327606e-005	2.614144e-001	3.643633e-002	3.643633e-004	7.174553e+000	7.174926e+000	-2.614280e-001
4.508490233297619e-005	1.366818e-005	2.691140e-001	3.697050e-002	3.697050e-004	7.279154e+000	7.279535e+000	-2.691281e-001
4.525502728993990e-005	1.359068e-005	2.675923e-001	3.686554e-002	3.686554e-004	7.258603e+000	7.258982e+000	-2.676063e-001
4.542723264356625e-005	1.309966e-005	2.579503e-001	3.619345e-002	3.619345e-004	7.126989e+000	7.127360e+000	-2.579638e-001
4.562254514356625e-005	1.215332e-005	2.393633e-001	3.486161e-002	3.486161e-004	6.866101e+000	6.866458e+000	-2.393758e-001
4.581785764356624e-005	1.093497e-005	2.154257e-001	3.306807e-002	3.306807e-004	6.514613e+000	6.514951e+000	-2.154369e-001
4.640379514356624e-005	7.132122e-006	1.406431e-001	2.670603e-002	2.670603e-004	5.266340e+000	5.266608e+000	-1.406502e-001
4.659910764356624e-005	6.226912e-006	1.228258e-001	2.495378e-002	2.495378e-004	4.922132e+000	4.922385e+000	-1.228321e-001
4.679442014356624e-005	5.613063e-006	1.107393e-001	2.369190e-002	2.369190e-004	4.674142e+000	4.674387e+000	-1.107451e-001
4.698973264356624e-005	5.299005e-006	1.045543e-001	2.301957e-002	2.301957e-004	4.541975e+000	4.542215e+000	-1.045598e-001
4.716073405481538e-005	5.282959e-006	1.042383e-001	2.298469e-002	2.298469e-004	4.535118e+000	4.535357e+000	-1.042438e-001
4.733402459599220e-005	5.528032e-006	1.090648e-001	2.351177e-002	2.351177e-004	4.638734e+000	4.638979e+000	-1.090706e-001
4.752933709599220e-005	6.092499e-006	1.201796e-001	2.468299e-002	2.468299e-004	4.868923e+000	4.869179e+000	-1.201859e-001
4.772464959599220e-005	6.937047e-006	1.368040e-001	2.633828e-002	2.633827e-004	5.194115e+000	5.194385e+000	-1.368112e-001
4.791996209599220e-005	8.027186e-006	1.582541e-001	2.833229e-002	2.833229e-004	5.585644e+000	5.585928e+000	-1.582622e-001
4.831058709599219e-005	1.058678e-005	2.085828e-001	3.253733e-002	3.253733e-004	6.410571e+000	6.410893e+000	-2.085935e-001
4.850589959599219e-005	1.178983e-005	2.322229e-001	3.433633e-002	3.433633e-004	6.763184e+000	6.763529e+000	-2.322348e-001
4.870121209599219e-005	1.273804e-005	2.508487e-001	3.569039e-002	3.569039e-004	7.028465e+000	7.028828e+000	-2.508616e-001
4.889652459599219e-005	1.331329e-005	2.621458e-001	3.648739e-002	3.648738e-004	7.184558e+000	7.184932e+000	-2.621594e-001
4.907007561616171e-005	1.343155e-005	2.644678e-001	3.664907e-002	3.664907e-004	7.216221e+000	7.216597e+000	-2.644816e-001
4.924593211692821e-005	1.315223e-005	2.589829e-001	3.626600e-002	3.626600e-004	7.141205e+000	7.141576e+000	-2.589964e-001
4.941212634002158e-005	1.254645e-005	2.470857e-001	3.542096e-002	3.542096e-004	6.975690e+000	6.976052e+000	-2.470985e-001
4.960743884002157e-005	1.151447e-005	2.268128e-001	3.393297e-002	3.393297e-004	6.684142e+000	6.684487e+000	-2.268245e-001
4.980275134002157e-005	1.028972e-005	2.027442e-001	3.207759e-002	3.207759e-004	6.320433e+000	6.320758e+000	-2.027547e-001
5.019337634002157e-005	7.813678e-006	1.540539e-001	2.795296e-002	2.795296e-004	5.511184e+000	5.511464e+000	-1.540617e-001
5.038868884002157e-005	6.806031e-006	1.342256e-001	2.608837e-002	2.608837e-004	5.145035e+000	5.145298e+000	-1.342324e-001
5.058400134002157e-005	6.053540e-006	1.194127e-001	2.460394e-002	2.460394e-004	4.853396e+000	4.853647e+000	-1.194188e-001
5.077931384002157e-005	5.589708e-006	1.102796e-001	2.364256e-002	2.364256e-004	4.664451e+000	4.664696e+000	-1.102854e-001
5.097462634002157e-005	5.420093e-006	1.069393e-001	2.328109e-002	2.328109e-004	4.593396e+000	4.593639e+000	-1.069449e-001
5.115272139718395e-005	5.529941e-006	1.091026e-001	2.351583e-002	2.351583e-004	4.639540e+000	4.639785e+000	-1.091084e-001
5.133059439160009e-005	5.900281e-006	1.163952e-001	2.429049e-002	2.429049e-004	4.791799e+000	4.792050e+000	-1.164013e-001
5.152590689160009e-005	6.581017e-006	1.297967e-001	2.565349e-002	2.565349e-004	5.059610e+000	5.059874e+000	-1.298035e-001
5.172121939160009e-005	7.513192e-006	1.481419e-001	2.741020e-002	2.741020e-004	5.404625e+000	5.404903e+000	-1.481495e-001
5.211184439160009e-005	9.877383e-006	1.946390e-001	3.142830e-002	3.142830e-004	6.193112e+000	6.193424e+000	-1.946489e-001
5.230715689160009e-005	1.108574e-005	2.183889e-001	3.329526e-002	3.329526e-004	6.559158e+000	6.559491e+000	-2.184000e-001
5.250246939160009e-005	1.212364e-005	2.387809e-001	3.481903e-002	3.481902e-004	6.857769e+000	6.858121e+000	-2.387931e-001
5.269778189160008e-005	1.285344e-005	2.531154e-001	3.585170e-002	3.585170e-004	7.060066e+000	7.060432e+000	-2.531285e-001
5.289309439160008e-005	1.318772e-005	2.596801e-001	3.631490e-002	3.631490e-004	7.150786e+000	7.151158e+000	-2.596936e-001
5.306307423047171e-005	1.310518e-005	2.580593e-001	3.620108e-002	3.620108e-004	7.128496e+000	7.128867e+000	-2.580727e-001
5.323512528834591e-005	1.265554e-005	2.492285e-001	3.557462e-002	3.557462e-004	7.005795e+000	7.006158e+000	-2.492414e-001
5.343043778834591e-005	1.179941e-005	2.324112e-001	3.435026e-002	3.435026e-004	6.765922e+000	6.766273e+000	-2.324233e-001
5.362575028834591e-005	1.070069e-005	2.108219e-001	3.271191e-002	3.271191e-004	6.444807e+000	6.445139e+000	-2.108328e-001
5.421168778834590e-005	7.259149e-006	1.431431e-001	2.694281e-002	2.694281e-004	5.312851e+000	5.313122e+000	-1.431504e-001
5.440700028834590e-005	6.434193e-006	1.269067e-001	2.536571e-002	2.536571e-004	5.003079e+000	5.003336e+000	-1.269132e-001
5.460231278834590e-005	5.874687e-006	1.158913e-001	2.423775e-002	2.423775e-004	4.781439e+000	4.781688e+000	-1.158974e-001
5.481881192330821e-005	5.515808e-006	1.088244e-001	2.348576e-002	2.348576e-004	4.633633e+000	4.633868e+000	-1.088299e-001
5.500000000000000e-005	5.554171e-006	1.095799e-001	2.356729e-002	2.356729e-004	4.649661e+000	4.649897e+000	-1.095855e-001
5.506750907578978e-005	5.798853e-006	1.128361e-001	2.408081e-002	2.408081e-004	4.685728e+000	4.685968e+000	-1.128419e-001
5.514466230526382e-005	6.151602e-006	1.177593e-001	2.480242e-002	2.480242e-004	4.747896e+000	4.748145e+000	-1.177655e-001
5.529896876421189e-005	7.070355e-006	1.308519e-001	2.659014e-002	2.659014e-004	4.921070e+000	4.921340e+000	-1.308591e-001
5.549428126421189e-005	8.650174e-006	1.532188e-001	2.941118e-002	2.941118e-004	5.209544e+000	5.209847e+000	-1.532278e-001
5.568959376421189e-005	1.078079e-005	1.824785e-001	3.283411e-002	3.283411e-004	5.557589e+000	5.557927e+000	-1.824897e-001
5.588490626421188e-005	1.352598e-005	2.183215e-001	3.677768e-002	3.677768e-004	5.936251e+000	5.936625e+000	-2.183354e-001
5.608021876421188e-005	1.687460e-005	2.591370e-001	4.107870e-002	4.107870e-004	6.308306e+000	6.308720e+000	-2.591541e-001
5.627553126421188e-005	2.074293e-005	3.022953e-001	4.554441e-002	4.554441e-004	6.637374e+000	6.637830e+000	-3.023161e-001
5.647084376421188e-005	2.496969e-005	3.443642e-001	4.996968e-002	4.996968e-004	6.891463e+000	6.891963e+000	-3.443892e-001
5.666615626421188e-005	2.933013e-005	3.815962e-001	5.415730e-002	5.415730e-004	7.046072e+000	7.046616e+000	-3.816257e-001
5.686146876421188e-005	3.358299e-005	4.108037e-001	5.795083e-002	5.795083e-004	7.088832e+000	7.089416e+000	-4.108375e-001
5.704152204753382e-005	3.720566e-005	4.284960e-001	6.099644e-002	6.099644e-004	7.024935e+000	7.025551e+000	-4.285336e-001
5.721114115457660e-005	4.020092e-005	4.357893e-001	6.340420e-002	6.340420e-004	6.873194e+000	6.873835e+000	-4.358300e-001
5.740645365457660e-005	4.315408e-005	4.341762e-001	6.569176e-002	6.569176e-004	6.609294e+000	6.609958e+000	-4.342198e-001
5.760176615457660e-005	4.575241e-005	4.247460e-001	6.764053e-002	6.764053e-004	6.279460e+000	6.280140e+000	-4.247920e-001
5.779707865457660e-005	4.834374e-005	4.111168e-001	6.952966e-002	6.952966e-004	5.912826e+000	5.913524e+000	-4.111653e-001
5.799239115457659e-005	5.159507e-005	3.983265e-001	7.182971e-002	7.182971e-004	5.545428e+000	5.546156e+000	-3.983788e-001
5.818770365457659e-005	5.660234e-005	3.922111e-001	7.523452e-002	7.523453e-004	5.213179e+000	5.213978e+000	-3.922712e-001
5.838301615457659e-005	6.522506e-005	3.996376e-001	8.076203e-002	8.076204e-004	4.948336e+000	4.949301e+000	-3.997156e-001
5.857832865457659e-005	8.097103e-005	4.297884e-001	8.998390e-002	8.998390e-004	4.776280e+000	4.777647e+000	-4.299113e-001
5.877364115457659e-005	1.110358e-004	4.964266e-001	1.053735e-001	1.053735e-003	4.711113e+000	4.712767e+000	-4.966010e-001
5.895195877261675e-005	1.683343e-004	6.166462e-001	1.297437e-001	1.297437e-003	4.752802e+000	4.754360e+000	-6.168483e-001
5.913254787496587e-005	3.349905e-004	8.953870e-001	1.830274e-001	1.830274e-003	4.892091e+000	4.893925e+000	-8.957225e-001
5.932786037496587e-005	4.706162e+000	1.038254e+002	2.169369e+001	2.169369e-001	4.785972e+000	5.002912e+000	-1.085316e+002
5.943028509084127e-005	3.849692e+001	2.551437e+002	6.204589e+001	6.204589e-001	4.112177e+000	4.732637e+000	-2.936407e+002
5.953457536580130e-005	1.126457e+002	3.065222e+002	1.061347e+002	1.061347e+000	2.888049e+000	3.949396e+000	-4.191679e+002
5.961860104334386e-005	1.341363e+002	2.247944e+002	1.158172e+002	1.158172e+000	1.940941e+000	3.099112e+000	-3.589307e+002
5.969146098468002e-005	1.206656e+002	1.409386e+002	1.098479e+002	1.098479e+000	1.283034e+000	2.381506e+000	-2.616042e+002
5.977339909965926e-005	9.924636e+001	7.094574e+001	9.962247e+001	9.962247e-001	7.121460e-001	1.708355e+000	-1.701921e+002
5.985022381383038e-005	7.954832e+001	2.764210e+001	8.918987e+001	8.918987e-001	3.099243e-001	1.201812e+000	-1.071904e+002
5.988363407430357e-005	7.101648e+001	1.582362e+001	8.427127e+001	8.427128e-001	1.877701e-001	1.030478e+000	-8.684009e+001
5.993317947905361e-005	5.774886e+001	6.077907e+000	7.599267e+001	7.599267e-001	7.998017e-002	8.399017e-001	-6.382676e+001
6.000000000000000e-005	4.053413e+001	4.054050e-009	6.366642e+001	6.366642e-001	6.367643e-011	6.366431e-001	-4.053413e+001
6.002004615628392e-005	3.624221e+001	3.624823e-009	6.020150e+001	6.020150e-001	6.021150e-011	6.020150e-001	-3.624221e+001
6.004677436466247e-005	3.217305e+001	3.217873e-009	5.672130e+001	5.672129e-001	5.673130e-011	5.672129e-001	-3.217305e+001
6.010023078141959e-005	2.713102e+001	2.713623e-009	5.208744e+001	5.208744e-001	5.209744e-011	5.208744e-001	-2.713102e+001
6.016783515702883e-005	2.380968e+001	2.381455e-009	4.879516e+001	4.879516e-001	4.880516e-011	4.879515e-001	-2.380968e+001
6.024239010742620e-005	2.221333e+001	2.221805e-009	4.713102e+001	4.713102e-001	4.714102e-011	4.713102e-001	-2.221333e+001
6.033075716300080e-005	2.150014e+001	2.150478e-009	4.636825e+001	4.636825e-001	4.637824e-011	4.636824e-001	-2.150014e+001
6.044684278551027e-005	2.120471e+001	2.120932e-009	4.604857e+001	4.604857e-001	4.605857e-011	4.604857e-001	-2.120471e+001
6.306534214517179e-005	2.115370e+001	2.115830e-009	4.599315e+001	4.599315e-001	4.600315e-011	4.599315e-001	-2.115370e+001
6.568384150483331e-005	2.111432e+001	2.111891e-009	4.595032e+001	4.595032e-001	4.596032e-011	4.595032e-001	-2.111432e+001
6.830234086449482e-005	2.108655e+001	2.109114e-009	4.592009e+001	4.592009e-001	4.593009e-011	4.592009e-001	-2.108655e+001
7.092084022415634e-005	2.107035e+001	2.107494e-009	4.590245e+001	4.590245e-001	4.591245e-011	4.590245e-001	-2.107035e+001
7.353933958381787e-005	2.106572e+001	2.107031e-009	4.589741e+001	4.589741e-001	4.590741e-011	4.589741e-001	-2.106572e+001
7.615783894347938e-005	2.107266e+001	2.107725e-009	4.590496e+001	4.590496e-001	4.591496e-011	4.590496e-001	-2.107266e+001
7.877633830314089e-005	2.109116e+001	2.109575e-009	4.592511e+001	4.592511e-001	4.593511e-011	4.592511e-001	-2.109116e+001
1.000000000000000e-004	2.109116e+001	2.109575e-009	4.592511e+001	4.592511e-001	4.593659e-011	4.592511e-001	-2.109116e+001
1.000195312500000e-004	2.037155e+001	4.499987e-001	4.513486e+001	4.513486e-001	9.970093e-003	4.613187e-001	-2.082155e+001
1.000585937500000e-004	1.741354e+001	2.436059e+000	4.172953e+001	4.172953e-001	5.837733e-002	4.756727e-001	-1.984960e+001
1.001115329674066e-004	1.182786e+001	6.315662e+000	3.439166e+001	3.439166e-001	1.836394e-001	5.275559e-001	-1.814352e+001
1.001724706108755e-004	5.472622e+000	9.864482e+000	2.339364e+001	2.339364e-001	4.216737e-001	6.556096e-001	-1.533710e+001
1.002552287753431e-004	9.282629e-001	8.185939e+000	9.634640e+000	9.634640e-002	8.496363e-001	9.459848e-001	-9.114231e+000
1.003487775568536e-004	3.403655e-002	2.506116e+000	1.844900e+000	1.844900e-002	1.358402e+000	1.376859e+000	-2.540168e+000
1.004550556662387e-004	1.928203e-004	2.658712e-001	1.388598e-001	1.388598e-003	1.914674e+000	1.916149e+000	-2.660760e-001
1.005568725029176e-004	1.845241e-004	3.307407e-001	1.358397e-001	1.358397e-003	2.434787e+000	2.436321e+000	-3.309499e-001
1.007521850029176e-004	1.765450e-004	4.542388e-001	1.328702e-001	1.328702e-003	3.418665e+000	3.420098e+000	-4.544351e-001
1.009474975029176e-004	1.707056e-004	5.725674e-001	1.306543e-001	1.306543e-003	4.382307e+000	4.383590e+000	-5.727435e-001
1.011428100029176e-004	1.653020e-004	6.832391e-001	1.285698e-001	1.285698e-003	5.314148e+000	5.315409e+000	-6.834049e-001
1.013381225029176e-004	1.590849e-004	7.814461e-001	1.261289e-001	1.261289e-003	6.195617e+000	6.196877e+000	-7.816051e-001
1.015334350029176e-004	1.509976e-004	8.594357e-001	1.228811e-001	1.228811e-003	6.994045e+000	6.995274e+000	-8.595867e-001
1.017287475029176e-004	1.401287e-004	9.070869e-001	1.183760e-001	1.183760e-003	7.662762e+000	7.663945e+000	-9.072270e-001
1.019240600029176e-004	1.260972e-004	9.152013e-001	1.122930e-001	1.122930e-003	8.150118e+000	8.151263e+000	-9.153300e-001
1.021193725029176e-004	1.094044e-004	8.807257e-001	1.045965e-001	1.045965e-003	8.420218e+000	8.421322e+000	-8.808412e-001
1.022929423921851e-004	9.311305e-005	8.154870e-001	9.649510e-002	9.649511e-004	8.451072e+000	8.452091e+000	-8.155854e-001
1.024689729714835e-004	7.622617e-005	7.221909e-001	8.730760e-002	8.730760e-004	8.271799e+000	8.272701e+000	-7.222697e-001
1.026498588113815e-004	5.971733e-005	6.096099e-001	7.727699e-002	7.727699e-004	7.888635e+000	7.889421e+000	-6.096707e-001
1.028451713113815e-004	4.393677e-005	4.833684e-001	6.628482e-002	6.628482e-004	7.292294e+000	7.292961e+000	-4.834126e-001
1.030404838113815e-004	3.096510e-005	3.653479e-001	5.564630e-002	5.564630e-004	6.565538e+000	6.566103e+000	-3.653793e-001
1.032357963113815e-004	2.103022e-005	2.648846e-001	4.585872e-002	4.585872e-004	5.776101e+000	5.776585e+000	-2.649068e-001
1.034311088113815e-004	1.394774e-005	1.867902e-001	3.734668e-002	3.734668e-004	5.001520e+000	5.001945e+000	-1.868060e-001
1.036264213113815e-004	9.257088e-006	1.313624e-001	3.042546e-002	3.042546e-004	4.317516e+000	4.317897e+000	-1.313740e-001
1.038217338113815e-004	6.392345e-006	9.583752e-002	2.528309e-002	2.528309e-004	3.790578e+000	3.790926e+000	-9.584632e-002
1.040170463113815e-004	4.808648e-006	7.598612e-002	2.192863e-002	2.192863e-004	3.465156e+000	3.465469e+000	-7.599299e-002
1.041922967168800e-004	4.173066e-006	6.896789e-002	2.042808e-002	2.042808e-004	3.376131e+000	3.376410e+000	-6.897358e-002
1.043696353397681e-004	4.102029e-006	7.076147e-002	2.025347e-002	2.025347e-004	3.493796e+000	3.494051e+000	-7.076664e-002
1.045453325794045e-004	4.487025e-006	8.059569e-002	2.118260e-002	2.118260e-004	3.804807e+000	3.805039e+000	-8.060100e-002
1.047406450794045e-004	5.319114e-006	9.955034e-002	2.306320e-002	2.306320e-004	4.316414e+000	4.316626e+000	-9.955609e-002
1.048046875000000e-004	5.688158e-006	1.078462e-001	2.384986e-002	2.384986e-004	4.521880e+000	4.522106e+000	-1.078521e-001
1.050000000000000e-004	7.091334e-006	1.398419e-001	2.662956e-002	2.662956e-004	5.251379e+000	5.251552e+000	-1.398490e-001
1.050832503231124e-004	8.050353e-006	1.587089e-001	2.837314e-002	2.837314e-004	5.593630e+000	5.593868e+000	-1.587169e-001
1.051665006462247e-004	9.034192e-006	1.780580e-001	3.005693e-002	3.005693e-004	5.924024e+000	5.924315e+000	-1.780671e-001
1.052497509693370e-004	1.003681e-005	1.977701e-001	3.168093e-002	3.168092e-004	6.242560e+000	6.242893e+000	-1.977802e-001
1.053330012924494e-004	1.105238e-005	2.177303e-001	3.324512e-002	3.324512e-004	6.549239e+000	6.549601e+000	-2.177414e-001
1.054162516155617e-004	1.207529e-005	2.378278e-001	3.474952e-002	3.474952e-004	6.844060e+000	6.844440e+000	-2.378400e-001
1.054995019386740e-004	1.310015e-005	2.579564e-001	3.619413e-002	3.619413e-004	7.127024e+000	7.127409e+000	-2.579697e-001
1.055827522617864e-004	1.412176e-005	2.780139e-001	3.757893e-002	3.757894e-004	7.398131e+000	7.398509e+000	-2.780282e-001
1.057780647617864e-004	1.606817e-005	3.162149e-001	4.008512e-002	4.008512e-004	7.888585e+000	7.888998e+000	-3.162316e-001
1.059733772617864e-004	1.728662e-005	3.401182e-001	4.157718e-002	4.157718e-004	8.180407e+000	8.180851e+000	-3.401368e-001
1.061686897617864e-004	1.759252e-005	3.461182e-001	4.194344e-002	4.194345e-004	8.252022e+000	8.252479e+000	-3.461374e-001
1.063450552081118e-004	1.701903e-005	3.348694e-001	4.125412e-002	4.125412e-004	8.117236e+000	8.117682e+000	-3.348879e-001
1.065200998313366e-004	1.570040e-005	3.089986e-001	3.962373e-002	3.962372e-004	7.798323e+000	7.798747e+000	-3.090154e-001
1.067154123313366e-004	1.363156e-005	2.683897e-001	3.692094e-002	3.692094e-004	7.269308e+000	7.269699e+000	-2.684041e-001
1.069107248313366e-004	1.126996e-005	2.220037e-001	3.357077e-002	3.357077e-004	6.613006e+000	6.613356e+000	-2.220154e-001
1.073013498313366e-004	6.868388e-006	1.354491e-001	2.620761e-002	2.620761e-004	5.168310e+000	5.168574e+000	-1.354560e-001
1.074966623313366e-004	5.251720e-006	1.036199e-001	2.291663e-002	2.291663e-004	4.521601e+000	4.521836e+000	-1.036253e-001
1.076919748313367e-004	4.130789e-006	8.153628e-002	2.032434e-002	2.032434e-004	4.011755e+000	4.011974e+000	-8.154073e-002
1.078872873313367e-004	3.489165e-006	6.888954e-002	1.867931e-002	1.867931e-004	3.688014e+000	3.688228e+000	-6.889354e-002
1.080825998313367e-004	3.279677e-006	6.475939e-002	1.810988e-002	1.810988e-004	3.575915e+000	3.576130e+000	-6.476329e-002
1.082597767229275e-004	3.456525e-006	6.824611e-002	1.859173e-002	1.859173e-004	3.670777e+000	3.670995e+000	-6.825015e-002
1.084364158806895e-004	4.008135e-006	7.911913e-002	2.002033e-002	2.002033e-004	3.951940e+000	3.952160e+000	-7.912368e-002
1.086317283806895e-004	5.061791e-006	9.987900e-002	2.249843e-002	2.249842e-004	4.439377e+000	4.439607e+000	-9.988449e-002
1.088270408806896e-004	6.582745e-006	1.298271e-001	2.565686e-002	2.565686e-004	5.060133e+000	5.060388e+000	-1.298339e-001
1.092176658806896e-004	1.074674e-005	2.117224e-001	3.278222e-002	3.278221e-004	6.458454e+000	6.458781e+000	-2.117332e-001
1.094129783806896e-004	1.299484e-005	2.558875e-001	3.604835e-002	3.604835e-004	7.098451e+000	7.098811e+000	-2.559006e-001
1.096082908806896e-004	1.496804e-005	2.946268e-001	3.868854e-002	3.868855e-004	7.615350e+000	7.615741e+000	-2.946423e-001
1.098036033806896e-004	1.636309e-005	3.220024e-001	4.045132e-002	4.045132e-004	7.960246e+000	7.960670e+000	-3.220197e-001
1.099989158806896e-004	1.697906e-005	3.340863e-001	4.120565e-002	4.120565e-004	8.107780e+000	8.108221e+000	-3.341045e-001
1.101688140059309e-004	1.677078e-005	3.300006e-001	4.095214e-002	4.095214e-004	8.058202e+000	8.058639e+000	-3.300185e-001
1.103407666079078e-004	1.584107e-005	3.117600e-001	3.980085e-002	3.980084e-004	7.833000e+000	7.833422e+000	-3.117768e-001
1.105360791079079e-004	1.413798e-005	2.783333e-001	3.760050e-002	3.760050e-004	7.402382e+000	7.402781e+000	-2.783482e-001
1.107313916079079e-004	1.203185e-005	2.369733e-001	3.468696e-002	3.468696e-004	6.831767e+000	6.832131e+000	-2.369859e-001
1.111220166079079e-004	7.744865e-006	1.526967e-001	2.782960e-002	2.782960e-004	5.486845e+000	5.487126e+000	-1.527045e-001
1.113173291079079e-004	6.032074e-006	1.189871e-001	2.456028e-002	2.456028e-004	4.844697e+000	4.844946e+000	-1.189932e-001
1.115126416079079e-004	4.765076e-006	9.403456e-002	2.182905e-002	2.182905e-004	4.307771e+000	4.307999e+000	-9.403954e-002
1.117079541079079e-004	3.959745e-006	7.816587e-002	1.989911e-002	1.989911e-004	3.928109e+000	3.928329e+000	-7.817023e-002
1.119032666079079e-004	3.579487e-006	7.067057e-002	1.891953e-002	1.891953e-004	3.735324e+000	3.735539e+000	-7.067466e-002
1.120739172291015e-004	3.589351e-006	7.086505e-002	1.894558e-002	1.894558e-004	3.740452e+000	3.740667e+000	-7.086911e-002
1.122466896354994e-004	3.943991e-006	7.785542e-002	1.985949e-002	1.985948e-004	3.920314e+000	3.920535e+000	-7.785983e-002
1.124420021354994e-004	4.751517e-006	9.376748e-002	2.179798e-002	2.179797e-004	4.301660e+000	4.301884e+000	-9.377274e-002
1.126373146354994e-004	5.995848e-006	1.182740e-001	2.448642e-002	2.448642e-004	4.830187e+000	4.830415e+000	-1.182804e-001
1.128326271354994e-004	7.665155e-006	1.511287e-001	2.768602e-002	2.768602e-004	5.458664e+000	5.458930e+000	-1.511365e-001
1.132232521354994e-004	1.178521e-005	2.321285e-001	3.432960e-002	3.432960e-004	6.761761e+000	6.762097e+000	-2.321404e-001
1.134185646354994e-004	1.378274e-005	2.713598e-001	3.712512e-002	3.712512e-004	7.309331e+000	7.309693e+000	-2.713738e-001
1.136138771354994e-004	1.536326e-005	3.023843e-001	3.919599e-002	3.919599e-004	7.714674e+000	7.715074e+000	-3.024003e-001
1.138091896354994e-004	1.630102e-005	3.207853e-001	4.037452e-002	4.037452e-004	7.945243e+000	7.945669e+000	-3.208026e-001
1.139818936014682e-004	1.644654e-005	3.236404e-001	4.055433e-002	4.055433e-004	7.980416e+000	7.980845e+000	-3.236579e-001
1.141570320803461e-004	1.589623e-005	3.128433e-001	3.987008e-002	3.987008e-004	7.846568e+000	7.846988e+000	-3.128600e-001
1.143320036753588e-004	1.473434e-005	2.900409e-001	3.838534e-002	3.838534e-004	7.556034e+000	7.556438e+000	-2.900564e-001
1.145273161753588e-004	1.293064e-005	2.546276e-001	3.595920e-002	3.595920e-004	7.081015e+000	7.081391e+000	-2.546411e-001
1.147226286753588e-004	1.087337e-005	2.142119e-001	3.297479e-002	3.297479e-004	6.496234e+000	6.496574e+000	-2.142232e-001
1.151132536753588e-004	7.006084e-006	1.381602e-001	2.646901e-002	2.646901e-004	5.219697e+000	5.219964e+000	-1.381673e-001
1.153085661753588e-004	5.562682e-006	1.097450e-001	2.358534e-002	2.358534e-004	4.653104e+000	4.653345e+000	-1.097507e-001
1.155038786753588e-004	4.550742e-006	8.981231e-002	2.133247e-002	2.133247e-004	4.210123e+000	4.210349e+000	-8.981713e-002
1.156991911753588e-004	3.970639e-006	7.838098e-002	1.992646e-002	1.992646e-004	3.933512e+000	3.933733e+000	-7.838539e-002
1.158945036753588e-004	3.792881e-006	7.487741e-002	1.947532e-002	1.947532e-004	3.844733e+000	3.844954e+000	-7.488172e-002
1.160709666248217e-004	3.980806e-006	7.858139e-002	1.995196e-002	1.995196e-004	3.938530e+000	3.938755e+000	-7.858587e-002
1.162530852989348e-004	4.540337e-006	8.960734e-002	2.130807e-002	2.130807e-004	4.205325e+000	4.205557e+000	-8.961235e-002
1.164483977989348e-004	5.546095e-006	1.094185e-001	2.355015e-002	2.355015e-004	4.646190e+000	4.646414e+000	-1.094244e-001
1.166437102989348e-004	6.961309e-006	1.372792e-001	2.638429e-002	2.638429e-004	5.203064e+000	5.203289e+000	-1.372864e-001
1.170343352989348e-004	1.070524e-005	2.109081e-001	3.271886e-002	3.271886e-004	6.446073e+000	6.446401e+000	-2.109189e-001
1.172296477989348e-004	1.267132e-005	2.495353e-001	3.559680e-002	3.559680e-004	7.010047e+000	7.010404e+000	-2.495480e-001
1.174249602989348e-004	1.436373e-005	2.827666e-001	3.789952e-002	3.789952e-004	7.460955e+000	7.461341e+000	-2.827813e-001
1.176202727989348e-004	1.552759e-005	3.056100e-001	3.940506e-002	3.940506e-004	7.755601e+000	7.756013e+000	-3.056263e-001
1.178155852989348e-004	1.600212e-005	3.149216e-001	4.000265e-002	4.000265e-004	7.872517e+000	7.872941e+000	-3.149385e-001
1.179851185543137e-004	1.576937e-005	3.103546e-001	3.971067e-002	3.971067e-004	7.815396e+000	7.815814e+000	-3.103712e-001
1.181566849048489e-004	1.491799e-005	2.936461e-001	3.862381e-002	3.862381e-004	7.602723e+000	7.603127e+000	-2.936617e-001
1.183519974048489e-004	1.339701e-005	2.637867e-001	3.660193e-002	3.660193e-004	7.206906e+000	7.207290e+000	-2.638007e-001
1.185473099048489e-004	1.153312e-005	2.271764e-001	3.396044e-002	3.396044e-004	6.689442e+000	6.689794e+000	-2.271884e-001
1.189379349048490e-004	7.740193e-006	1.526058e-001	2.782120e-002	2.782120e-004	5.485235e+000	5.485515e+000	-1.526136e-001
1.191332474048490e-004	6.213524e-006	1.225604e-001	2.492694e-002	2.492694e-004	4.916783e+000	4.917035e+000	-1.225666e-001
1.193285599048490e-004	5.077156e-006	1.001830e-001	2.253255e-002	2.253254e-004	4.446146e+000	4.446380e+000	-1.001883e-001
1.195238724048490e-004	4.355033e-006	8.595647e-002	2.086871e-002	2.086872e-004	4.118916e+000	4.119141e+000	-8.596118e-002
1.197191849048490e-004	4.025036e-006	7.945340e-002	2.006249e-002	2.006249e-004	3.960295e+000	3.960517e+000	-7.945785e-002
1.198895422458901e-004	4.059231e-006	8.012732e-002	2.014753e-002	2.014753e-004	3.977029e+000	3.977251e+000	-8.013178e-002
1.200620020853508e-004	4.418956e-006	8.721605e-002	2.102131e-002	2.102131e-004	4.148935e+000	4.149163e+000	-8.722087e-002
1.202573145853508e-004	5.202825e-006	1.026583e-001	2.280970e-002	2.280970e-004	4.500642e+000	4.500881e+000	-1.026639e-001
1.204526270853508e-004	6.377490e-006	1.257883e-001	2.525369e-002	2.525369e-004	4.980987e+000	4.981239e+000	-1.257950e-001
1.206479395853508e-004	7.917220e-006	1.560888e-001	2.813756e-002	2.813755e-004	5.547346e+000	5.547625e+000	-1.560968e-001
1.210385645853508e-004	1.160852e-005	2.286583e-001	3.407128e-002	3.407128e-004	6.711175e+000	6.711514e+000	-2.286700e-001
1.212338770853508e-004	1.335240e-005	2.629112e-001	3.654094e-002	3.654094e-004	7.194976e+000	7.195342e+000	-2.629248e-001
1.214291895853508e-004	1.470413e-005	2.894490e-001	3.834596e-002	3.834596e-004	7.548356e+000	7.548750e+000	-2.894642e-001
1.216245020853509e-004	1.547756e-005	3.046287e-001	3.934153e-002	3.934153e-004	7.743184e+000	7.743597e+000	-3.046449e-001
1.217961965018387e-004	1.555970e-005	3.062407e-001	3.944579e-002	3.944579e-004	7.763584e+000	7.763998e+000	-3.062570e-001
1.219704501077162e-004	1.503676e-005	2.959780e-001	3.877727e-002	3.877726e-004	7.632771e+000	7.633175e+000	-2.959937e-001
1.221495410396843e-004	1.395713e-005	2.747850e-001	3.735925e-002	3.735924e-004	7.355207e+000	7.355597e+000	-2.747995e-001
1.223448535396843e-004	1.234375e-005	2.431019e-001	3.513368e-002	3.513368e-004	6.919341e+000	6.919705e+000	-2.431147e-001
1.225401660396843e-004	1.051214e-005	2.071137e-001	3.242242e-002	3.242242e-004	6.387978e+000	6.388309e+000	-2.071245e-001
1.229307910396843e-004	7.068949e-006	1.393983e-001	2.658750e-002	2.658750e-004	5.243001e+000	5.243268e+000	-1.394054e-001
1.231261035396843e-004	5.777029e-006	1.139667e-001	2.403545e-002	2.403545e-004	4.741607e+000	4.741852e+000	-1.139725e-001
1.233214160396843e-004	4.870052e-006	9.610372e-002	2.206820e-002	2.206819e-004	4.354852e+000	4.355083e+000	-9.610883e-002
1.235167285396843e-004	4.347561e-006	8.580954e-002	2.085081e-002	2.085081e-004	4.115407e+000	4.115632e+000	-8.581423e-002
1.236920893744036e-004	4.208032e-006	8.306005e-002	2.051349e-002	2.051349e-004	4.049046e+000	4.049269e+000	-8.306463e-002
1.238695254325315e-004	4.388262e-006	8.661159e-002	2.094818e-002	2.094818e-004	4.134564e+000	4.134791e+000	-8.661634e-002
1.240474919430120e-004	4.893016e-006	9.655613e-002	2.212016e-002	2.212016e-004	4.365074e+000	4.365311e+000	-9.656140e-002
1.242428044430120e-004	5.815773e-006	1.147296e-001	2.411591e-002	2.411591e-004	4.757423e+000	4.757669e+000	-1.147358e-001
1.244381169430120e-004	7.100842e-006	1.400260e-001	2.664741e-002	2.664740e-004	5.254770e+000	5.255029e+000	-1.400333e-001
1.248287419430121e-004	1.046005e-005	2.060903e-001	3.234201e-002	3.234200e-004	6.372219e+000	6.372538e+000	-2.061008e-001
1.250240544430121e-004	1.221225e-005	2.405192e-001	3.494603e-002	3.494603e-004	6.882590e+000	6.882932e+000	-2.405315e-001
1.252193669430121e-004	1.372055e-005	2.701404e-001	3.704126e-002	3.704126e-004	7.292959e+000	7.293331e+000	-2.701544e-001
1.254146794430121e-004	1.476472e-005	2.906388e-001	3.842488e-002	3.842488e-004	7.563817e+000	7.564216e+000	-2.906541e-001
1.256099919430121e-004	1.520530e-005	2.992862e-001	3.899398e-002	3.899398e-004	7.675190e+000	7.675600e+000	-2.993022e-001
1.257796366372588e-004	1.502170e-005	2.956828e-001	3.875784e-002	3.875784e-004	7.628981e+000	7.629385e+000	-2.956985e-001
1.259513246275389e-004	1.429093e-005	2.813385e-001	3.780334e-002	3.780334e-004	7.442160e+000	7.442553e+000	-2.813534e-001
1.261466371275389e-004	1.296413e-005	2.552870e-001	3.600574e-002	3.600574e-004	7.090176e+000	7.090550e+000	-2.553005e-001
1.263419496275389e-004	1.131836e-005	2.229577e-001	3.364277e-002	3.364277e-004	6.627211e+000	6.627558e+000	-2.229694e-001
1.267325746275389e-004	7.906301e-006	1.558746e-001	2.811814e-002	2.811814e-004	5.543558e+000	5.543840e+000	-1.558825e-001
1.269278871275389e-004	6.502327e-006	1.282463e-001	2.549966e-002	2.549966e-004	5.029335e+000	5.029592e+000	-1.282529e-001
1.271231996275389e-004	5.439797e-006	1.073261e-001	2.332337e-002	2.332337e-004	4.601654e+000	4.601893e+000	-1.073317e-001
1.273185121275389e-004	4.752030e-006	9.377895e-002	2.179915e-002	2.179915e-004	4.301954e+000	4.302186e+000	-9.378399e-002
1.275138246275389e-004	4.428568e-006	8.740600e-002	2.104416e-002	2.104416e-004	4.153456e+000	4.153684e+000	-8.741080e-002
1.276843164917681e-004	4.450131e-006	8.783089e-002	2.109533e-002	2.109533e-004	4.163522e+000	4.163750e+000	-8.783569e-002
1.278569194344608e-004	4.778228e-006	9.429509e-002	2.185916e-002	2.185916e-004	4.313757e+000	4.313990e+000	-9.430020e-002
1.280522319344608e-004	5.497875e-006	1.084699e-001	2.344755e-002	2.344755e-004	4.626064e+000	4.626311e+000	-1.084757e-001
1.282475444344608e-004	6.570593e-006	1.295902e-001	2.563317e-002	2.563317e-004	5.055565e+000	5.055820e+000	-1.295970e-001
1.284428569344608e-004	7.965836e-006	1.570459e-001	2.822381e-002	2.822381e-004	5.564305e+000	5.564575e+000	-1.570540e-001
1.288334819344608e-004	1.127931e-005	2.221907e-001	3.358468e-002	3.358468e-004	6.615835e+000	6.616171e+000	-2.222020e-001
1.290287944344608e-004	1.283784e-005	2.528070e-001	3.582992e-002	3.582993e-004	7.055751e+000	7.056112e+000	-2.528200e-001
1.292241069344609e-004	1.404872e-005	2.765840e-001	3.748163e-002	3.748163e-004	7.379189e+000	7.379574e+000	-2.765985e-001
1.294194194344609e-004	1.475036e-005	2.903574e-001	3.840619e-002	3.840619e-004	7.560170e+000	7.560570e+000	-2.903727e-001
1.295914774194595e-004	1.484096e-005	2.921357e-001	3.852396e-002	3.852396e-004	7.583220e+000	7.583621e+000	-2.921511e-001
1.297660414217078e-004	1.439809e-005	2.834426e-001	3.794481e-002	3.794481e-004	7.469864e+000	7.470258e+000	-2.834575e-001
1.299416211895593e-004	1.347945e-005	2.654069e-001	3.671436e-002	3.671437e-004	7.228966e+000	7.229346e+000	-2.654208e-001
1.301369336895593e-004	1.206043e-005	2.375374e-001	3.472814e-002	3.472813e-004	6.839912e+000	6.840271e+000	-2.375499e-001
1.303322461895593e-004	1.043047e-005	2.055094e-001	3.229624e-002	3.229624e-004	6.363262e+000	6.363592e+000	-2.055201e-001
1.307228711895593e-004	7.302576e-006	1.439964e-001	2.702328e-002	2.702328e-004	5.328605e+000	5.328876e+000	-1.440037e-001
1.309181836895593e-004	6.100396e-006	1.203342e-001	2.469898e-002	2.469898e-004	4.872029e+000	4.872280e+000	-1.203404e-001
1.311134961895593e-004	5.241026e-006	1.034116e-001	2.289329e-002	2.289329e-004	4.517114e+000	4.517351e+000	-1.034170e-001
1.313088086895593e-004	4.743474e-006	9.361065e-002	2.177952e-002	2.177952e-004	4.298105e+000	4.298337e+000	-9.361572e-002
1.315041211895593e-004	4.597741e-006	9.073948e-002	2.144234e-002	2.144234e-004	4.231790e+000	4.232022e+000	-9.074446e-002
1.316801051866236e-004	4.777585e-006	9.428268e-002	2.185769e-002	2.185769e-004	4.313479e+000	4.313714e+000	-9.428782e-002
1.318673085032878e-004	5.299588e-006	1.045650e-001	2.302083e-002	2.302083e-004	4.542191e+000	4.542435e+000	-1.045707e-001
1.320626210032878e-004	6.184990e-006	1.219996e-001	2.486964e-002	2.486964e-004	4.905565e+000	4.905821e+000	-1.220061e-001
1.322579335032878e-004	7.394126e-006	1.457979e-001	2.719214e-002	2.719214e-004	5.361767e+000	5.362032e+000	-1.458055e-001
1.326485585032878e-004	1.045892e-005	2.060689e-001	3.234025e-002	3.234026e-004	6.371900e+000	6.372215e+000	-2.060793e-001
1.328438710032878e-004	1.201369e-005	2.366194e-001	3.466077e-002	3.466077e-004	6.826723e+000	6.827067e+000	-2.366316e-001
1.330391835032878e-004	1.332405e-005	2.623557e-001	3.650212e-002	3.650212e-004	7.187410e+000	7.187780e+000	-2.623693e-001
1.332344960032878e-004	1.420229e-005	2.795993e-001	3.768593e-002	3.768593e-004	7.419197e+000	7.419586e+000	-2.796140e-001
1.334298085032878e-004	1.453576e-005	2.861454e-001	3.812579e-002	3.812579e-004	7.505297e+000	7.505694e+000	-2.861605e-001
1.335993344849711e-004	1.432425e-005	2.819935e-001	3.784739e-002	3.784739e-004	7.450805e+000	7.451197e+000	-2.820084e-001
1.337705892758563e-004	1.363564e-005	2.684742e-001	3.692647e-002	3.692647e-004	7.270508e+000	7.270890e+000	-2.684883e-001
1.339659017758563e-004	1.242205e-005	2.446411e-001	3.524493e-002	3.524493e-004	6.941172e+000	6.941535e+000	-2.446539e-001
1.341612142758563e-004	1.093596e-005	2.154443e-001	3.306957e-002	3.306957e-004	6.514882e+000	6.515220e+000	-2.154555e-001
1.345518392758563e-004	7.874102e-006	1.552417e-001	2.806083e-002	2.806083e-004	5.532329e+000	5.532610e+000	-1.552496e-001
1.347471517758563e-004	6.614962e-006	1.304640e-001	2.571957e-002	2.571957e-004	5.072557e+000	5.072817e+000	-1.304707e-001
1.349424642758563e-004	5.663123e-006	1.117245e-001	2.379732e-002	2.379732e-004	4.694838e+000	4.695081e+000	-1.117303e-001
1.351377767758563e-004	5.053222e-006	9.971267e-002	2.247937e-002	2.247937e-004	4.435741e+000	4.435977e+000	-9.971798e-002
1.353330892758563e-004	4.781146e-006	9.435303e-002	2.186583e-002	2.186583e-004	4.315090e+000	4.315323e+000	-9.435812e-002
1.355035725451286e-004	4.828714e-006	9.529013e-002	2.197433e-002	2.197433e-004	4.336429e+000	4.336662e+000	-9.529526e-002
1.356757641246075e-004	5.163154e-006	1.018781e-001	2.272258e-002	2.272258e-004	4.483561e+000	4.483800e+000	-1.018835e-001
1.358710766246075e-004	5.864155e-006	1.156831e-001	2.421602e-002	2.421602e-004	4.777130e+000	4.777383e+000	-1.156892e-001
1.360663891246075e-004	6.882340e-006	1.357267e-001	2.623422e-002	2.623421e-004	5.173652e+000	5.173917e+000	-1.357338e-001
1.366523266246075e-004	1.117560e-005	2.201535e-001	3.342992e-002	3.342992e-004	6.585524e+000	6.585854e+000	-2.201647e-001
1.368476391246075e-004	1.254714e-005	2.470984e-001	3.542195e-002	3.542194e-004	6.975856e+000	6.976212e+000	-2.471111e-001
1.370429516246075e-004	1.358787e-005	2.675364e-001	3.686172e-002	3.686172e-004	7.257838e+000	7.258215e+000	-2.675503e-001
1.372382641246075e-004	1.416365e-005	2.788410e-001	3.763463e-002	3.763463e-004	7.409162e+000	7.409552e+000	-2.788557e-001
1.374094037442917e-004	1.420018e-005	2.795582e-001	3.768313e-002	3.768313e-004	7.418657e+000	7.419046e+000	-2.795729e-001
1.375829338243769e-004	1.376641e-005	2.710421e-001	3.710311e-002	3.710311e-004	7.305104e+000	7.305487e+000	-2.710563e-001
1.377639177191265e-004	1.288729e-005	2.537792e-001	3.589888e-002	3.589888e-004	7.069279e+000	7.069649e+000	-2.537925e-001
1.379592302191265e-004	1.159544e-005	2.284029e-001	3.405208e-002	3.405208e-004	6.707459e+000	6.707809e+000	-2.284148e-001
1.381545427191265e-004	1.012409e-005	1.994879e-001	3.181837e-002	3.181837e-004	6.269581e+000	6.269904e+000	-1.994982e-001
1.385451677191265e-004	7.319298e-006	1.443260e-001	2.705420e-002	2.705420e-004	5.334697e+000	5.334969e+000	-1.443333e-001
1.387404802191265e-004	6.245161e-006	1.231847e-001	2.499032e-002	2.499032e-004	4.929296e+000	4.929549e+000	-1.231910e-001
1.389357927191265e-004	5.482643e-006	1.081706e-001	2.341504e-002	2.341504e-004	4.619705e+000	4.619947e+000	-1.081763e-001
1.391311052191265e-004	5.044252e-006	9.953618e-002	2.245941e-002	2.245941e-004	4.431825e+000	4.432061e+000	-9.954148e-002
1.393056874095404e-004	4.938318e-006	9.744945e-002	2.222233e-002	2.222233e-004	4.385205e+000	4.385439e+000	-9.745466e-002
1.394824409011565e-004	5.115765e-006	1.009448e-001	2.261806e-002	2.261806e-004	4.463019e+000	4.463258e+000	-1.009502e-001
1.396668912080573e-004	5.595232e-006	1.103879e-001	2.365424e-002	2.365424e-004	4.666725e+000	4.666971e+000	-1.103937e-001
1.398622037080574e-004	6.414080e-006	1.265100e-001	2.532603e-002	2.532603e-004	4.995256e+000	4.995512e+000	-1.265165e-001
1.400575162080574e-004	7.521900e-006	1.483126e-001	2.742608e-002	2.742608e-004	5.407722e+000	5.407996e+000	-1.483202e-001
1.404481412080574e-004	1.029644e-005	2.028758e-001	3.208806e-002	3.208806e-004	6.322469e+000	6.322784e+000	-2.028861e-001
1.406434537080574e-004	1.169139e-005	2.302883e-001	3.419267e-002	3.419268e-004	6.735019e+000	6.735357e+000	-2.303000e-001
1.408387662080574e-004	1.286305e-005	2.533033e-001	3.586509e-002	3.586510e-004	7.062669e+000	7.063030e+000	-2.533163e-001
1.410340787080574e-004	1.364800e-005	2.687175e-001	3.694320e-002	3.694320e-004	7.273800e+000	7.274179e+000	-2.687315e-001
1.412293912080574e-004	1.394892e-005	2.746256e-001	3.734825e-002	3.734825e-004	7.353106e+000	7.353493e+000	-2.746401e-001
1.413988091146039e-004	1.376571e-005	2.710286e-001	3.710216e-002	3.710217e-004	7.304926e+000	7.305309e+000	-2.710428e-001
1.415701105758579e-004	1.315758e-005	2.590874e-001	3.627337e-002	3.627337e-004	7.142633e+000	7.143006e+000	-2.591009e-001
1.417654230758579e-004	1.207950e-005	2.379129e-001	3.475557e-002	3.475557e-004	6.845317e+000	6.845674e+000	-2.379253e-001
1.419607355758579e-004	1.075102e-005	2.118103e-001	3.278875e-002	3.278875e-004	6.459848e+000	6.460183e+000	-2.118213e-001
1.423513605758579e-004	7.982065e-006	1.573662e-001	2.825255e-002	2.825255e-004	5.569982e+000	5.570265e+000	-1.573742e-001
1.425466730758580e-004	6.827181e-006	1.346415e-001	2.612888e-002	2.612887e-004	5.152976e+000	5.153239e+000	-1.346483e-001
1.427419855758580e-004	5.945268e-006	1.172806e-001	2.438292e-002	2.438292e-004	4.809947e+000	4.810196e+000	-1.172866e-001
1.429372980758580e-004	5.374546e-006	1.060419e-001	2.318307e-002	2.318307e-004	4.574111e+000	4.574352e+000	-1.060475e-001
1.431326105758580e-004	5.116958e-006	1.009685e-001	2.262069e-002	2.262069e-004	4.463545e+000	4.463783e+000	-1.009739e-001
1.433031599918425e-004	5.158945e-006	1.017955e-001	2.271331e-002	2.271331e-004	4.481756e+000	4.481994e+000	-1.018009e-001
1.434753883451050e-004	5.469071e-006	1.079035e-001	2.338604e-002	2.338605e-004	4.614014e+000	4.614257e+000	-1.079092e-001
1.436707008451050e-004	6.117762e-006	1.206767e-001	2.473411e-002	2.473411e-004	4.878961e+000	4.879216e+000	-1.206831e-001
1.438660133451050e-004	7.053817e-006	1.391019e-001	2.655902e-002	2.655902e-004	5.237463e+000	5.237731e+000	-1.391090e-001
1.444519508451050e-004	1.094216e-005	2.155670e-001	3.307894e-002	3.307894e-004	6.516743e+000	6.517070e+000	-2.155779e-001
1.446472633451050e-004	1.217153e-005	2.397211e-001	3.488772e-002	3.488772e-004	6.871216e+000	6.871567e+000	-2.397334e-001
1.448425758451050e-004	1.310256e-005	2.580074e-001	3.619746e-002	3.619746e-004	7.127774e+000	7.128143e+000	-2.580207e-001
1.450378883451050e-004	1.361888e-005	2.681459e-001	3.690376e-002	3.690376e-004	7.266086e+000	7.266465e+000	-2.681599e-001
1.452090431586220e-004	1.365533e-005	2.688616e-001	3.695312e-002	3.695312e-004	7.275750e+000	7.276130e+000	-2.688757e-001
1.453826585446678e-004	1.327426e-005	2.613791e-001	3.643386e-002	3.643386e-004	7.174071e+000	7.174445e+000	-2.613927e-001
1.455616519345218e-004	1.250452e-005	2.462620e-001	3.536174e-002	3.536174e-004	6.964081e+000	6.964444e+000	-2.462748e-001
1.457569644345218e-004	1.135354e-005	2.236507e-001	3.369502e-002	3.369502e-004	6.637500e+000	6.637844e+000	-2.236623e-001
1.459522769345218e-004	1.003351e-005	1.977078e-001	3.167571e-002	3.167571e-004	6.241621e+000	6.241941e+000	-1.977179e-001
1.463429019345218e-004	7.483495e-006	1.475573e-001	2.735598e-002	2.735598e-004	5.393970e+000	5.394244e+000	-1.475648e-001
1.465382144345218e-004	6.491636e-006	1.280371e-001	2.547869e-002	2.547869e-004	5.025262e+000	5.025519e+000	-1.280436e-001
1.467335269345218e-004	5.779796e-006	1.140226e-001	2.404121e-002	2.404121e-004	4.742798e+000	4.743044e+000	-1.140285e-001
1.469288394345218e-004	5.365500e-006	1.058639e-001	2.316355e-002	2.316355e-004	4.570281e+000	4.570522e+000	-1.058695e-001
1.471036644464636e-004	5.261351e-006	1.038127e-001	2.293763e-002	2.293764e-004	4.525867e+000	4.526106e+000	-1.038182e-001
1.472806305631154e-004	5.422574e-006	1.069880e-001	2.328642e-002	2.328642e-004	4.594437e+000	4.594679e+000	-1.069936e-001
1.474650585765342e-004	5.864233e-006	1.156852e-001	2.421618e-002	2.421618e-004	4.777187e+000	4.777439e+000	-1.156913e-001
1.476603710765342e-004	6.617146e-006	1.305077e-001	2.572381e-002	2.572381e-004	5.073418e+000	5.073682e+000	-1.305145e-001
1.478556835765342e-004	7.629984e-006	1.504397e-001	2.762243e-002	2.762243e-004	5.446287e+000	5.446566e+000	-1.504474e-001
1.482463085765342e-004	1.014325e-005	1.998653e-001	3.184848e-002	3.184848e-004	6.275505e+000	6.275820e+000	-1.998754e-001
1.484416210765343e-004	1.139827e-005	2.245297e-001	3.376132e-002	3.376132e-004	6.650500e+000	6.650837e+000	-2.245411e-001
1.486369335765343e-004	1.245039e-005	2.451988e-001	3.528510e-002	3.528510e-004	6.949074e+000	6.949431e+000	-2.452114e-001
1.488322460765343e-004	1.315665e-005	2.590698e-001	3.627210e-002	3.627210e-004	7.142398e+000	7.142769e+000	-2.590832e-001
1.490275585765343e-004	1.343227e-005	2.644821e-001	3.665006e-002	3.665006e-004	7.216415e+000	7.216792e+000	-2.644959e-001
1.491968968504052e-004	1.327619e-005	2.614172e-001	3.643651e-002	3.643650e-004	7.174595e+000	7.174969e+000	-2.614308e-001
1.493682591946095e-004	1.274038e-005	2.508946e-001	3.569366e-002	3.569367e-004	7.029108e+000	7.029472e+000	-2.509076e-001
1.495635716946095e-004	1.178268e-005	2.320824e-001	3.432591e-002	3.432591e-004	6.761143e+000	6.761494e+000	-2.320944e-001
1.497588841946095e-004	1.059398e-005	2.087245e-001	3.254840e-002	3.254840e-004	6.412744e+000	6.413074e+000	-2.087353e-001
1.501495091946096e-004	8.086703e-006	1.594250e-001	2.843713e-002	2.843713e-004	5.606228e+000	5.606513e+000	-1.594331e-001
1.503448216946096e-004	7.026393e-006	1.385625e-001	2.650734e-002	2.650734e-004	5.227325e+000	5.227592e+000	-1.385696e-001
1.505401341946096e-004	6.208646e-006	1.224663e-001	2.491715e-002	2.491715e-004	4.914941e+000	4.915195e+000	-1.224727e-001
1.507354466946096e-004	5.673924e-006	1.119380e-001	2.382000e-002	2.382000e-004	4.699327e+000	4.699574e+000	-1.119438e-001
1.509307591946096e-004	5.428773e-006	1.071102e-001	2.329973e-002	2.329973e-004	4.597059e+000	4.597301e+000	-1.071159e-001
1.511013586663440e-004	5.463715e-006	1.077984e-001	2.337459e-002	2.337459e-004	4.611775e+000	4.612019e+000	-1.078040e-001
1.512736567607271e-004	5.748634e-006	1.134091e-001	2.397631e-002	2.397631e-004	4.730050e+000	4.730298e+000	-1.134151e-001
1.514689692607271e-004	6.345666e-006	1.251638e-001	2.519060e-002	2.519061e-004	4.968670e+000	4.968930e+000	-1.251704e-001
1.516642817607271e-004	7.203643e-006	1.420507e-001	2.683960e-002	2.683960e-004	5.292579e+000	5.292852e+000	-1.420581e-001
1.522502192607271e-004	1.072722e-005	2.113433e-001	3.275244e-002	3.275244e-004	6.452751e+000	6.453077e+000	-2.113541e-001
1.524455317607271e-004	1.183269e-005	2.330651e-001	3.439868e-002	3.439868e-004	6.775409e+000	6.775755e+000	-2.330771e-001
1.526408442607271e-004	1.266970e-005	2.495066e-001	3.559452e-002	3.559452e-004	7.009692e+000	7.010054e+000	-2.495195e-001
1.528361567607272e-004	1.313660e-005	2.586762e-001	3.624445e-002	3.624445e-004	7.136989e+000	7.137360e+000	-2.586897e-001
1.530073606274514e-004	1.317528e-005	2.594359e-001	3.629777e-002	3.629777e-004	7.147432e+000	7.147804e+000	-2.594494e-001
1.531811473073792e-004	1.284241e-005	2.528987e-001	3.583631e-002	3.583631e-004	7.057054e+000	7.057419e+000	-2.529118e-001
1.533574782458565e-004	1.217218e-005	2.397344e-001	3.488865e-002	3.488866e-004	6.871414e+000	6.871769e+000	-2.397468e-001
1.535527907458565e-004	1.114681e-005	2.195889e-001	3.338683e-002	3.338683e-004	6.577109e+000	6.577449e+000	-2.196002e-001
1.539434157458565e-004	8.751280e-006	1.724969e-001	2.958256e-002	2.958256e-004	5.831033e+000	5.831330e+000	-1.725057e-001
1.541387282458565e-004	7.640805e-006	1.506529e-001	2.764201e-002	2.764201e-004	5.450142e+000	5.450419e+000	-1.506605e-001
1.543340407458565e-004	6.723755e-006	1.326064e-001	2.593021e-002	2.593020e-004	5.113973e+000	5.114234e+000	-1.326131e-001
1.545293532458565e-004	6.058067e-006	1.195020e-001	2.461314e-002	2.461314e-004	4.855210e+000	4.855461e+000	-1.195082e-001
1.547246657458565e-004	5.629262e-006	1.110586e-001	2.372607e-002	2.372607e-004	4.680871e+000	4.681113e+000	-1.110644e-001
1.548399564917130e-004	5.512106e-006	1.087515e-001	2.347787e-002	2.347787e-004	4.632083e+000	4.632318e+000	-1.087570e-001
1.550089505524861e-004	5.581708e-006	1.099238e-001	2.362564e-002	2.362564e-004	4.652735e+000	4.652980e+000	-1.099296e-001
1.551342582872914e-004	6.094965e-006	1.169379e-001	2.468798e-002	2.468798e-004	4.736632e+000	4.736880e+000	-1.169440e-001
1.552774671270688e-004	6.918438e-006	1.286528e-001	2.630292e-002	2.630292e-004	4.891198e+000	4.891464e+000	-1.286598e-001
1.554727796270688e-004	8.440890e-006	1.502441e-001	2.905321e-002	2.905321e-004	5.171344e+000	5.171644e+000	-1.502529e-001
1.556680921270688e-004	1.050169e-005	1.786640e-001	3.240632e-002	3.240632e-004	5.513247e+000	5.513581e+000	-1.786749e-001
1.558634046270688e-004	1.317512e-005	2.137975e-001	3.629755e-002	3.629755e-004	5.890137e+000	5.890506e+000	-2.138110e-001
1.560587171270688e-004	1.645786e-005	2.541580e-001	4.056828e-002	4.056829e-004	6.264944e+000	6.265352e+000	-2.541747e-001
1.562540296270689e-004	2.027564e-005	2.972327e-001	4.502848e-002	4.502848e-004	6.600993e+000	6.601444e+000	-2.972530e-001
1.564493421270689e-004	2.447622e-005	3.396644e-001	4.947345e-002	4.947345e-004	6.865590e+000	6.866085e+000	-3.396889e-001
1.566446546270689e-004	2.884103e-005	3.777092e-001	5.370384e-002	5.370384e-004	7.033187e+000	7.033726e+000	-3.777381e-001
1.568399671270689e-004	3.313794e-005	4.082425e-001	5.756556e-002	5.756556e-004	7.091784e+000	7.092364e+000	-4.082759e-001
1.570092524735098e-004	3.660635e-005	4.263353e-001	6.050318e-002	6.050318e-004	7.046494e+000	7.047103e+000	-4.263722e-001
1.571802347849820e-004	3.970493e-005	4.352899e-001	6.301185e-002	6.301185e-004	6.908064e+000	6.908700e+000	-4.353299e-001
1.573755472849820e-004	4.275202e-005	4.353815e-001	6.538503e-002	6.538503e-004	6.658734e+000	6.659395e+000	-4.354247e-001
1.575708597849820e-004	4.540554e-005	4.271090e-001	6.738363e-002	6.738363e-004	6.338469e+000	6.339148e+000	-4.271548e-001
1.579614847849820e-004	5.106688e-005	4.005953e-001	7.146110e-002	7.146109e-004	5.605782e+000	5.606503e+000	-4.006469e-001
1.581567972849820e-004	5.569954e-005	3.929562e-001	7.463212e-002	7.463212e-004	5.265242e+000	5.266026e+000	-3.930147e-001
1.583521097849820e-004	6.356999e-005	3.976232e-001	7.973079e-002	7.973079e-004	4.987072e+000	4.988000e+000	-3.976972e-001
1.585474222849820e-004	7.781811e-005	4.232546e-001	8.821458e-002	8.821457e-004	4.798012e+000	4.799286e+000	-4.233670e-001
1.587427347849820e-004	1.047922e-004	4.825887e-001	1.023681e-001	1.023681e-003	4.714251e+000	4.715780e+000	-4.827453e-001
1.589241841912063e-004	1.554817e-004	5.908344e-001	1.246923e-001	1.246923e-003	4.738339e+000	4.739796e+000	-5.910162e-001
1.590954860102236e-004	2.775986e-004	8.087194e-001	1.666129e-001	1.666129e-003	4.853882e+000	4.855687e+000	-8.090202e-001
1.592907985102236e-004	1.407367e+000	5.788846e+001	1.186325e+001	1.186325e-001	4.879645e+000	4.998573e+000	-5.929933e+001
1.594051662879279e-004	2.383700e+001	2.125561e+002	4.882315e+001	4.882315e-001	4.353593e+000	4.841957e+000	-2.363996e+002
1.594982998240752e-004	8.575123e+001	3.105560e+002	9.260196e+001	9.260196e-001	3.353666e+000	4.279685e+000	-3.963073e+002
1.596041451244657e-004	1.336247e+002	2.418945e+002	1.155961e+002	1.155962e+000	2.092582e+000	3.248543e+000	-3.755192e+002
1.596689414828860e-004	1.268707e+002	1.652440e+002	1.126369e+002	1.126369e+000	1.467051e+000	2.593416e+000	-2.921147e+002
1.597511401271265e-004	1.051758e+002	8.868590e+001	1.025553e+002	1.025553e+000	8.647619e-001	1.890308e+000	-1.938617e+002
1.598543722585110e-004	7.824401e+001	2.680589e+001	8.845564e+001	8.845564e-001	3.030433e-001	1.187595e+000	-1.050499e+002
1.598927766227387e-004	6.856188e+001	1.307221e+001	8.280210e+001	8.280210e-001	1.578729e-001	9.858898e-001	-8.163410e+001
1.599231912715445e-004	6.073237e+001	6.255621e+000	7.793098e+001	7.793097e-001	8.027130e-002	8.595777e-001	-6.698800e+001
1.599391707023885e-004	5.646829e+001	3.884345e+000	7.514539e+001	7.514539e-001	5.169107e-002	8.031423e-001	-6.035264e+001
1.599711295640767e-004	4.784142e+001	1.170377e+000	6.916750e+001	6.916749e-001	1.692091e-002	7.085942e-001	-4.901180e+001
1.600000000000000e-004	4.037284e+001	4.037919e-009	6.353962e+001	6.353962e-001	6.354962e-011	6.353959e-001	-4.037284e+001
1.600202093051464e-004	3.600413e+001	3.601013e-009	6.000344e+001	6.000344e-001	6.001344e-011	6.000344e-001	-3.600413e+001
1.600433056538850e-004	3.243685e+001	3.244255e-009	5.695336e+001	5.695336e-001	5.696336e-011	5.695336e-001	-3.243685e+001
1.600894983513624e-004	2.785415e+001	2.785943e-009	5.277703e+001	5.277703e-001	5.278704e-011	5.277703e-001	-2.785415e+001
1.601614210140204e-004	2.402304e+001	2.402794e-009	4.901330e+001	4.901330e-001	4.902330e-011	4.901329e-001	-2.402304e+001
1.602315423027468e-004	2.234353e+001	2.234826e-009	4.726894e+001	4.726894e-001	4.727895e-011	4.726894e-001	-2.234353e+001
1.603224953240220e-004	2.153735e+001	2.154199e-009	4.640835e+001	4.640835e-001	4.641835e-011	4.640835e-001	-2.153735e+001
1.604290199607725e-004	2.122468e+001	2.122929e-009	4.607026e+001	4.607026e-001	4.608026e-011	4.607026e-001	-2.122468e+001
1.612619943183545e-004	2.116477e+001	2.116937e-009	4.600518e+001	4.600518e-001	4.601518e-011	4.600518e-001	-2.116477e+001
1.620949686759364e-004	2.111852e+001	2.112312e-009	4.595489e+001	4.595489e-001	4.596489e-011	4.595489e-001	-2.111852e+001
1.629279430335184e-004	2.108589e+001	2.109048e-009	4.591938e+001	4.591938e-001	4.592938e-011	4.591938e-001	-2.108589e+001
1.637609173911003e-004	2.106685e+001	2.107144e-009	4.589864e+001	4.589864e-001	4.590864e-011	4.589864e-001	-2.106685e+001
1.645938917486823e-004	2.106139e+001	2.106598e-009	4.589269e+001	4.589269e-001	4.590269e-011	4.589269e-001	-2.106139e+001
1.654268661062642e-004	2.106949e+001	2.107408e-009	4.590151e+001	4.590151e-001	4.591151e-011	4.590151e-001	-2.106949e+001
1.662598404638462e-004	2.109116e+001	2.109575e-009	4.592511e+001	4.592511e-001	4.593511e-011	4.592511e-001	-2.109116e+001
1.998046875000000e-004	2.109116e+001	2.109575e-009	4.592511e+001	4.592511e-001	4.593511e-011	4.592511e-001	-2.109116e+001
2.000000000000000e-004	2.109116e+001	2.109575e-009	4.592511e+001	4.592511e-001	4.593511e-011	4.592511e-001	-2.109116e+001
