time	V(receiver)

%Step Information: Cload=100n  (Run: 3/5)
0.000000000000000e+000	1.648116e+000
2.929687570081712e-011	1.648116e+000
1.029296875700817e-009	1.648116e+000
1.029297354400620e-009	1.648116e+000
1.029297831237779e-009	1.648116e+000
1.029297950447068e-009	1.648116e+000
1.029297980249391e-009	1.648116e+000
1.029298457086549e-009	1.648116e+000
1.029298576295838e-009	1.648116e+000
1.029298606098161e-009	1.648116e+000
1.029299082935319e-009	1.648116e+000
1.029299202144608e-009	1.648116e+000
1.029299231946931e-009	1.648116e+000
1.154299232946931e-009	1.648116e+000
2.154299232946931e-009	1.648116e+000
2.154299711646734e-009	1.648116e+000
2.279299711646734e-009	1.648116e+000
2.279300203385054e-009	1.648116e+000
3.279300203385054e-009	1.648116e+000
3.279300680222212e-009	1.648116e+000
3.279300695123373e-009	1.648116e+000
3.279300696123373e-009	1.648116e+000
4.279300696123373e-009	1.648116e+000
4.310550725925695e-009	1.648116e+000
5.310550725925695e-009	1.648116e+000
5.435550725925696e-009	1.648116e+000
5.435550848860276e-009	1.648116e+000
6.435550848860275e-009	1.648116e+000
6.435551327560079e-009	1.648116e+000
6.435551804397237e-009	1.648116e+000
6.435551923606526e-009	1.648116e+000
6.435551953408849e-009	1.648116e+000
6.451176954408849e-009	1.648116e+000
7.451176954408849e-009	1.648116e+000
7.576176954408848e-009	1.648116e+000
7.826176954408849e-009	1.648116e+000
8.326176954408848e-009	1.648116e+000
9.326176954408849e-009	1.648116e+000
1.132617695440885e-008	1.648116e+000
1.532617695440885e-008	1.648115e+000
2.332617695440885e-008	1.648114e+000
3.932617695440885e-008	1.648101e+000
7.132617695440884e-008	1.647968e+000
1.353261769544089e-007	1.646959e+000
2.633261769544088e-007	1.642571e+000
5.193261769544089e-007	1.630856e+000
8.122949269544088e-007	1.616549e+000
1.105263676954409e-006	1.600548e+000
1.398232426954409e-006	1.582903e+000
1.691201176954409e-006	1.563977e+000
1.984169926954409e-006	1.542467e+000
2.277138676954409e-006	1.518616e+000
2.570107426954409e-006	1.492259e+000
2.863076176954409e-006	1.462403e+000
3.156044926954408e-006	1.429720e+000
3.449013676954408e-006	1.393694e+000
3.741982426954408e-006	1.353995e+000
4.034951176954408e-006	1.311329e+000
4.327919926954408e-006	1.264777e+000
4.620888676954408e-006	1.214862e+000
4.707031250000001e-006	1.199594e+000
4.827714853908816e-006	1.176585e+000
5.000000000000000e-006	1.141179e+000
5.017228514609119e-006	1.139301e+000
5.051685543827356e-006	1.143033e+000
5.120599602263830e-006	1.176018e+000
5.241863548950025e-006	1.245729e+000
5.356216011899251e-006	1.252728e+000
5.459739157859696e-006	1.190168e+000
5.538757201215471e-006	1.144413e+000
5.636882357699192e-006	1.146199e+000
5.736971041610981e-006	1.177287e+000
5.826683540425058e-006	1.169492e+000
5.928503068249394e-006	1.106373e+000
6.004369268009868e-006	1.066315e+000
6.104101617973322e-006	1.067536e+000
6.205327842347158e-006	1.094932e+000
6.296977022995497e-006	1.087658e+000
6.400365232695568e-006	1.031535e+000
6.478164101249416e-006	9.983489e-001
6.594055149522675e-006	1.003512e+000
6.699994361965560e-006	1.022778e+000
6.801280050810752e-006	1.005085e+000
6.909102778200656e-006	9.523458e-001
6.991961195205689e-006	9.312801e-001
7.102749752947280e-006	9.480528e-001
7.192602867538687e-006	9.579929e-001
7.313431307551372e-006	9.277221e-001
7.425202146677468e-006	8.865241e-001
7.527431538540212e-006	8.792376e-001
7.637858695276922e-006	8.977743e-001
7.728926838339329e-006	8.937522e-001
7.844881721546049e-006	8.529268e-001
7.931094253326138e-006	8.304064e-001
8.056226043751336e-006	8.346614e-001
8.181509149875279e-006	8.407590e-001
8.304851413664503e-006	8.174870e-001
8.436261920255313e-006	7.887619e-001
8.577535291184084e-006	7.881880e-001
8.709507308965997e-006	7.894107e-001
8.860322420028008e-006	7.665499e-001
9.010461228270827e-006	7.493069e-001
9.146284937375629e-006	7.531021e-001
9.269145592585538e-006	7.504126e-001
9.416247439790397e-006	7.324995e-001
9.551676611489400e-006	7.252874e-001
9.709208842848080e-006	7.272386e-001
9.872768952568699e-006	7.207484e-001
1.004875447639483e-005	7.115679e-001
1.030343150550995e-005	7.079310e-001
1.058227344284961e-005	7.022249e-001
1.084683094718993e-005	6.962584e-001
1.113979969718993e-005	6.932591e-001
1.143276844718993e-005	6.885986e-001
1.172573719718993e-005	6.848346e-001
1.201870594718993e-005	6.825181e-001
1.231167469718993e-005	6.789235e-001
1.260464344718993e-005	6.766536e-001
1.289761219718993e-005	6.745232e-001
1.319058094718993e-005	6.718888e-001
1.348354969718993e-005	6.704400e-001
1.377651844718993e-005	6.684257e-001
1.406948719718993e-005	6.665378e-001
1.436245594718993e-005	6.654078e-001
1.465542469718993e-005	6.635943e-001
1.494839344718993e-005	6.623058e-001
1.524136219718993e-005	6.612517e-001
1.553433094718993e-005	6.597217e-001
1.582729969718993e-005	6.588424e-001
1.612026844718993e-005	6.577719e-001
1.641323719718994e-005	6.565688e-001
1.670620594718994e-005	6.559116e-001
1.699917469718994e-005	6.548666e-001
1.729214344718994e-005	6.540623e-001
1.758511219718994e-005	6.535927e-001
1.787808094718994e-005	6.527033e-001
1.817104969718995e-005	6.521978e-001
1.846401844718995e-005	6.517313e-001
1.875698719718995e-005	6.510367e-001
1.904995594718995e-005	6.507579e-001
1.934292469718995e-005	6.502585e-001
1.963589344718995e-005	6.497753e-001
1.992886219718996e-005	6.495963e-001
2.022183094718996e-005	6.491054e-001
2.051479969718996e-005	6.488732e-001
2.080776844718996e-005	6.487550e-001
2.110073719718996e-005	6.483404e-001
2.139370594718996e-005	6.482727e-001
2.168667469718997e-005	6.481476e-001
2.197964344718997e-005	6.479006e-001
2.227261219718997e-005	6.479536e-001
2.256558094718997e-005	6.478033e-001
2.285854969718997e-005	6.477632e-001
2.315151844718997e-005	6.479018e-001
2.344448719718998e-005	6.477720e-001
2.373745594718998e-005	6.479119e-001
2.403042469718998e-005	6.480824e-001
2.432339344718998e-005	6.480533e-001
2.461636219718998e-005	6.483246e-001
2.490933094718998e-005	6.484756e-001
2.520229969718999e-005	6.486037e-001
2.549526844718999e-005	6.489564e-001
2.578823719718999e-005	6.490750e-001
2.608120594718999e-005	6.493623e-001
2.637417469718999e-005	6.497501e-001
2.666714344718999e-005	6.498919e-001
2.696011219718999e-005	6.503106e-001
2.725308094719000e-005	6.506871e-001
2.754604969719000e-005	6.509291e-001
2.783901844719000e-005	6.514338e-001
2.813198719719000e-005	6.517556e-001
2.842495594719000e-005	6.521286e-001
2.871792469719000e-005	6.526641e-001
2.901089344719001e-005	6.529337e-001
2.930386219719001e-005	6.534174e-001
2.959683094719001e-005	6.539266e-001
2.988979969719001e-005	6.542026e-001
3.018276844719001e-005	6.547502e-001
3.047573719719001e-005	6.551751e-001
3.076870594719002e-005	6.555192e-001
3.106167469719002e-005	6.560807e-001
3.135464344719002e-005	6.563939e-001
3.164761219719002e-005	6.568203e-001
3.194058094719002e-005	6.573418e-001
3.223354969719002e-005	6.575701e-001
3.252651844719003e-005	6.580373e-001
3.281948719719003e-005	6.584506e-001
3.311245594719003e-005	6.586556e-001
3.340542469719003e-005	6.591049e-001
3.369839344719003e-005	6.593546e-001
3.399136219719003e-005	6.595812e-001
3.428433094719004e-005	6.599634e-001
3.457729969719004e-005	6.600489e-001
3.487026844719004e-005	6.602910e-001
3.516323719719004e-005	6.605585e-001
3.545620594719004e-005	6.605446e-001
3.574917469719004e-005	6.607658e-001
3.604214344719004e-005	6.608709e-001
3.633511219719005e-005	6.608313e-001
3.662808094719005e-005	6.609887e-001
3.692104969719005e-005	6.609074e-001
3.721401844719005e-005	6.608679e-001
3.750698719719005e-005	6.609244e-001
3.779995594719005e-005	6.607007e-001
3.809292469719006e-005	6.606545e-001
3.838589344719006e-005	6.605843e-001
3.867886219719006e-005	6.603079e-001
3.897183094719006e-005	6.602378e-001
3.926479969719006e-005	6.600266e-001
3.955776844719006e-005	6.597631e-001
3.985073719719007e-005	6.596494e-001
4.014370594719007e-005	6.593201e-001
4.043667469719007e-005	6.590883e-001
4.072964344719007e-005	6.589097e-001
4.102261219719007e-005	6.585256e-001
4.131558094719007e-005	6.583158e-001
4.160854969719008e-005	6.580554e-001
4.190151844719008e-005	6.576869e-001
4.219448719719008e-005	6.574869e-001
4.248745594719008e-005	6.571532e-001
4.278042469719008e-005	6.568435e-001
4.307339344719008e-005	6.566404e-001
4.336636219719009e-005	6.562726e-001
4.365933094719009e-005	6.560283e-001
4.395229969719009e-005	6.558044e-001
4.424526844719009e-005	6.554559e-001
4.453823719719009e-005	6.552637e-001
4.483120594719009e-005	6.550082e-001
4.512417469719009e-005	6.547205e-001
4.541714344719010e-005	6.545619e-001
4.571011219719010e-005	6.542865e-001
4.600308094719010e-005	6.540771e-001
4.629604969719010e-005	6.539347e-001
4.658901844719010e-005	6.536748e-001
4.688198719719010e-005	6.535411e-001
4.717495594719011e-005	6.534004e-001
4.746792469719011e-005	6.531947e-001
4.776089344719011e-005	6.531204e-001
4.805386219719011e-005	6.529756e-001
4.834683094719011e-005	6.528454e-001
4.863979969719011e-005	6.528087e-001
4.893276844719012e-005	6.526716e-001
4.922573719719012e-005	6.526192e-001
4.951870594719012e-005	6.525995e-001
4.981167469719012e-005	6.524969e-001
5.010464344719012e-005	6.525111e-001
5.039761219719012e-005	6.524950e-001
5.069058094719013e-005	6.524525e-001
5.098354969719013e-005	6.525152e-001
5.127651844719013e-005	6.525018e-001
5.156948719719013e-005	6.525301e-001
5.186245594719013e-005	6.526194e-001
5.215542469719013e-005	6.526213e-001
5.244839344719014e-005	6.527135e-001
5.274136219719014e-005	6.528081e-001
5.303433094719014e-005	6.528450e-001
5.332729969719014e-005	6.529839e-001
5.362026844719014e-005	6.530718e-001
5.391323719719014e-005	6.531588e-001
5.420620594719014e-005	6.533237e-001
5.449917469719015e-005	6.533859e-001
5.470703125000000e-005	6.534793e-001
5.500000000000000e-005	6.538090e-001
5.502929687500000e-005	6.537819e-001
5.508789062500000e-005	6.537303e-001
5.520507812500000e-005	6.539845e-001
5.529057630275057e-005	6.550831e-001
5.539105031096331e-005	6.570361e-001
5.550011788496347e-005	6.576686e-001
5.571825303296379e-005	6.567386e-001
5.594672946503342e-005	6.579548e-001
5.623969821503343e-005	6.603700e-001
5.653266696503343e-005	6.616806e-001
5.671483941775393e-005	6.638278e-001
5.692325959773996e-005	6.654495e-001
5.709918690262519e-005	6.646572e-001
5.728893188559072e-005	6.656566e-001
5.755000830640843e-005	6.681731e-001
5.784297705640844e-005	6.689737e-001
5.813594580640844e-005	6.718645e-001
5.842891455640844e-005	6.747195e-001
5.872188330640844e-005	6.771709e-001
5.901485205640844e-005	6.824922e-001
5.930782080640844e-005	6.864483e-001
5.960078955640845e-005	6.914717e-001
5.970703125000000e-005	6.980561e-001
5.978751661281689e-005	7.039574e-001
5.983902927436622e-005	7.041509e-001
5.989697467690135e-005	7.012737e-001
6.000000000000000e-005	6.963141e-001
6.001030253230987e-005	6.966341e-001
6.003090759692960e-005	6.977503e-001
6.007211772616905e-005	7.019492e-001
6.015453798464797e-005	7.122002e-001
6.031937850160581e-005	7.237093e-001
6.047337046656133e-005	7.256700e-001
6.063391275033893e-005	7.409769e-001
6.082191031160381e-005	7.779494e-001
6.097156201294398e-005	7.944938e-001
6.114406854376016e-005	8.071278e-001
6.128532775484720e-005	8.470302e-001
6.143613984334713e-005	9.024584e-001
6.157305185030868e-005	9.255614e-001
6.171657838238325e-005	9.472655e-001
6.185918773145575e-005	1.006752e+000
6.200366607315428e-005	1.072364e+000
6.217317750907870e-005	1.115526e+000
6.232989802729861e-005	1.169221e+000
6.249179441410978e-005	1.267805e+000
6.263710559575643e-005	1.346762e+000
6.279971997727538e-005	1.409071e+000
6.294185630051867e-005	1.493921e+000
6.310521507453545e-005	1.624497e+000
6.325863452867455e-005	1.720648e+000
6.343032545337057e-005	1.815141e+000
6.361517091798721e-005	1.944420e+000
6.379920490817705e-005	2.054882e+000
6.398210688647799e-005	2.126034e+000
6.413205671965407e-005	2.192545e+000
6.430155218086233e-005	2.267546e+000
6.446587472862273e-005	2.306559e+000
6.463113401195186e-005	2.343710e+000
6.479875118779162e-005	2.398559e+000
6.493576400458040e-005	2.426926e+000
6.509503876423733e-005	2.441566e+000
6.523425826131725e-005	2.469134e+000
6.538848862649509e-005	2.503102e+000
6.555145523908856e-005	2.517212e+000
6.571614108657136e-005	2.529377e+000
6.589110743253742e-005	2.551978e+000
6.605124010131681e-005	2.562724e+000
6.623084212721400e-005	2.566735e+000
6.645588699909219e-005	2.578277e+000
6.668143764638434e-005	2.586001e+000
6.692821089630944e-005	2.589449e+000
6.722117964630944e-005	2.595972e+000
6.751414839630943e-005	2.599727e+000
6.780711714630943e-005	2.602209e+000
6.810008589630942e-005	2.605336e+000
6.839305464630942e-005	2.606231e+000
6.868602339630941e-005	2.607637e+000
6.897899214630941e-005	2.608680e+000
6.927196089630940e-005	2.608166e+000
6.956492964630940e-005	2.608723e+000
6.985789839630939e-005	2.608043e+000
7.015086714630939e-005	2.606621e+000
7.044383589630938e-005	2.606043e+000
7.073680464630938e-005	2.603580e+000
7.102977339630937e-005	2.601277e+000
7.132274214630937e-005	2.598832e+000
7.161571089630936e-005	2.594019e+000
7.190867964630936e-005	2.590146e+000
7.220164839630935e-005	2.583990e+000
7.249461714630935e-005	2.574819e+000
7.278758589630934e-005	2.566501e+000
7.308055464630933e-005	2.551053e+000
7.337352339630933e-005	2.530731e+000
7.366649214630932e-005	2.509609e+000
7.395946089630932e-005	2.475761e+000
7.425242964630931e-005	2.438039e+000
7.454539839630931e-005	2.399980e+000
7.483836714630930e-005	2.348101e+000
7.513133589630930e-005	2.295497e+000
7.542430464630929e-005	2.238144e+000
7.571727339630929e-005	2.164063e+000
7.601024214630928e-005	2.089664e+000
7.630321089630928e-005	2.003030e+000
7.659617964630927e-005	1.898575e+000
7.688914839630927e-005	1.794111e+000
7.718211714630926e-005	1.676280e+000
7.747508589630926e-005	1.553166e+000
7.776805464630925e-005	1.442445e+000
7.806102339630925e-005	1.334538e+000
7.835399214630924e-005	1.243128e+000
7.864696089630924e-005	1.169268e+000
7.893992964630923e-005	1.101343e+000
7.923289839630923e-005	1.049511e+000
7.952586714630922e-005	1.003927e+000
7.981883589630922e-005	9.623227e-001
8.011180464630921e-005	9.320624e-001
8.040477339630921e-005	9.013993e-001
8.069774214630920e-005	8.763533e-001
8.099071089630920e-005	8.577307e-001
8.128367964630919e-005	8.372611e-001
8.157664839630919e-005	8.239547e-001
8.186961714630918e-005	8.125253e-001
8.216258589630917e-005	8.009434e-001
8.245555464630917e-005	7.960376e-001
8.274852339630916e-005	7.896338e-001
8.304149214630916e-005	7.855579e-001
8.333446089630915e-005	7.860155e-001
8.362742964630915e-005	7.839313e-001
8.392039839630914e-005	7.862792e-001
8.421336714630914e-005	7.903239e-001
8.450633589630913e-005	7.929415e-001
8.479930464630913e-005	8.013307e-001
8.509227339630912e-005	8.090042e-001
8.538524214630912e-005	8.176440e-001
8.567821089630911e-005	8.321483e-001
8.597117964630911e-005	8.444595e-001
8.626414839630910e-005	8.603684e-001
8.655711714630910e-005	8.807538e-001
8.685008589630909e-005	8.988616e-001
8.714305464630909e-005	9.230245e-001
8.743602339630908e-005	9.495039e-001
8.772899214630908e-005	9.752336e-001
8.802196089630907e-005	1.008742e+000
8.831492964630907e-005	1.042437e+000
8.860789839630906e-005	1.078156e+000
8.890086714630906e-005	1.122080e+000
8.919383589630905e-005	1.165190e+000
8.948680464630905e-005	1.214352e+000
8.977977339630904e-005	1.271036e+000
9.007274214630904e-005	1.326672e+000
9.036571089630903e-005	1.390945e+000
9.065867964630903e-005	1.460130e+000
9.095164839630902e-005	1.528412e+000
9.124461714630901e-005	1.604087e+000
9.153758589630901e-005	1.678194e+000
9.183055464630900e-005	1.749223e+000
9.212352339630900e-005	1.821640e+000
9.241649214630899e-005	1.885162e+000
9.270946089630899e-005	1.943965e+000
9.300242964630898e-005	1.998962e+000
9.329539839630898e-005	2.043963e+000
9.358836714630897e-005	2.086724e+000
9.388133589630897e-005	2.123773e+000
9.417430464630896e-005	2.153835e+000
9.446727339630896e-005	2.183638e+000
9.476024214630895e-005	2.207122e+000
9.505321089630895e-005	2.227518e+000
9.534617964630894e-005	2.247427e+000
9.563914839630894e-005	2.261175e+000
9.593211714630893e-005	2.274691e+000
9.622508589630893e-005	2.286123e+000
9.651805464630892e-005	2.292778e+000
9.681102339630892e-005	2.300629e+000
9.710399214630891e-005	2.304787e+000
9.739696089630891e-005	2.306362e+000
9.768992964630890e-005	2.308881e+000
9.798289839630890e-005	2.306638e+000
9.827586714630889e-005	2.303852e+000
9.856883589630889e-005	2.300635e+000
9.886180464630888e-005	2.292900e+000
9.915477339630888e-005	2.286129e+000
9.944774214630887e-005	2.276913e+000
9.970703125000001e-005	2.265654e+000
1.000000000000000e-004	2.258035e+000
1.000292968750000e-004	2.257110e+000
1.000878906250000e-004	2.253120e+000
1.002050781250000e-004	2.241831e+000
1.004394531250000e-004	2.221812e+000
1.006985349693289e-004	2.200951e+000
1.009915037193288e-004	2.171271e+000
1.012844724693288e-004	2.139265e+000
1.015774412193288e-004	2.104090e+000
1.018704099693288e-004	2.061406e+000
1.021633787193288e-004	2.015334e+000
1.024563474693288e-004	1.962173e+000
1.027493162193288e-004	1.899615e+000
1.030422849693288e-004	1.831402e+000
1.033352537193288e-004	1.752475e+000
1.036282224693288e-004	1.664273e+000
1.039211912193288e-004	1.570755e+000
1.042141599693288e-004	1.469707e+000
1.045071287193288e-004	1.367853e+000
1.047070312500000e-004	1.299331e+000
1.050000000000000e-004	1.194585e+000
1.050292968750000e-004	1.191921e+000
1.050878906250000e-004	1.205633e+000
1.052050781250000e-004	1.269703e+000
1.052876181582660e-004	1.296131e+000
1.053917569944497e-004	1.258183e+000
1.054993337822549e-004	1.176620e+000
1.055845220809779e-004	1.144060e+000
1.056866639746200e-004	1.163457e+000
1.057639171448363e-004	1.173017e+000
1.058665248075285e-004	1.130748e+000
1.059708496976782e-004	1.060843e+000
1.060585584680992e-004	1.035236e+000
1.061597038673319e-004	1.055425e+000
1.062367372155969e-004	1.062625e+000
1.063519924828280e-004	1.019498e+000
1.064603503921798e-004	9.639259e-001
1.065566418610237e-004	9.503338e-001
1.066604471555214e-004	9.713282e-001
1.067427360186491e-004	9.704970e-001
1.068541054833925e-004	9.241424e-001
1.069461016019346e-004	8.865725e-001
1.070498769997880e-004	8.825660e-001
1.071559808057249e-004	8.988346e-001
1.072523062944546e-004	8.886763e-001
1.073617579180352e-004	8.443570e-001
1.074452889425173e-004	8.218005e-001
1.075623017011149e-004	8.282464e-001
1.076701325462385e-004	8.349381e-001
1.077922754383702e-004	8.108593e-001
1.079126209985571e-004	7.794835e-001
1.080295213951238e-004	7.758992e-001
1.081504840314132e-004	7.839413e-001
1.082689637202849e-004	7.706991e-001
1.083950892812384e-004	7.467097e-001
1.085198872909481e-004	7.423143e-001
1.086521039546716e-004	7.467927e-001
1.087955103843487e-004	7.365543e-001
1.089442830597368e-004	7.235248e-001
1.091327949715205e-004	7.214647e-001
1.093322891815530e-004	7.176573e-001
1.095237582691484e-004	7.092296e-001
1.097643507357010e-004	7.054008e-001
1.100102353221789e-004	7.022443e-001
1.103032040721789e-004	6.958283e-001
1.105961728221789e-004	6.929126e-001
1.108891415721789e-004	6.892433e-001
1.111821103221789e-004	6.855440e-001
1.114750790721789e-004	6.838338e-001
1.117680478221789e-004	6.806811e-001
1.120610165721789e-004	6.784419e-001
1.123539853221789e-004	6.769315e-001
1.126469540721789e-004	6.743805e-001
1.129399228221789e-004	6.730325e-001
1.132328915721788e-004	6.714448e-001
1.135258603221788e-004	6.694777e-001
1.138188290721788e-004	6.685608e-001
1.141117978221788e-004	6.669346e-001
1.144047665721788e-004	6.655158e-001
1.146977353221788e-004	6.646924e-001
1.149907040721788e-004	6.631376e-001
1.152836728221788e-004	6.621563e-001
1.155766415721788e-004	6.612968e-001
1.158696103221788e-004	6.600631e-001
1.161625790721788e-004	6.594986e-001
1.164555478221788e-004	6.585912e-001
1.167485165721788e-004	6.576266e-001
1.170414853221788e-004	6.571599e-001
1.173344540721788e-004	6.561884e-001
1.176274228221788e-004	6.554894e-001
1.179203915721788e-004	6.549966e-001
1.182133603221788e-004	6.540998e-001
1.185063290721788e-004	6.536925e-001
1.187992978221787e-004	6.531796e-001
1.190922665721787e-004	6.524634e-001
1.193852353221787e-004	6.521916e-001
1.196782040721787e-004	6.516079e-001
1.199711728221787e-004	6.510932e-001
1.202641415721787e-004	6.508418e-001
1.205571103221787e-004	6.502507e-001
1.208500790721787e-004	6.499889e-001
1.211430478221787e-004	6.497926e-001
1.214360165721787e-004	6.493216e-001
1.217289853221787e-004	6.492203e-001
1.220219540721787e-004	6.490085e-001
1.223149228221787e-004	6.487443e-001
1.226078915721787e-004	6.487560e-001
1.229008603221787e-004	6.485128e-001
1.231938290721787e-004	6.484474e-001
1.234867978221787e-004	6.485160e-001
1.237797665721787e-004	6.483049e-001
1.240727353221787e-004	6.483985e-001
1.243657040721787e-004	6.484742e-001
1.246586728221787e-004	6.483918e-001
1.249516415721787e-004	6.486040e-001
1.252446103221786e-004	6.486506e-001
1.255375790721786e-004	6.487432e-001
1.258305478221786e-004	6.490310e-001
1.261235165721786e-004	6.490656e-001
1.264164853221786e-004	6.493220e-001
1.267094540721786e-004	6.496368e-001
1.270024228221786e-004	6.497252e-001
1.272953915721786e-004	6.500994e-001
1.275883603221786e-004	6.503840e-001
1.278813290721786e-004	6.505895e-001
1.281742978221786e-004	6.510314e-001
1.284672665721786e-004	6.512581e-001
1.287602353221786e-004	6.516011e-001
1.290532040721786e-004	6.520699e-001
1.293461728221786e-004	6.522775e-001
1.296391415721786e-004	6.527337e-001
1.299321103221786e-004	6.531738e-001
1.302250790721786e-004	6.534285e-001
1.305180478221786e-004	6.539485e-001
1.308110165721785e-004	6.543078e-001
1.311039853221785e-004	6.546546e-001
1.313969540721785e-004	6.551836e-001
1.316899228221785e-004	6.554459e-001
1.319828915721785e-004	6.558740e-001
1.322758603221785e-004	6.563542e-001
1.325688290721785e-004	6.565679e-001
1.328617978221785e-004	6.570379e-001
1.331547665721785e-004	6.574152e-001
1.334477353221785e-004	6.576509e-001
1.337407040721785e-004	6.581129e-001
1.340336728221785e-004	6.583459e-001
1.343266415721785e-004	6.586269e-001
1.346196103221785e-004	6.590260e-001
1.349125790721785e-004	6.591285e-001
1.352055478221785e-004	6.594282e-001
1.354985165721785e-004	6.597089e-001
1.357914853221785e-004	6.597473e-001
1.360844540721785e-004	6.600200e-001
1.363774228221785e-004	6.601339e-001
1.366703915721784e-004	6.601688e-001
1.369633603221784e-004	6.603758e-001
1.372563290721784e-004	6.603222e-001
1.375492978221784e-004	6.603702e-001
1.378422665721784e-004	6.604775e-001
1.381352353221784e-004	6.603140e-001
1.384282040721784e-004	6.603523e-001
1.387211728221784e-004	6.603217e-001
1.390141415721784e-004	6.601239e-001
1.393071103221784e-004	6.601220e-001
1.396000790721784e-004	6.599386e-001
1.398930478221784e-004	6.597539e-001
1.401860165721784e-004	6.596891e-001
1.404789853221784e-004	6.593904e-001
1.407719540721784e-004	6.592273e-001
1.410649228221784e-004	6.590809e-001
1.413578915721784e-004	6.587429e-001
1.416508603221784e-004	6.585912e-001
1.419438290721784e-004	6.583509e-001
1.422367978221783e-004	6.580382e-001
1.425297665721783e-004	6.578797e-001
1.428227353221783e-004	6.575568e-001
1.431157040721783e-004	6.572940e-001
1.434086728221783e-004	6.571086e-001
1.437016415721783e-004	6.567498e-001
1.439946103221783e-004	6.565361e-001
1.442875790721783e-004	6.563097e-001
1.445805478221783e-004	6.559756e-001
1.448735165721783e-004	6.557996e-001
1.451664853221783e-004	6.555312e-001
1.454594540721783e-004	6.552615e-001
1.457524228221783e-004	6.551062e-001
1.460453915721783e-004	6.548178e-001
1.463383603221783e-004	6.546221e-001
1.466313290721783e-004	6.544682e-001
1.469242978221783e-004	6.541989e-001
1.472172665721783e-004	6.540663e-001
1.475102353221783e-004	6.538990e-001
1.478032040721782e-004	6.536859e-001
1.480961728221782e-004	6.535991e-001
1.483891415721782e-004	6.534218e-001
1.486821103221782e-004	6.532850e-001
1.489750790721782e-004	6.532257e-001
1.492680478221782e-004	6.530610e-001
1.495610165721782e-004	6.529995e-001
1.498539853221782e-004	6.529492e-001
1.501469540721782e-004	6.528269e-001
1.504399228221782e-004	6.528255e-001
1.507328915721782e-004	6.527730e-001
1.510258603221782e-004	6.527150e-001
1.513188290721782e-004	6.527526e-001
1.516117978221782e-004	6.527023e-001
1.519047665721782e-004	6.527140e-001
1.521977353221782e-004	6.527697e-001
1.524907040721782e-004	6.527414e-001
1.527836728221782e-004	6.528147e-001
1.530766415721782e-004	6.528724e-001
1.533696103221782e-004	6.528887e-001
1.536625790721781e-004	6.530060e-001
1.539555478221781e-004	6.530584e-001
1.542485165721781e-004	6.531308e-001
1.545414853221781e-004	6.532912e-001
1.547070312500000e-004	6.533128e-001
1.550000000000000e-004	6.533156e-001
1.550292968750000e-004	6.533929e-001
1.550878906250000e-004	6.535107e-001
1.552050781250000e-004	6.539179e-001
1.552872520825176e-004	6.549430e-001
1.553874310682802e-004	6.567391e-001
1.554934316553185e-004	6.572453e-001
1.557054328293953e-004	6.563781e-001
1.559401801720023e-004	6.575899e-001
1.562331489220023e-004	6.598584e-001
1.565261176720023e-004	6.612133e-001
1.567092349008256e-004	6.633167e-001
1.569136127035924e-004	6.647879e-001
1.570907359859675e-004	6.640574e-001
1.572800497136146e-004	6.650597e-001
1.575337431682233e-004	6.673666e-001
1.578267119182233e-004	6.681443e-001
1.581196806682233e-004	6.709089e-001
1.584126494182233e-004	6.736547e-001
1.587056181682233e-004	6.760325e-001
1.589985869182233e-004	6.810449e-001
1.592915556682233e-004	6.848541e-001
1.595845244182233e-004	6.899370e-001
1.597070312500000e-004	6.971422e-001
1.597549863364466e-004	6.999497e-001
1.598508965093397e-004	7.001339e-001
1.600000000000000e-004	6.952986e-001
1.600149103490661e-004	6.955562e-001
1.600447310471981e-004	6.969895e-001
1.601043724434623e-004	7.028753e-001
1.602236552359906e-004	7.150211e-001
1.603967546853638e-004	7.219036e-001
1.605745204389323e-004	7.293122e-001
1.607673279832501e-004	7.567414e-001
1.609677169188220e-004	7.875698e-001
1.612239737524682e-004	8.175663e-001
1.614121288285802e-004	8.660109e-001
1.616104242935074e-004	9.327485e-001
1.617727678857397e-004	9.641549e-001
1.619401650892310e-004	1.006390e+000
1.621146618094973e-004	1.090609e+000
1.622607682435285e-004	1.149972e+000
1.624227517417851e-004	1.191121e+000
1.625553041915412e-004	1.254140e+000
1.627101022001955e-004	1.362592e+000
1.628486350801616e-004	1.437392e+000
1.630056338144399e-004	1.508062e+000
1.631651916207354e-004	1.619737e+000
1.633318277588837e-004	1.748924e+000
1.635118745090830e-004	1.853088e+000
1.636946148096727e-004	1.959339e+000
1.638867665116503e-004	2.083946e+000
1.640390928044744e-004	2.150874e+000
1.642114729050417e-004	2.205784e+000
1.643861282484983e-004	2.277483e+000
1.645607208146063e-004	2.332635e+000
1.647274090577402e-004	2.359915e+000
1.648658356986388e-004	2.394280e+000
1.650258687926399e-004	2.440596e+000
1.651779538126028e-004	2.461013e+000
1.653358179145884e-004	2.478193e+000
1.655183774003759e-004	2.513910e+000
1.656738072441995e-004	2.533388e+000
1.658430019165139e-004	2.540411e+000
1.660044853367345e-004	2.554764e+000
1.661777581565479e-004	2.569106e+000
1.663924611713157e-004	2.574524e+000
1.666066341149138e-004	2.581856e+000
1.668346391433558e-004	2.589792e+000
1.671276078933558e-004	2.593731e+000
1.674205766433558e-004	2.598721e+000
1.677135453933558e-004	2.602413e+000
1.680065141433558e-004	2.604039e+000
1.682994828933558e-004	2.606802e+000
1.685924516433558e-004	2.607815e+000
1.688854203933558e-004	2.608418e+000
1.691783891433558e-004	2.609522e+000
1.694713578933558e-004	2.608876e+000
1.697643266433558e-004	2.608843e+000
1.700572953933558e-004	2.608372e+000
1.703502641433558e-004	2.606476e+000
1.706432328933558e-004	2.605622e+000
1.709362016433558e-004	2.603291e+000
1.712291703933558e-004	2.600133e+000
1.715221391433558e-004	2.597712e+000
1.718151078933558e-004	2.592653e+000
1.721080766433558e-004	2.587542e+000
1.724010453933558e-004	2.581402e+000
1.726940141433557e-004	2.570658e+000
1.729869828933557e-004	2.560400e+000
1.732799516433557e-004	2.544328e+000
1.735729203933557e-004	2.519367e+000
1.738658891433557e-004	2.495005e+000
1.741588578933557e-004	2.460705e+000
1.744518266433557e-004	2.417413e+000
1.747447953933557e-004	2.376784e+000
1.750377641433557e-004	2.323897e+000
1.753307328933557e-004	2.264290e+000
1.756237016433557e-004	2.204406e+000
1.759166703933557e-004	2.126509e+000
1.762096391433557e-004	2.042925e+000
1.765026078933557e-004	1.953159e+000
1.767955766433557e-004	1.842267e+000
1.770885453933557e-004	1.729586e+000
1.773815141433557e-004	1.612238e+000
1.776744828933557e-004	1.488520e+000
1.779674516433557e-004	1.380975e+000
1.782604203933556e-004	1.282329e+000
1.785533891433556e-004	1.196418e+000
1.788463578933556e-004	1.130324e+000
1.791393266433556e-004	1.069053e+000
1.794322953933556e-004	1.019942e+000
1.797252641433556e-004	9.800631e-001
1.800182328933556e-004	9.409692e-001
1.803112016433556e-004	9.123915e-001
1.806041703933556e-004	8.856497e-001
1.808971391433556e-004	8.611326e-001
1.811901078933556e-004	8.449092e-001
1.814830766433556e-004	8.269798e-001
1.817760453933556e-004	8.137038e-001
1.820690141433556e-004	8.050785e-001
1.823619828933556e-004	7.945216e-001
1.826549516433556e-004	7.898778e-001
1.829479203933556e-004	7.860028e-001
1.832408891433556e-004	7.819566e-001
1.835338578933556e-004	7.833660e-001
1.838268266433555e-004	7.828397e-001
1.841197953933555e-004	7.846941e-001
1.844127641433555e-004	7.906326e-001
1.847057328933555e-004	7.941211e-001
1.849987016433555e-004	8.023465e-001
1.852916703933555e-004	8.124933e-001
1.855846391433555e-004	8.213348e-001
1.858776078933555e-004	8.364390e-001
1.861705766433555e-004	8.512169e-001
1.864635453933555e-004	8.669680e-001
1.867565141433555e-004	8.891821e-001
1.870494828933555e-004	9.094523e-001
1.873424516433555e-004	9.333848e-001
1.876354203933555e-004	9.624441e-001
1.879283891433555e-004	9.893994e-001
1.882213578933555e-004	1.023281e+000
1.885143266433555e-004	1.060798e+000
1.888072953933555e-004	1.097607e+000
1.891002641433555e-004	1.143217e+000
1.893932328933555e-004	1.190722e+000
1.896862016433554e-004	1.240893e+000
1.899791703933554e-004	1.300656e+000
1.902721391433554e-004	1.360340e+000
1.905651078933554e-004	1.425423e+000
1.908580766433554e-004	1.498179e+000
1.911510453933554e-004	1.568596e+000
1.914440141433554e-004	1.643815e+000
1.917369828933554e-004	1.719643e+000
1.920299516433554e-004	1.788930e+000
1.923229203933554e-004	1.858485e+000
1.926158891433554e-004	1.920674e+000
1.929088578933554e-004	1.975271e+000
1.932018266433554e-004	2.027586e+000
1.934947953933554e-004	2.070292e+000
1.937877641433554e-004	2.108900e+000
1.940807328933554e-004	2.144493e+000
1.943737016433554e-004	2.172246e+000
1.946666703933554e-004	2.199368e+000
1.949596391433554e-004	2.222247e+000
1.952526078933553e-004	2.240098e+000
1.955455766433553e-004	2.258511e+000
1.958385453933553e-004	2.271657e+000
1.961315141433553e-004	2.282808e+000
1.964244828933553e-004	2.293844e+000
1.967174516433553e-004	2.299562e+000
1.970104203933553e-004	2.305533e+000
1.973033891433553e-004	2.309652e+000
1.975963578933553e-004	2.309549e+000
1.978893266433553e-004	2.310777e+000
1.981822953933553e-004	2.308546e+000
1.984752641433553e-004	2.303944e+000
1.987682328933553e-004	2.300241e+000
1.990612016433553e-004	2.291971e+000
1.993541703933553e-004	2.283187e+000
1.996471391433553e-004	2.276634e+000
1.997070312500000e-004	2.273093e+000
1.998268154632895e-004	2.264282e+000
2.000000000000000e-004	2.257664e+000
2.000173184536711e-004	2.258105e+000
2.000519553610132e-004	2.258372e+000
2.001212291756974e-004	2.255385e+000
2.002597768050658e-004	2.242966e+000
2.005368720638026e-004	2.218587e+000
2.007914641269426e-004	2.197613e+000
2.010844328769426e-004	2.167079e+000
2.013774016269426e-004	2.133974e+000
2.016703703769426e-004	2.097978e+000
2.019633391269426e-004	2.053732e+000
2.022563078769426e-004	2.006056e+000
2.025492766269426e-004	1.951251e+000
2.028422453769425e-004	1.886213e+000
2.031352141269425e-004	1.815693e+000
2.034281828769425e-004	1.734237e+000
2.037211516269425e-004	1.643149e+000
2.040141203769425e-004	1.547579e+000
2.043070891269425e-004	1.444855e+000
2.046000578769425e-004	1.341979e+000
2.047070312500000e-004	1.306987e+000
2.047860532538850e-004	1.279926e+000
2.048419559922301e-004	1.258261e+000
2.048881945233098e-004	1.239406e+000
2.049075229378407e-004	1.231727e+000
2.049461797669025e-004	1.217501e+000
2.050000000000000e-004	1.199118e+000
2.050053820233098e-004	1.197576e+000
2.050161460699293e-004	1.194953e+000
2.050376741631683e-004	1.193090e+000
2.050807303496464e-004	1.204766e+000
2.051668427226025e-004	1.258749e+000
2.052463981506249e-004	1.301666e+000
2.053393614788206e-004	1.291262e+000
2.054387681723181e-004	1.215164e+000
2.055126209162937e-004	1.164514e+000
2.056091565334983e-004	1.157709e+000
2.057074424288244e-004	1.181797e+000
2.057953570565047e-004	1.170087e+000
2.058963231342479e-004	1.101457e+000
2.059715296007672e-004	1.054510e+000
2.060661828659358e-004	1.046523e+000
2.061637819543431e-004	1.070013e+000
2.062495114792325e-004	1.065444e+000
2.063521760048282e-004	1.009996e+000
2.064338880884704e-004	9.666254e-001
2.065298158457554e-004	9.592562e-001
2.066291968490443e-004	9.806411e-001
2.067157662654988e-004	9.772711e-001
2.068213664457164e-004	9.290895e-001
2.069049194775037e-004	8.930880e-001
2.070062204928135e-004	8.891835e-001
2.071098927974666e-004	9.067662e-001
2.072038818198095e-004	8.987775e-001
2.073116475176355e-004	8.542593e-001
2.073936358583804e-004	8.292890e-001
2.075118496241103e-004	8.327576e-001
2.076330507676918e-004	8.406081e-001
2.077511065513078e-004	8.175057e-001
2.078731988007264e-004	7.837585e-001
2.079870639478231e-004	7.796586e-001
2.081062987514854e-004	7.891721e-001
2.082192054630049e-004	7.771096e-001
2.083421611699826e-004	7.504708e-001
2.084549137679666e-004	7.439783e-001
2.085807278742805e-004	7.511200e-001
2.087022146689427e-004	7.449979e-001
2.088401221252757e-004	7.279662e-001
2.089807575814046e-004	7.233518e-001
2.091350875853490e-004	7.250094e-001
2.093203242521218e-004	7.165242e-001
2.095086620299931e-004	7.089133e-001
2.097302127591948e-004	7.076093e-001
2.099741101572230e-004	7.021575e-001
2.102249731786191e-004	6.966914e-001
2.105179419286191e-004	6.943969e-001
2.108109106786191e-004	6.898508e-001
2.111038794286191e-004	6.866270e-001
2.113968481786191e-004	6.846067e-001
2.116898169286191e-004	6.811789e-001
2.119827856786191e-004	6.793641e-001
2.122757544286191e-004	6.773426e-001
2.125687231786191e-004	6.748598e-001
2.128616919286191e-004	6.737275e-001
2.131546606786191e-004	6.717303e-001
2.134476294286191e-004	6.700135e-001
2.137405981786191e-004	6.690547e-001
2.140335669286190e-004	6.672202e-001
2.143265356786190e-004	6.660747e-001
2.146195044286190e-004	6.650211e-001
2.149124731786190e-004	6.634434e-001
2.152054419286190e-004	6.626393e-001
2.154984106786190e-004	6.614951e-001
2.157913794286190e-004	6.603699e-001
2.160843481786190e-004	6.598579e-001
2.163773169286190e-004	6.587569e-001
2.166702856786190e-004	6.579662e-001
2.169632544286190e-004	6.574151e-001
2.172562231786190e-004	6.563786e-001
2.175491919286190e-004	6.558464e-001
2.178421606786190e-004	6.551962e-001
2.181351294286190e-004	6.543450e-001
2.184280981786190e-004	6.540033e-001
2.187210669286190e-004	6.533091e-001
2.190140356786190e-004	6.526872e-001
2.193070044286190e-004	6.523537e-001
2.195999731786189e-004	6.516276e-001
2.198929419286189e-004	6.512662e-001
2.201859106786189e-004	6.509748e-001
2.204788794286189e-004	6.503652e-001
2.207718481786189e-004	6.501607e-001
2.210648169286189e-004	6.498385e-001
2.213577856786189e-004	6.494548e-001
2.216507544286189e-004	6.493702e-001
2.219437231786189e-004	6.490110e-001
2.222366919286189e-004	6.488483e-001
2.225296606786189e-004	6.488327e-001
2.228226294286189e-004	6.485137e-001
2.231155981786189e-004	6.485227e-001
2.234085669286189e-004	6.485138e-001
2.237015356786189e-004	6.483315e-001
2.239945044286189e-004	6.484598e-001
2.242874731786189e-004	6.484134e-001
2.245804419286189e-004	6.484151e-001
2.248734106786189e-004	6.486223e-001
2.251663794286189e-004	6.485639e-001
2.254593481786188e-004	6.487412e-001
2.257523169286188e-004	6.489836e-001
2.260452856786188e-004	6.489925e-001
2.263382544286188e-004	6.493028e-001
2.266312231786188e-004	6.495247e-001
2.269241919286188e-004	6.496680e-001
2.272171606786188e-004	6.500598e-001
2.275101294286188e-004	6.502324e-001
2.278030981786188e-004	6.505261e-001
2.280960669286188e-004	6.509505e-001
2.283890356786188e-004	6.511092e-001
2.286820044286188e-004	6.515265e-001
2.289749731786188e-004	6.519321e-001
2.292679419286188e-004	6.521534e-001
2.295609106786188e-004	6.526508e-001
2.298538794286188e-004	6.529908e-001
2.301468481786188e-004	6.533261e-001
2.304398169286188e-004	6.538528e-001
2.307327856786188e-004	6.541151e-001
2.310257544286187e-004	6.545539e-001
2.313187231786187e-004	6.550505e-001
2.316116919286187e-004	6.552809e-001
2.319046606786187e-004	6.557776e-001
2.321976294286187e-004	6.561832e-001
2.324905981786187e-004	6.564508e-001
2.327835669286187e-004	6.569542e-001
2.330765356786187e-004	6.572287e-001
2.333695044286187e-004	6.575615e-001
2.336624731786187e-004	6.580207e-001
2.339554419286187e-004	6.581814e-001
2.342484106786187e-004	6.585542e-001
2.345413794286187e-004	6.589115e-001
2.348343481786187e-004	6.590238e-001
2.351273169286187e-004	6.593840e-001
2.354202856786187e-004	6.595806e-001
2.357132544286187e-004	6.596990e-001
2.360062231786187e-004	6.599968e-001
2.362991919286187e-004	6.600205e-001
2.365921606786187e-004	6.601552e-001
2.368851294286186e-004	6.603507e-001
2.371780981786186e-004	6.602595e-001
2.374710669286186e-004	6.603858e-001
2.377640356786186e-004	6.604385e-001
2.380570044286186e-004	6.603135e-001
2.383499731786186e-004	6.603974e-001
2.386429419286186e-004	6.602845e-001
2.389359106786186e-004	6.601701e-001
2.392288794286186e-004	6.601799e-001
2.395218481786186e-004	6.599309e-001
2.398148169286186e-004	6.598271e-001
2.401077856786186e-004	6.597353e-001
2.404007544286186e-004	6.594288e-001
2.406937231786186e-004	6.593218e-001
2.409866919286186e-004	6.591139e-001
2.412796606786186e-004	6.588231e-001
2.415726294286186e-004	6.586964e-001
2.418655981786186e-004	6.583861e-001
2.421585669286186e-004	6.581398e-001
2.424515356786185e-004	6.579737e-001
2.427445044286185e-004	6.576120e-001
2.430374731786185e-004	6.574061e-001
2.433304419286185e-004	6.571813e-001
2.436234106786185e-004	6.568325e-001
2.439163794286185e-004	6.566519e-001
2.442093481786185e-004	6.563657e-001
2.445023169286186e-004	6.560743e-001
2.447952856786186e-004	6.559037e-001
2.450882544286186e-004	6.555837e-001
2.453812231786186e-004	6.553632e-001
2.456741919286187e-004	6.551859e-001
2.459671606786187e-004	6.548793e-001
2.462601294286187e-004	6.547202e-001
2.465530981786187e-004	6.545215e-001
2.468460669286187e-004	6.542699e-001
2.471390356786188e-004	6.541528e-001
2.474320044286188e-004	6.539349e-001
2.477249731786188e-004	6.537588e-001
2.480179419286188e-004	6.536639e-001
2.483109106786189e-004	6.534526e-001
2.486038794286189e-004	6.533519e-001
2.488968481786189e-004	6.532622e-001
2.491898169286189e-004	6.530937e-001
2.494827856786189e-004	6.530548e-001
2.497757544286190e-004	6.529609e-001
2.500687231786190e-004	6.528609e-001
2.503616919286190e-004	6.528630e-001
2.506546606786190e-004	6.527708e-001
2.509476294286190e-004	6.527450e-001
2.512405981786191e-004	6.527658e-001
2.515335669286191e-004	6.526964e-001
2.518265356786191e-004	6.527355e-001
2.521195044286191e-004	6.527580e-001
2.524124731786192e-004	6.527369e-001
2.527054419286192e-004	6.528234e-001
2.529984106786192e-004	6.528422e-001
2.532913794286192e-004	6.528836e-001
2.535843481786192e-004	6.529962e-001
2.538773169286193e-004	6.530203e-001
2.541702856786193e-004	6.531217e-001
2.544632544286193e-004	6.532364e-001
2.547070312500000e-004	6.532679e-001
2.550000000000000e-004	6.534671e-001
2.550292968750000e-004	6.535187e-001
2.550878906250000e-004	6.535599e-001
2.552050781250000e-004	6.538317e-001
2.552872258544931e-004	6.548629e-001
2.553874350269964e-004	6.567727e-001
2.554934264290475e-004	6.573223e-001
2.557054092331496e-004	6.563288e-001
2.559317880117300e-004	6.574818e-001
2.562247567617300e-004	6.598268e-001
2.565177255117301e-004	6.610945e-001
2.567031969031858e-004	6.632942e-001
2.569013869843465e-004	6.648544e-001
2.570816833582783e-004	6.640140e-001
2.572711918680792e-004	6.649908e-001
2.575139949360531e-004	6.673411e-001
2.578069636860531e-004	6.680248e-001
2.580999324360531e-004	6.707194e-001
2.583929011860531e-004	6.735249e-001
2.586858699360531e-004	6.757433e-001
2.589788386860532e-004	6.807276e-001
2.592718074360532e-004	6.845431e-001
2.595647761860532e-004	6.894983e-001
2.597070312500000e-004	6.978092e-001
2.597154898721064e-004	6.986294e-001
2.597324071163192e-004	7.001785e-001
2.597662416047448e-004	7.016285e-001
2.598339105815960e-004	7.006466e-001
2.598646620462976e-004	6.989439e-001
2.599261649757008e-004	6.957445e-001
2.600000000000000e-004	6.945812e-001
2.600073835024299e-004	6.950409e-001
2.600221505072898e-004	6.961948e-001
2.600516845170095e-004	6.994416e-001
2.601107525364489e-004	7.070627e-001
2.602288885753276e-004	7.165641e-001
2.603984180869062e-004	7.191243e-001
2.605805476572215e-004	7.317106e-001
2.607791214173708e-004	7.635799e-001
2.609497767176475e-004	7.816374e-001
2.611407374453138e-004	7.977345e-001
2.612954402997584e-004	8.399837e-001
2.614598599815591e-004	8.945252e-001
2.616111140282169e-004	9.179477e-001
2.617646731440698e-004	9.490786e-001
2.619252122690867e-004	1.021162e+000
2.620685936287420e-004	1.078317e+000
2.622234587550846e-004	1.109828e+000
2.623520532512634e-004	1.157245e+000
2.625030365623487e-004	1.254633e+000
2.626299999262974e-004	1.322386e+000
2.627836234022252e-004	1.375837e+000
2.629166419397820e-004	1.450455e+000
2.630735454977167e-004	1.576526e+000
2.632183272989468e-004	1.670966e+000
2.633840210111048e-004	1.758924e+000
2.635464476543325e-004	1.873565e+000
2.637192533663307e-004	1.993428e+000
2.639026450114624e-004	2.077504e+000
2.640856928234590e-004	2.159457e+000
2.642556753309287e-004	2.241570e+000
2.644030054730946e-004	2.283737e+000
2.645645625092286e-004	2.317805e+000
2.647391249900710e-004	2.373521e+000
2.649133282030812e-004	2.415741e+000
2.650733008035929e-004	2.433597e+000
2.652105363419825e-004	2.459999e+000
2.653692283613246e-004	2.497413e+000
2.655213830544306e-004	2.512643e+000
2.656802946711629e-004	2.523556e+000
2.658694964577987e-004	2.548311e+000
2.660384857174766e-004	2.561267e+000
2.662194664199543e-004	2.565741e+000
2.664272500455088e-004	2.576853e+000
2.666391654540596e-004	2.585179e+000
2.668798968384705e-004	2.588595e+000
2.671728655884706e-004	2.595277e+000
2.674658343384706e-004	2.599580e+000
2.677588030884706e-004	2.601997e+000
2.680517718384706e-004	2.605350e+000
2.683447405884707e-004	2.606541e+000
2.686377093384707e-004	2.607864e+000
2.689306780884707e-004	2.609186e+000
2.692236468384707e-004	2.608785e+000
2.695166155884707e-004	2.609325e+000
2.698095843384708e-004	2.608937e+000
2.701025530884708e-004	2.607528e+000
2.703955218384708e-004	2.607100e+000
2.706884905884708e-004	2.604963e+000
2.709814593384709e-004	2.602643e+000
2.712744280884709e-004	2.600578e+000
2.715673968384709e-004	2.596164e+000
2.718603655884709e-004	2.592412e+000
2.721533343384709e-004	2.587095e+000
2.724463030884710e-004	2.578626e+000
2.727392718384710e-004	2.571114e+000
2.730322405884710e-004	2.557653e+000
2.733252093384710e-004	2.538909e+000
2.736181780884711e-004	2.519891e+000
2.739111468384711e-004	2.488806e+000
2.742041155884711e-004	2.452120e+000
2.744970843384711e-004	2.415984e+000
2.747900530884711e-004	2.366439e+000
2.750830218384712e-004	2.314641e+000
2.753759905884712e-004	2.260073e+000
2.756689593384712e-004	2.188648e+000
2.759619280884712e-004	2.115984e+000
2.762548968384713e-004	2.033390e+000
2.765478655884713e-004	1.931549e+000
2.768408343384713e-004	1.828927e+000
2.771338030884713e-004	1.713556e+000
2.774267718384713e-004	1.588935e+000
2.777197405884714e-004	1.475424e+000
2.780127093384714e-004	1.364046e+000
2.783056780884714e-004	1.266736e+000
2.785986468384714e-004	1.188958e+000
2.788916155884714e-004	1.117517e+000
2.791845843384715e-004	1.062028e+000
2.794775530884715e-004	1.014896e+000
2.797705218384715e-004	9.708083e-001
2.800634905884715e-004	9.387316e-001
2.803564593384716e-004	9.073879e-001
2.806494280884716e-004	8.804597e-001
2.809423968384716e-004	8.611366e-001
2.812353655884716e-004	8.399131e-001
2.815283343384716e-004	8.252037e-001
2.818213030884717e-004	8.136573e-001
2.821142718384717e-004	8.011357e-001
2.824072405884717e-004	7.953500e-001
2.827002093384717e-004	7.889742e-001
2.829931780884718e-004	7.839979e-001
2.832861468384718e-004	7.840931e-001
2.835791155884718e-004	7.817155e-001
2.838720843384718e-004	7.830940e-001
2.841650530884718e-004	7.870819e-001
2.844580218384719e-004	7.890775e-001
2.847509905884719e-004	7.965218e-001
2.850439593384719e-004	8.040619e-001
2.853369280884719e-004	8.116978e-001
2.856298968384720e-004	8.255582e-001
2.859228655884720e-004	8.377334e-001
2.862158343384720e-004	8.525321e-001
2.865088030884720e-004	8.725736e-001
2.868017718384720e-004	8.901679e-001
2.870947405884721e-004	9.130265e-001
2.873877093384721e-004	9.392121e-001
2.876806780884721e-004	9.639271e-001
2.879736468384721e-004	9.962288e-001
2.882666155884722e-004	1.029728e+000
2.885595843384722e-004	1.064120e+000
2.888525530884722e-004	1.107093e+000
2.891455218384722e-004	1.149684e+000
2.894384905884722e-004	1.196839e+000
2.897314593384723e-004	1.252407e+000
2.900244280884723e-004	1.307130e+000
2.903173968384723e-004	1.369721e+000
2.906103655884723e-004	1.438570e+000
2.909033343384723e-004	1.506173e+000
2.911963030884724e-004	1.581274e+000
2.914892718384724e-004	1.656513e+000
2.917822405884724e-004	1.728172e+000
2.920752093384724e-004	1.801966e+000
2.923681780884725e-004	1.867918e+000
2.926611468384725e-004	1.928370e+000
2.929541155884725e-004	1.985804e+000
2.932470843384725e-004	2.032921e+000
2.935400530884725e-004	2.076905e+000
2.938330218384726e-004	2.115964e+000
2.941259905884726e-004	2.147250e+000
2.944189593384726e-004	2.178104e+000
2.947119280884726e-004	2.203127e+000
2.950048968384727e-004	2.224101e+000
2.952978655884727e-004	2.245046e+000
2.955908343384727e-004	2.259808e+000
2.958838030884727e-004	2.273578e+000
2.961767718384727e-004	2.286051e+000
2.964697405884728e-004	2.293331e+000
2.967627093384728e-004	2.301541e+000
2.970556780884728e-004	2.306704e+000
2.973486468384728e-004	2.308514e+000
2.976416155884729e-004	2.311462e+000
2.979345843384729e-004	2.310036e+000
2.982275530884729e-004	2.307457e+000
2.985205218384729e-004	2.305015e+000
2.988134905884729e-004	2.297867e+000
2.991064593384730e-004	2.291225e+000
2.993994280884730e-004	2.282901e+000
2.996923968384730e-004	2.266762e+000
2.997070312500000e-004	2.266102e+000
2.997363000730539e-004	2.265890e+000
2.997948377191618e-004	2.266682e+000
2.998829247077842e-004	2.266501e+000
3.000000000000000e-004	2.262025e+000
