time	V(receiver)

%Step Information: Rload=100  (Run: 2/4)
0.000000000000000e+000	1.648116e+000
2.929698376172097e-013	1.648116e+000
1.000292969837617e-009	1.648116e+000
2.000292969837617e-009	1.648116e+000
4.000292969837617e-009	1.648116e+000
8.000292969837616e-009	1.648116e+000
1.600029296983762e-008	1.648115e+000
3.200029296983762e-008	1.648106e+000
6.400029296983763e-008	1.647997e+000
1.280002929698376e-007	1.647077e+000
2.560002929698377e-007	1.642825e+000
5.120002929698376e-007	1.631011e+000
8.049690429698375e-007	1.616139e+000
1.097937792969838e-006	1.598953e+000
1.390906542969837e-006	1.579103e+000
1.683875292969837e-006	1.556702e+000
1.976844042969837e-006	1.530155e+000
2.269812792969837e-006	1.507894e+000
2.562781542969837e-006	1.512951e+000
2.781024600092237e-006	1.548390e+000
2.966585184346866e-006	1.592515e+000
3.161039318923148e-006	1.634683e+000
3.405567043888622e-006	1.679287e+000
3.689807269756050e-006	1.713659e+000
3.982776019756050e-006	1.719801e+000
4.275744769756049e-006	1.702906e+000
4.482502721687684e-006	1.677085e+000
4.650288174840782e-006	1.645713e+000
4.825804668154216e-006	1.611305e+000
5.000000000000000e-006	1.580613e+000
5.017419533184579e-006	1.576952e+000
5.052258599553735e-006	1.569047e+000
5.121936732292049e-006	1.552753e+000
5.261292997768677e-006	1.525746e+000
5.540005528721932e-006	1.488342e+000
5.832974278721932e-006	1.463747e+000
6.125943028721932e-006	1.459515e+000
6.418911778721932e-006	1.475828e+000
6.599664016897053e-006	1.491974e+000
6.761743774581820e-006	1.511561e+000
6.926177591921597e-006	1.536903e+000
7.137901385298405e-006	1.568314e+000
7.385158227906787e-006	1.600299e+000
7.678126977906788e-006	1.631745e+000
7.971095727906788e-006	1.647682e+000
8.264064477906788e-006	1.648331e+000
8.456816384880164e-006	1.641816e+000
8.622294019309652e-006	1.628513e+000
8.791659026911116e-006	1.610369e+000
8.998261229707675e-006	1.588326e+000
9.245451982862930e-006	1.560064e+000
9.536681250652544e-006	1.529005e+000
9.829650000652544e-006	1.507642e+000
1.012261875065254e-005	1.495512e+000
1.037092206418034e-005	1.494574e+000
1.054300961338474e-005	1.500695e+000
1.070534123274342e-005	1.508251e+000
1.086932792131628e-005	1.517958e+000
1.108840695025742e-005	1.536347e+000
1.133718586373461e-005	1.557323e+000
1.163015461373461e-005	1.579090e+000
1.192312336373461e-005	1.597184e+000
1.221609211373461e-005	1.606426e+000
1.240527684055910e-005	1.607609e+000
1.257048895048288e-005	1.606544e+000
1.273843179587051e-005	1.600924e+000
1.295709338973641e-005	1.588797e+000
1.320698728978973e-005	1.574137e+000
1.349995603978973e-005	1.554905e+000
1.379292478978973e-005	1.536783e+000
1.408589353978973e-005	1.524050e+000
1.431781435871758e-005	1.516498e+000
1.448730379567079e-005	1.514079e+000
1.465006712332151e-005	1.515992e+000
1.481384753724234e-005	1.519051e+000
1.503970941544083e-005	1.524917e+000
1.529053553628594e-005	1.536019e+000
1.558350428628594e-005	1.550274e+000
1.587647303628594e-005	1.563687e+000
1.616944178628594e-005	1.576412e+000
1.635608670637599e-005	1.581232e+000
1.652147672967294e-005	1.583167e+000
1.668953697118999e-005	1.584589e+000
1.692035683640078e-005	1.582619e+000
1.717427506243284e-005	1.576010e+000
1.746724381243284e-005	1.566425e+000
1.776021256243284e-005	1.554360e+000
1.805318131243285e-005	1.542147e+000
1.826835346769781e-005	1.535259e+000
1.843522287770137e-005	1.530101e+000
1.860790576091424e-005	1.525833e+000
1.877246702666830e-005	1.524821e+000
1.901094754268997e-005	1.525478e+000
1.926397389257181e-005	1.528343e+000
1.955694264257181e-005	1.536147e+000
1.984991139257181e-005	1.545488e+000
2.010196158953918e-005	1.554083e+000
2.028087669774077e-005	1.560846e+000
2.046931477386754e-005	1.566230e+000
2.063934046492825e-005	1.569367e+000
2.088628031954174e-005	1.573025e+000
2.114000551349158e-005	1.573269e+000
2.143297426349158e-005	1.569220e+000
2.172594301349158e-005	1.562829e+000
2.201891176349158e-005	1.553476e+000
2.221871578755151e-005	1.546653e+000
2.238320794385704e-005	1.542016e+000
2.255259444751283e-005	1.536915e+000
2.272624822246917e-005	1.532150e+000
2.296534824786783e-005	1.528907e+000
2.322747482341349e-005	1.527857e+000
2.352044357341349e-005	1.529804e+000
2.381341232341349e-005	1.535841e+000
2.404201794403274e-005	1.541598e+000
2.421622480052057e-005	1.546553e+000
2.439893946483884e-005	1.552912e+000
2.457806873407038e-005	1.558216e+000
2.482464834776761e-005	1.563415e+000
2.508686385624063e-005	1.567551e+000
2.537983260624064e-005	1.568404e+000
2.567280135624064e-005	1.565385e+000
2.596577010624064e-005	1.560074e+000
2.615813857890072e-005	1.554572e+000
2.632143330844070e-005	1.549266e+000
2.648916052778612e-005	1.544696e+000
2.666694379896111e-005	1.539773e+000
2.690621267661760e-005	1.533646e+000
2.717274961007796e-005	1.529919e+000
2.746571836007796e-005	1.528877e+000
2.775868711007796e-005	1.530936e+000
2.797329929195501e-005	1.535135e+000
2.814496048435187e-005	1.539145e+000
2.832447589878882e-005	1.543609e+000
2.851035074299201e-005	1.549222e+000
2.875696006090662e-005	1.555997e+000
2.902541493835269e-005	1.561344e+000
2.931838368835270e-005	1.565062e+000
2.961135243835270e-005	1.565074e+000
2.990432118835270e-005	1.561783e+000
3.009290416821183e-005	1.558584e+000
3.025552310067949e-005	1.554439e+000
3.042230847351834e-005	1.549420e+000
3.060171879210504e-005	1.544679e+000
3.084091095446214e-005	1.538765e+000
3.110943878299489e-005	1.533190e+000
3.140240753299489e-005	1.530340e+000
3.169537628299489e-005	1.530222e+000
3.190143383583421e-005	1.531967e+000
3.207169532305217e-005	1.535213e+000
3.224924355506854e-005	1.539202e+000
3.244118191658202e-005	1.543640e+000
3.268822532936169e-005	1.550110e+000
3.296228335993267e-005	1.556396e+000
3.325525210993267e-005	1.560824e+000
3.354822085993267e-005	1.562812e+000
3.384118960993267e-005	1.561487e+000
3.402709693896732e-005	1.559018e+000
3.418918509995080e-005	1.556329e+000
3.435522800086840e-005	1.552647e+000
3.453542325494661e-005	1.547889e+000
3.477444032085098e-005	1.542238e+000
3.504417400867081e-005	1.536804e+000
3.533714275867082e-005	1.532646e+000
3.563011150867082e-005	1.531506e+000
3.583427102407257e-005	1.532217e+000
3.600419774509464e-005	1.533843e+000
3.618058330233432e-005	1.536975e+000
3.638052117291629e-005	1.541223e+000
3.662911460609303e-005	1.546526e+000
3.691086561838160e-005	1.552604e+000
3.720383436838161e-005	1.557450e+000
3.749680311838161e-005	1.559813e+000
3.778977186838161e-005	1.560044e+000
3.797011829297018e-005	1.558503e+000
3.813123954701230e-005	1.556007e+000
3.829589042123807e-005	1.553266e+000
3.847997943533462e-005	1.549630e+000
3.871929718544397e-005	1.544316e+000
3.899357734086802e-005	1.539170e+000
3.928654609086802e-005	1.535197e+000
3.957951484086803e-005	1.533114e+000
3.977987021804851e-005	1.533498e+000
3.994887798215377e-005	1.534768e+000
4.012292018991551e-005	1.536688e+000
4.033541058582137e-005	1.540268e+000
4.058623446159547e-005	1.545098e+000
4.087920321159547e-005	1.550371e+000
4.117217196159547e-005	1.554871e+000
4.146514071159548e-005	1.557367e+000
4.175810946159548e-005	1.557620e+000
4.193626855941770e-005	1.556845e+000
4.209679798528898e-005	1.555105e+000
4.225994645449392e-005	1.552516e+000
4.245635539644602e-005	1.549255e+000
4.269886373163257e-005	1.545025e+000
4.298772392138042e-005	1.540179e+000
4.328069267138042e-005	1.536806e+000
4.357366142138042e-005	1.535071e+000
4.376517258836961e-005	1.535050e+000
4.394074514316188e-005	1.536271e+000
4.411976003771925e-005	1.538219e+000
4.435800778878438e-005	1.541375e+000
4.461911334174730e-005	1.545591e+000
4.491208209174730e-005	1.550115e+000
4.520505084174730e-005	1.553535e+000
4.549801959174730e-005	1.555584e+000
4.573707768155334e-005	1.555647e+000
4.590650989220250e-005	1.554760e+000
4.606759905704221e-005	1.553511e+000
4.623031608562260e-005	1.551616e+000
4.644083253423293e-005	1.548455e+000
4.668736098863319e-005	1.544832e+000
4.698032973863320e-005	1.540925e+000
4.727329848863320e-005	1.537936e+000
4.751736362465660e-005	1.536831e+000
4.769906385858002e-005	1.536815e+000
4.788952589167681e-005	1.537517e+000
4.807576264432053e-005	1.539155e+000
4.832715507241646e-005	1.542124e+000
4.859357162762670e-005	1.545546e+000
4.888654037762671e-005	1.549356e+000
4.917950912762671e-005	1.552230e+000
4.947247787762671e-005	1.553745e+000
4.969551358803459e-005	1.553977e+000
4.986227245482531e-005	1.553271e+000
5.002367448011684e-005	1.551962e+000
5.018612792723543e-005	1.550434e+000
5.040381351027995e-005	1.547926e+000
5.065285516608769e-005	1.544743e+000
5.094582391608769e-005	1.541536e+000
5.123879266608770e-005	1.539128e+000
5.145643325548507e-005	1.538128e+000
5.163313197705960e-005	1.538193e+000
5.181712587504550e-005	1.538865e+000
5.201504190436037e-005	1.540105e+000
5.226604652470572e-005	1.542541e+000
5.254326134335618e-005	1.545612e+000
5.283623009335618e-005	1.548655e+000
5.312919884335618e-005	1.551103e+000
5.342216759335618e-005	1.552344e+000
5.363954927636341e-005	1.552372e+000
5.380519361212657e-005	1.551925e+000
5.396653947147203e-005	1.550933e+000
5.412875621961595e-005	1.549476e+000
5.434756037749540e-005	1.547354e+000
5.459720793363202e-005	1.544762e+000
5.470703125000000e-005	1.543489e+000
5.478035336726403e-005	1.542687e+000
5.485335576547194e-005	1.542035e+000
5.485399520358419e-005	1.542030e+000
5.485527407980870e-005	1.542022e+000
5.485783183225773e-005	1.542006e+000
5.486294733715577e-005	1.541973e+000
5.487317834695185e-005	1.541910e+000
5.489364036654402e-005	1.541788e+000
5.493456440572836e-005	1.541536e+000
5.500000000000000e-005	1.541106e+000
5.500654355942717e-005	1.541056e+000
5.501963067828149e-005	1.540952e+000
5.504580491599015e-005	1.540735e+000
5.509815339140746e-005	1.540317e+000
5.520285034224208e-005	1.539723e+000
5.538121813770793e-005	1.539325e+000
5.557932082433611e-005	1.539384e+000
5.575768860802396e-005	1.539866e+000
5.598214990243102e-005	1.541231e+000
5.622969069849742e-005	1.543360e+000
5.652265944849742e-005	1.546150e+000
5.681562819849742e-005	1.548910e+000
5.710859694849743e-005	1.551003e+000
5.740156569849743e-005	1.552051e+000
5.760044191376448e-005	1.552127e+000
5.776163186802608e-005	1.551582e+000
5.792890254386753e-005	1.550442e+000
5.808958698300613e-005	1.549040e+000
5.831709273456215e-005	1.546632e+000
5.857018448558268e-005	1.543598e+000
5.886315323558269e-005	1.540379e+000
5.915612198558269e-005	1.537901e+000
5.934690450678275e-005	1.536924e+000
5.951185488310678e-005	1.536818e+000
5.968003335989026e-005	1.537317e+000
5.977487067488939e-005	1.537742e+000
5.981032537000175e-005	1.537940e+000
5.988123476022649e-005	1.538482e+000
6.000000000000000e-005	1.539629e+000
6.001187652397735e-005	1.539780e+000
6.003562957193206e-005	1.540092e+000
6.008313566784146e-005	1.540770e+000
6.017814785966027e-005	1.542980e+000
6.036817224329789e-005	1.553425e+000
6.059334603357357e-005	1.572381e+000
6.084519361977946e-005	1.583767e+000
6.113816236977946e-005	1.578939e+000
6.143113111977945e-005	1.571546e+000
6.172409986977945e-005	1.560719e+000
6.201706861977944e-005	1.546448e+000
6.231003736977944e-005	1.538388e+000
6.260300611977943e-005	1.531591e+000
6.289597486977943e-005	1.529208e+000
6.318894361977942e-005	1.535194e+000
6.348191236977942e-005	1.541456e+000
6.377488111977941e-005	1.552241e+000
6.406784986977941e-005	1.564921e+000
6.436081861977940e-005	1.572630e+000
6.465378736977939e-005	1.580830e+000
6.494675611977939e-005	1.583938e+000
6.523972486977938e-005	1.580893e+000
6.553269361977938e-005	1.577809e+000
6.582566236977937e-005	1.569404e+000
6.611863111977937e-005	1.560586e+000
6.641159986977936e-005	1.555093e+000
6.670456861977936e-005	1.548501e+000
6.699753736977935e-005	1.547581e+000
6.729050611977935e-005	1.550598e+000
6.758347486977934e-005	1.554014e+000
6.787644361977934e-005	1.562777e+000
6.816941236977933e-005	1.570610e+000
6.846238111977933e-005	1.576881e+000
6.875534986977932e-005	1.584227e+000
6.904831861977932e-005	1.585919e+000
6.934128736977931e-005	1.585668e+000
6.963425611977931e-005	1.584232e+000
6.992722486977930e-005	1.577879e+000
7.022019361977930e-005	1.573225e+000
7.051316236977929e-005	1.568598e+000
7.080613111977929e-005	1.563525e+000
7.109909986977928e-005	1.563548e+000
7.139206861977928e-005	1.564062e+000
7.168503736977927e-005	1.566715e+000
7.197800611977927e-005	1.573250e+000
7.227097486977926e-005	1.577821e+000
7.256394361977926e-005	1.583685e+000
7.285691236977925e-005	1.589133e+000
7.314988111977925e-005	1.590380e+000
7.344284986977924e-005	1.591997e+000
7.373581861977923e-005	1.590690e+000
7.402878736977923e-005	1.586716e+000
7.432175611977922e-005	1.584420e+000
7.461472486977922e-005	1.580081e+000
7.490769361977921e-005	1.577049e+000
7.520066236977921e-005	1.576987e+000
7.549363111977920e-005	1.576250e+000
7.578659986977920e-005	1.578946e+000
7.607956861977919e-005	1.583041e+000
7.637253736977919e-005	1.586091e+000
7.666550611977918e-005	1.591442e+000
7.695847486977918e-005	1.594826e+000
7.725144361977917e-005	1.596517e+000
7.754441236977917e-005	1.598669e+000
7.783738111977916e-005	1.597270e+000
7.813034986977916e-005	1.595556e+000
7.842331861977915e-005	1.594041e+000
7.871628736977915e-005	1.590417e+000
7.900925611977914e-005	1.589096e+000
7.930222486977914e-005	1.588317e+000
7.959519361977913e-005	1.587580e+000
7.988816236977913e-005	1.590082e+000
8.018113111977912e-005	1.592134e+000
8.047409986977912e-005	1.594853e+000
8.076706861977911e-005	1.599124e+000
8.106003736977911e-005	1.601112e+000
8.135300611977910e-005	1.603455e+000
8.164597486977910e-005	1.605113e+000
8.193894361977909e-005	1.604114e+000
8.223191236977909e-005	1.603938e+000
8.252488111977908e-005	1.602396e+000
8.281784986977907e-005	1.600014e+000
8.311081861977907e-005	1.599541e+000
8.340378736977906e-005	1.598169e+000
8.369675611977906e-005	1.598083e+000
8.398972486977905e-005	1.599849e+000
8.428269361977905e-005	1.600764e+000
8.457566236977904e-005	1.603492e+000
8.486863111977904e-005	1.606325e+000
8.516159986977903e-005	1.607832e+000
8.545456861977903e-005	1.610409e+000
8.574753736977902e-005	1.611268e+000
8.604050611977902e-005	1.611104e+000
8.633347486977901e-005	1.611501e+000
8.662644361977901e-005	1.609937e+000
8.691941236977900e-005	1.608872e+000
8.721238111977900e-005	1.608431e+000
8.750534986977899e-005	1.607048e+000
8.779831861977899e-005	1.607557e+000
8.809128736977898e-005	1.608339e+000
8.838425611977898e-005	1.609010e+000
8.867722486977897e-005	1.611480e+000
8.897019361977897e-005	1.613059e+000
8.926316236977896e-005	1.614679e+000
8.955613111977896e-005	1.616875e+000
8.984909986977895e-005	1.617247e+000
9.014206861977895e-005	1.617898e+000
9.043503736977894e-005	1.618145e+000
9.072800611977894e-005	1.616955e+000
9.102097486977893e-005	1.616785e+000
9.131394361977893e-005	1.616031e+000
9.160691236977892e-005	1.615160e+000
9.189988111977891e-005	1.615799e+000
9.219284986977891e-005	1.615837e+000
9.248581861977890e-005	1.616725e+000
9.277878736977890e-005	1.618539e+000
9.307175611977889e-005	1.619424e+000
9.336472486977889e-005	1.621225e+000
9.365769361977888e-005	1.622679e+000
9.395066236977888e-005	1.623064e+000
9.424363111977887e-005	1.624111e+000
9.453659986977887e-005	1.623995e+000
9.482956861977886e-005	1.623471e+000
9.512253736977886e-005	1.623585e+000
9.541550611977885e-005	1.622660e+000
9.570847486977885e-005	1.622437e+000
9.600144361977884e-005	1.622768e+000
9.629441236977884e-005	1.622562e+000
9.658738111977883e-005	1.623633e+000
9.688034986977883e-005	1.624646e+000
9.717331861977882e-005	1.625396e+000
9.746628736977882e-005	1.627084e+000
9.775925611977881e-005	1.627859e+000
9.805222486977881e-005	1.628544e+000
9.834519361977880e-005	1.629487e+000
9.863816236977880e-005	1.629207e+000
9.893113111977879e-005	1.629302e+000
9.922409986977879e-005	1.629257e+000
9.951706861977878e-005	1.628324e+000
9.970703125000001e-005	1.628477e+000
1.000000000000000e-004	1.629258e+000
1.000292968750000e-004	1.628636e+000
1.000878906250000e-004	1.627408e+000
1.002050781250000e-004	1.624390e+000
1.004394531250000e-004	1.615433e+000
1.007324218750000e-004	1.601081e+000
1.010253906250000e-004	1.585188e+000
1.013183593750000e-004	1.566834e+000
1.016113281250000e-004	1.545262e+000
1.019042968750000e-004	1.521478e+000
1.021972656250000e-004	1.505082e+000
1.024902343750000e-004	1.517663e+000
1.026914875670835e-004	1.552954e+000
1.028835247149792e-004	1.594758e+000
1.030805737997066e-004	1.630683e+000
1.033403122365972e-004	1.670300e+000
1.036318669309102e-004	1.695927e+000
1.039248356809102e-004	1.695016e+000
1.042178044309102e-004	1.676082e+000
1.044097471613950e-004	1.651390e+000
1.045752338255495e-004	1.621935e+000
1.047444072866098e-004	1.593910e+000
1.047917146992842e-004	1.587044e+000
1.048863295246332e-004	1.571018e+000
1.050000000000000e-004	1.547161e+000
1.050113670475367e-004	1.544431e+000
1.050341011426101e-004	1.539282e+000
1.050795693327568e-004	1.530757e+000
1.051705057130503e-004	1.518457e+000
1.053523784736373e-004	1.498841e+000
1.056453472236373e-004	1.473904e+000
1.059383159736372e-004	1.467249e+000
1.062312847236372e-004	1.478290e+000
1.064166650112676e-004	1.490721e+000
1.065792987205931e-004	1.508399e+000
1.067458298904300e-004	1.531345e+000
1.069359761936947e-004	1.555158e+000
1.071778138895092e-004	1.583977e+000
1.074561385799191e-004	1.613649e+000
1.077491073299191e-004	1.631156e+000
1.080420760799191e-004	1.636685e+000
1.082537601613726e-004	1.632908e+000
1.084231166980272e-004	1.621630e+000
1.086003841854657e-004	1.606744e+000
1.087831340622893e-004	1.590980e+000
1.090281207018863e-004	1.565307e+000
1.092945960830196e-004	1.538914e+000
1.095875648330196e-004	1.517479e+000
1.098805335830196e-004	1.503032e+000
1.101735023330196e-004	1.499703e+000
1.103566625289834e-004	1.503569e+000
1.105189046359503e-004	1.508300e+000
1.106845786604042e-004	1.516762e+000
1.108799691675987e-004	1.531542e+000
1.111229113850572e-004	1.548980e+000
1.114071304214271e-004	1.568548e+000
1.117000991714271e-004	1.586487e+000
1.119930679214271e-004	1.596355e+000
1.121931867682295e-004	1.599790e+000
1.123601916924404e-004	1.600366e+000
1.125342445560441e-004	1.595514e+000
1.127262506578065e-004	1.587281e+000
1.129719399495300e-004	1.576117e+000
1.132473491647903e-004	1.559952e+000
1.135403179147903e-004	1.543181e+000
1.138332866647903e-004	1.530415e+000
1.141262554147903e-004	1.520007e+000
1.143066709680113e-004	1.517666e+000
1.144684217342869e-004	1.518967e+000
1.146329093543368e-004	1.520225e+000
1.148369745709523e-004	1.524292e+000
1.150819695990755e-004	1.533818e+000
1.153749383490755e-004	1.545675e+000
1.156679070990755e-004	1.558019e+000
1.159608758490755e-004	1.570005e+000
1.161550937652780e-004	1.574620e+000
1.163211891179797e-004	1.577485e+000
1.164914713008029e-004	1.580013e+000
1.167012982032503e-004	1.578803e+000
1.169498098875965e-004	1.574032e+000
1.172427786375965e-004	1.566721e+000
1.175357473875965e-004	1.556089e+000
1.178287161375965e-004	1.545459e+000
1.180838633667776e-004	1.537635e+000
1.182567582287507e-004	1.531969e+000
1.184185706627939e-004	1.528498e+000
1.185823651229442e-004	1.527638e+000
1.187953254983979e-004	1.526925e+000
1.190423690575642e-004	1.528485e+000
1.193353378075642e-004	1.534796e+000
1.196283065575642e-004	1.542354e+000
1.199212753075642e-004	1.551526e+000
1.201109299836231e-004	1.558010e+000
1.202767473030153e-004	1.561831e+000
1.204448464469408e-004	1.564977e+000
1.206699361348058e-004	1.569054e+000
1.209215876701285e-004	1.569905e+000
1.212145564201285e-004	1.567428e+000
1.215075251701285e-004	1.562691e+000
1.218004939201285e-004	1.554646e+000
1.220364803481122e-004	1.547995e+000
1.222062849217406e-004	1.543685e+000
1.223684863317933e-004	1.538628e+000
1.225319915538695e-004	1.534393e+000
1.227527529348239e-004	1.531574e+000
1.230021565480793e-004	1.529659e+000
1.232951252980793e-004	1.530362e+000
1.235880940480793e-004	1.534940e+000
1.238810627980793e-004	1.540810e+000
1.240683739606263e-004	1.545842e+000
1.242438509201475e-004	1.551470e+000
1.244222966434602e-004	1.555823e+000
1.246620605990806e-004	1.560528e+000
1.249242160053114e-004	1.564684e+000
1.252171847553113e-004	1.565533e+000
1.255101535053113e-004	1.563373e+000
1.258031222553113e-004	1.558873e+000
1.260098114411671e-004	1.553480e+000
1.261750661920554e-004	1.549129e+000
1.263454555674586e-004	1.545242e+000
1.265120392836010e-004	1.540749e+000
1.267499047498047e-004	1.535207e+000
1.270056751693597e-004	1.531999e+000
1.272986439193597e-004	1.530481e+000
1.275916126693596e-004	1.532144e+000
1.278192587885967e-004	1.535873e+000
1.279943524318742e-004	1.539071e+000
1.281777975241985e-004	1.543272e+000
1.283603712707364e-004	1.548403e+000
1.286079956555339e-004	1.554179e+000
1.288728487480103e-004	1.559034e+000
1.291658174980103e-004	1.562658e+000
1.294587862480103e-004	1.562700e+000
1.297517549980103e-004	1.560241e+000
1.299510039818147e-004	1.557271e+000
1.301150167494473e-004	1.553274e+000
1.302836785974588e-004	1.549000e+000
1.304541087635457e-004	1.545253e+000
1.306920819673711e-004	1.539698e+000
1.309519938142442e-004	1.534799e+000
1.312449625642442e-004	1.532180e+000
1.315379313142442e-004	1.531606e+000
1.317500802693664e-004	1.533263e+000
1.319224355354565e-004	1.536187e+000
1.321024093577136e-004	1.539385e+000
1.322923257900144e-004	1.543272e+000
1.325399235407680e-004	1.549261e+000
1.328115208476927e-004	1.554675e+000
1.331044895976927e-004	1.558807e+000
1.333974583476927e-004	1.560804e+000
1.336904270976927e-004	1.559596e+000
1.338865362026173e-004	1.557608e+000
1.340499246679923e-004	1.555320e+000
1.342177088339637e-004	1.551717e+000
1.343889335169945e-004	1.547738e+000
1.346266718383540e-004	1.542972e+000
1.348877902546050e-004	1.538068e+000
1.351807590046050e-004	1.534247e+000
1.354737277546050e-004	1.533082e+000
1.356813861097973e-004	1.533378e+000
1.358530161129454e-004	1.534860e+000
1.360314396328225e-004	1.537777e+000
1.362293853699071e-004	1.541265e+000
1.364782590604582e-004	1.545939e+000
1.367574090115469e-004	1.551449e+000
1.370503777615469e-004	1.555724e+000
1.373433465115469e-004	1.558060e+000
1.376363152615469e-004	1.558419e+000
1.378272157812741e-004	1.556892e+000
1.379896600140742e-004	1.554874e+000
1.381561340512065e-004	1.552625e+000
1.383296389541213e-004	1.549433e+000
1.385672903082335e-004	1.544704e+000
1.388311976916952e-004	1.540370e+000
1.391241664416952e-004	1.536568e+000
1.394171351916952e-004	1.534598e+000
1.396215766241500e-004	1.534831e+000
1.397925313917320e-004	1.535668e+000
1.399690032037026e-004	1.537328e+000
1.401782446131356e-004	1.540541e+000
1.404291625898263e-004	1.544677e+000
1.407194234701410e-004	1.549352e+000
1.410123922201410e-004	1.553520e+000
1.413053609701410e-004	1.555805e+000
1.415983297201410e-004	1.556362e+000
1.417789484949826e-004	1.555779e+000
1.419397023767078e-004	1.554135e+000
1.421038702649620e-004	1.551941e+000
1.422836370500475e-004	1.549495e+000
1.425216562779217e-004	1.545715e+000
1.427926274662502e-004	1.541543e+000
1.430855962162502e-004	1.538330e+000
1.433785649662502e-004	1.536302e+000
1.435776012056838e-004	1.536080e+000
1.437473233866340e-004	1.536986e+000
1.439204508860336e-004	1.538350e+000
1.441464224941986e-004	1.540771e+000
1.444002024669760e-004	1.544392e+000
1.446931712169760e-004	1.548453e+000
1.449861399669760e-004	1.551829e+000
1.452791087169760e-004	1.554040e+000
1.455720774669760e-004	1.554391e+000
1.457496702475024e-004	1.553846e+000
1.459096141284439e-004	1.552890e+000
1.460720528934067e-004	1.551149e+000
1.462647013144097e-004	1.548618e+000
1.465060076962429e-004	1.545564e+000
1.467924622573737e-004	1.542006e+000
1.470854310073737e-004	1.539223e+000
1.473783997573736e-004	1.537908e+000
1.475703371216963e-004	1.537755e+000
1.477705553982187e-004	1.538504e+000
1.479630939916558e-004	1.540116e+000
1.482210391251091e-004	1.542751e+000
1.484928578610484e-004	1.545890e+000
1.487858266110484e-004	1.549252e+000
1.490787953610484e-004	1.551613e+000
1.493717641110484e-004	1.552903e+000
1.495883472801232e-004	1.552959e+000
1.497538512316069e-004	1.552161e+000
1.499152111200395e-004	1.551038e+000
1.500774120181677e-004	1.549718e+000
1.502965433742578e-004	1.547343e+000
1.505463284154662e-004	1.544532e+000
1.508392971654662e-004	1.541797e+000
1.511322659154662e-004	1.539668e+000
1.513453875640937e-004	1.538953e+000
1.515212368361696e-004	1.539113e+000
1.517026209538034e-004	1.539664e+000
1.519147965483919e-004	1.540929e+000
1.521682509141702e-004	1.543228e+000
1.524591575337409e-004	1.546029e+000
1.527521262837409e-004	1.548698e+000
1.530450950337409e-004	1.550729e+000
1.533380637837409e-004	1.551576e+000
1.535442449976514e-004	1.551558e+000
1.537079051529897e-004	1.551072e+000
1.538790728084763e-004	1.549942e+000
1.540406421526117e-004	1.548633e+000
1.542699206483572e-004	1.546694e+000
1.545204517445047e-004	1.544303e+000
1.547070312500000e-004	1.542712e+000
1.550000000000000e-004	1.540937e+000
1.550248500091613e-004	1.540817e+000
1.550745500274839e-004	1.540553e+000
1.551739500641291e-004	1.540119e+000
1.553412167519874e-004	1.539899e+000
1.555109957058361e-004	1.540199e+000
1.557056191485597e-004	1.540902e+000
1.559417829980518e-004	1.542291e+000
1.562127691673340e-004	1.544512e+000
1.565057379173340e-004	1.547002e+000
1.567987066673340e-004	1.549231e+000
1.570916754173340e-004	1.550779e+000
1.573846441673340e-004	1.551247e+000
1.575618075010701e-004	1.551026e+000
1.577195590066048e-004	1.550431e+000
1.578794466245210e-004	1.549321e+000
1.580579969618980e-004	1.547739e+000
1.582953315007701e-004	1.545464e+000
1.585746224820832e-004	1.542644e+000
1.588675912320832e-004	1.540056e+000
1.590851576199077e-004	1.538763e+000
1.592597638322178e-004	1.538195e+000
1.594415580969255e-004	1.538211e+000
1.596322124211693e-004	1.538969e+000
1.597550219551598e-004	1.539801e+000
1.600000000000000e-004	1.541801e+000
1.600244978044840e-004	1.542099e+000
1.600734934134521e-004	1.542805e+000
1.601714846313882e-004	1.546666e+000
1.603674670672603e-004	1.562790e+000
1.605713536398669e-004	1.576732e+000
1.608643223898669e-004	1.577907e+000
1.611572911398669e-004	1.572465e+000
1.614502598898669e-004	1.565462e+000
1.617432286398669e-004	1.552532e+000
1.620361973898669e-004	1.543374e+000
1.623291661398669e-004	1.536993e+000
1.626221348898668e-004	1.531451e+000
1.629151036398668e-004	1.534512e+000
1.632080723898668e-004	1.539421e+000
1.635010411398668e-004	1.546565e+000
1.637940098898668e-004	1.558671e+000
1.640869786398668e-004	1.566704e+000
1.643799473898668e-004	1.574383e+000
1.646729161398668e-004	1.580534e+000
1.649658848898668e-004	1.579269e+000
1.652588536398668e-004	1.577602e+000
1.655518223898668e-004	1.572388e+000
1.658447911398668e-004	1.563573e+000
1.661377598898668e-004	1.558456e+000
1.664307286398668e-004	1.552239e+000
1.667236973898668e-004	1.548680e+000
1.670166661398668e-004	1.550799e+000
1.673096348898668e-004	1.552503e+000
1.676026036398668e-004	1.558607e+000
1.678955723898668e-004	1.566638e+000
1.681885411398668e-004	1.571905e+000
1.684815098898667e-004	1.579225e+000
1.687744786398667e-004	1.583134e+000
1.690674473898667e-004	1.583277e+000
1.693604161398667e-004	1.583788e+000
1.696533848898667e-004	1.579401e+000
1.699463536398667e-004	1.574538e+000
1.702393223898667e-004	1.571204e+000
1.705322911398667e-004	1.565708e+000
1.708252598898667e-004	1.564160e+000
1.711182286398667e-004	1.564622e+000
1.714111973898667e-004	1.565194e+000
1.717041661398667e-004	1.570427e+000
1.719971348898667e-004	1.575019e+000
1.722901036398667e-004	1.579475e+000
1.725830723898667e-004	1.585637e+000
1.728760411398667e-004	1.587818e+000
1.731690098898667e-004	1.589495e+000
1.734619786398667e-004	1.590250e+000
1.737549473898667e-004	1.586959e+000
1.740479161398666e-004	1.584959e+000
1.743408848898666e-004	1.581940e+000
1.746338536398666e-004	1.578013e+000
1.749268223898666e-004	1.577584e+000
1.752197911398666e-004	1.576651e+000
1.755127598898666e-004	1.577495e+000
1.758057286398666e-004	1.581354e+000
1.760986973898666e-004	1.583763e+000
1.763916661398666e-004	1.588073e+000
1.766846348898666e-004	1.592373e+000
1.769776036398666e-004	1.593962e+000
1.772705723898666e-004	1.596552e+000
1.775635411398666e-004	1.596706e+000
1.778565098898666e-004	1.594972e+000
1.781494786398666e-004	1.594373e+000
1.784424473898666e-004	1.591442e+000
1.787354161398666e-004	1.589365e+000
1.790283848898666e-004	1.588982e+000
1.793213536398666e-004	1.587560e+000
1.796143223898665e-004	1.588934e+000
1.799072911398665e-004	1.591106e+000
1.802002598898665e-004	1.592730e+000
1.804932286398665e-004	1.596676e+000
1.807861973898665e-004	1.599182e+000
1.810791661398665e-004	1.601022e+000
1.813721348898665e-004	1.603542e+000
1.816651036398665e-004	1.603252e+000
1.819580723898665e-004	1.603039e+000
1.822510411398665e-004	1.602643e+000
1.825440098898665e-004	1.600270e+000
1.828369786398665e-004	1.599595e+000
1.831299473898665e-004	1.598706e+000
1.834229161398665e-004	1.597691e+000
1.837158848898665e-004	1.599138e+000
1.840088536398665e-004	1.599940e+000
1.843018223898665e-004	1.601622e+000
1.845947911398665e-004	1.604669e+000
1.848877598898665e-004	1.606080e+000
1.851807286398665e-004	1.608332e+000
1.854736973898664e-004	1.610092e+000
1.857666661398664e-004	1.609952e+000
1.860596348898664e-004	1.610671e+000
1.863526036398664e-004	1.609979e+000
1.866455723898664e-004	1.608611e+000
1.869385411398664e-004	1.608519e+000
1.872315098898664e-004	1.607264e+000
1.875244786398664e-004	1.607029e+000
1.878174473898664e-004	1.607981e+000
1.881104161398664e-004	1.608150e+000
1.884033848898664e-004	1.610011e+000
1.886963536398664e-004	1.611892e+000
1.889893223898664e-004	1.613012e+000
1.892822911398664e-004	1.615299e+000
1.895752598898664e-004	1.616217e+000
1.898682286398664e-004	1.616643e+000
1.901611973898664e-004	1.617528e+000
1.904541661398664e-004	1.616693e+000
1.907471348898664e-004	1.616336e+000
1.910401036398663e-004	1.616152e+000
1.913330723898663e-004	1.615024e+000
1.916260411398663e-004	1.615369e+000
1.919190098898663e-004	1.615611e+000
1.922119786398663e-004	1.615823e+000
1.925049473898663e-004	1.617527e+000
1.927979161398663e-004	1.618456e+000
1.930908848898663e-004	1.619738e+000
1.933838536398663e-004	1.621564e+000
1.936768223898663e-004	1.622024e+000
1.939697911398663e-004	1.622985e+000
1.942627598898663e-004	1.623523e+000
1.945557286398663e-004	1.622944e+000
1.948486973898663e-004	1.623195e+000
1.951416661398663e-004	1.622692e+000
1.954346348898663e-004	1.622082e+000
1.957276036398663e-004	1.622531e+000
1.960205723898663e-004	1.622285e+000
1.963135411398663e-004	1.622821e+000
1.966065098898662e-004	1.624000e+000
1.968994786398662e-004	1.624475e+000
1.971924473898662e-004	1.625908e+000
1.974854161398662e-004	1.627036e+000
1.977783848898662e-004	1.627499e+000
1.980713536398662e-004	1.628630e+000
1.983643223898662e-004	1.628748e+000
1.986572911398662e-004	1.628669e+000
1.989502598898662e-004	1.629010e+000
1.992432286398662e-004	1.628366e+000
1.995361973898662e-004	1.628534e+000
1.997070312500000e-004	1.628754e+000
2.000000000000000e-004	1.627054e+000
2.000292968750000e-004	1.626979e+000
2.000878906250000e-004	1.626916e+000
2.002050781250000e-004	1.624993e+000
2.004394531250000e-004	1.615433e+000
2.007324218750000e-004	1.600992e+000
2.010253906250000e-004	1.585551e+000
2.013183593750000e-004	1.566648e+000
2.016113281250000e-004	1.545234e+000
2.019042968750000e-004	1.521568e+000
2.021972656250000e-004	1.504832e+000
2.024902343750000e-004	1.518222e+000
2.026912012351994e-004	1.552996e+000
2.029045964954861e-004	1.598280e+000
2.030970412180574e-004	1.633374e+000
2.033700468038137e-004	1.673831e+000
2.036570137055189e-004	1.696372e+000
2.039499824555189e-004	1.693722e+000
2.042429512055189e-004	1.672670e+000
2.044318456780232e-004	1.647230e+000
2.045969987013672e-004	1.618310e+000
2.047649765694544e-004	1.590529e+000
2.047829539712981e-004	1.587945e+000
2.048189087749856e-004	1.582609e+000
2.048908183823605e-004	1.569638e+000
2.050000000000000e-004	1.547096e+000
2.050109181617640e-004	1.544679e+000
2.050327544852919e-004	1.540077e+000
2.050764271323477e-004	1.532177e+000
2.051637724264593e-004	1.519990e+000
2.053384630146826e-004	1.500265e+000
2.056314317646826e-004	1.475019e+000
2.059244005146826e-004	1.467433e+000
2.062173692646826e-004	1.477424e+000
2.064041567516523e-004	1.490023e+000
2.065669790387615e-004	1.507299e+000
2.067340623082710e-004	1.529573e+000
2.069194762901913e-004	1.553009e+000
2.071602415042140e-004	1.582046e+000
2.074335798584000e-004	1.611378e+000
2.077265486084000e-004	1.630099e+000
2.080195173584000e-004	1.636435e+000
2.082408186088978e-004	1.632841e+000
2.084122523044427e-004	1.622290e+000
2.085920100158623e-004	1.607585e+000
2.087706013101355e-004	1.591924e+000
2.090157849209709e-004	1.566506e+000
2.092782181031257e-004	1.540540e+000
2.095711868531256e-004	1.518489e+000
2.098641556031256e-004	1.503760e+000
2.101571243531256e-004	1.499632e+000
2.103418925524430e-004	1.502981e+000
2.105043585612068e-004	1.507895e+000
2.106706634444072e-004	1.516269e+000
2.108605385125886e-004	1.530038e+000
2.111021914071036e-004	1.547437e+000
2.113804374062388e-004	1.566794e+000
2.116734061562388e-004	1.584942e+000
2.119663749062387e-004	1.595791e+000
2.121740247377237e-004	1.599636e+000
2.123428888537285e-004	1.600152e+000
2.125194463364108e-004	1.595790e+000
2.127049759151408e-004	1.588286e+000
2.129502190011523e-004	1.577111e+000
2.132191653906359e-004	1.561597e+000
2.135121341406359e-004	1.544733e+000
2.138051028906359e-004	1.531454e+000
2.140980716406359e-004	1.520897e+000
2.142807764782720e-004	1.518002e+000
2.144428609398249e-004	1.518665e+000
2.146083702605396e-004	1.519846e+000
2.148027449671622e-004	1.523507e+000
2.150453275536329e-004	1.532368e+000
2.153287174750882e-004	1.543786e+000
2.156216862250882e-004	1.556153e+000
2.159146549750882e-004	1.568306e+000
2.161145675197257e-004	1.573759e+000
2.162817352395091e-004	1.576975e+000
2.164556420016435e-004	1.579685e+000
2.166510162841025e-004	1.579226e+000
2.168975044267922e-004	1.575169e+000
2.171760621270995e-004	1.568646e+000
2.174690308770995e-004	1.558544e+000
2.177619996270995e-004	1.547789e+000
2.180549683770995e-004	1.538400e+000
2.182347845492515e-004	1.532641e+000
2.183963351811673e-004	1.529042e+000
2.185605358636997e-004	1.527742e+000
2.187647682068523e-004	1.526903e+000
2.190097352305778e-004	1.528207e+000
2.193027039805778e-004	1.533990e+000
2.195956727305778e-004	1.541460e+000
2.198886414805778e-004	1.550475e+000
2.200819518569761e-004	1.556985e+000
2.202481522108041e-004	1.561153e+000
2.204178266187542e-004	1.564589e+000
2.206330736211630e-004	1.568550e+000
2.208826996103408e-004	1.569876e+000
2.211756683603408e-004	1.567904e+000
2.214686371103408e-004	1.563433e+000
2.217616058603408e-004	1.555823e+000
2.220134809128281e-004	1.548674e+000
2.221857455844824e-004	1.544105e+000
2.223474863849550e-004	1.539204e+000
2.225111288001569e-004	1.534971e+000
2.227242134388702e-004	1.531880e+000
2.229713081360341e-004	1.529780e+000
2.232642768860341e-004	1.530185e+000
2.235572456360341e-004	1.534341e+000
2.238502143860341e-004	1.540166e+000
2.240389911728023e-004	1.545111e+000
2.242047700611271e-004	1.550306e+000
2.243732636038320e-004	1.554640e+000
2.246036886042986e-004	1.559469e+000
2.248572919643834e-004	1.563876e+000
2.251502607143834e-004	1.565594e+000
2.254432294643834e-004	1.564101e+000
2.257361982143834e-004	1.560108e+000
2.259685275543121e-004	1.554587e+000
2.261376385653984e-004	1.550180e+000
2.262998080827466e-004	1.546321e+000
2.264631711874374e-004	1.541924e+000
2.266844986744489e-004	1.536488e+000
2.269341505790715e-004	1.532738e+000
2.272271193290715e-004	1.530602e+000
2.275200880790715e-004	1.531552e+000
2.278130568290715e-004	1.535778e+000
2.280001419794407e-004	1.539266e+000
2.281955446406393e-004	1.543837e+000
2.283783766402260e-004	1.548808e+000
2.286325221031024e-004	1.554672e+000
2.288977186161397e-004	1.559453e+000
2.291906873661397e-004	1.562741e+000
2.294836561161397e-004	1.562572e+000
2.297766248661397e-004	1.559894e+000
2.299664997494882e-004	1.556880e+000
2.301291426568935e-004	1.552960e+000
2.302959373030257e-004	1.548770e+000
2.304731095646748e-004	1.544767e+000
2.307117863165501e-004	1.539297e+000
2.309784773581062e-004	1.534507e+000
2.312714461081062e-004	1.532044e+000
2.315644148581062e-004	1.531789e+000
2.317701676383235e-004	1.533562e+000
2.319407083218799e-004	1.536450e+000
2.321180399084866e-004	1.539718e+000
2.323151788011607e-004	1.543866e+000
2.325634338223791e-004	1.549733e+000
2.328422628971473e-004	1.555176e+000
2.331352316471473e-004	1.559127e+000
2.334282003971473e-004	1.560770e+000
2.337211691471473e-004	1.559358e+000
2.339059747558832e-004	1.557346e+000
2.340677214504113e-004	1.554926e+000
2.342332776146314e-004	1.551404e+000
2.344128669293565e-004	1.547298e+000
2.346515096995007e-004	1.542467e+000
2.349211334004530e-004	1.537556e+000
2.352141021504530e-004	1.534037e+000
2.355070709004530e-004	1.533088e+000
2.357098258096862e-004	1.533622e+000
2.358797130091557e-004	1.535255e+000
2.360552111301745e-004	1.538131e+000
2.362630301834408e-004	1.541871e+000
2.365132381077222e-004	1.546652e+000
2.368026163868499e-004	1.552184e+000
2.370955851368499e-004	1.556215e+000
2.373885538868499e-004	1.558218e+000
2.376815226368498e-004	1.558154e+000
2.378596848775487e-004	1.556593e+000
2.380202676898090e-004	1.554493e+000
2.381840023487848e-004	1.552103e+000
2.383712122731326e-004	1.548620e+000
2.386110588676629e-004	1.543975e+000
2.388894222675552e-004	1.539531e+000
2.391823910175552e-004	1.536074e+000
2.394753597675552e-004	1.534568e+000
2.396719940281604e-004	1.535019e+000
2.398403570737727e-004	1.536075e+000
2.400120414820810e-004	1.537917e+000
2.402382687614964e-004	1.541483e+000
2.404916112514982e-004	1.545693e+000
2.407845800014982e-004	1.550343e+000
2.410775487514982e-004	1.554171e+000
2.413705175014981e-004	1.556044e+000
2.416634862514981e-004	1.556144e+000
2.418412782660893e-004	1.555245e+000
2.420013776591982e-004	1.553435e+000
2.421634717044008e-004	1.551171e+000
2.423680747942553e-004	1.548204e+000
2.426130600422533e-004	1.544317e+000
2.429060287922533e-004	1.540172e+000
2.431989975422533e-004	1.537417e+000
2.434536974905595e-004	1.536140e+000
2.436378390064697e-004	1.536305e+000
2.438311657068085e-004	1.537583e+000
2.440153878855564e-004	1.539303e+000
2.442675846880196e-004	1.542415e+000
2.445319436833028e-004	1.546247e+000
2.448249124333028e-004	1.550068e+000
2.451178811833028e-004	1.552972e+000
2.454108499333028e-004	1.554507e+000
2.456369242576075e-004	1.554310e+000
2.458041171058609e-004	1.553536e+000
2.459653606390841e-004	1.552349e+000
2.461277864698620e-004	1.550489e+000
2.463433355421912e-004	1.547638e+000
2.465916575805913e-004	1.544478e+000
2.468846263305913e-004	1.541034e+000
2.471775950805913e-004	1.538594e+000
2.473964741103886e-004	1.537804e+000
2.475736688845028e-004	1.537758e+000
2.477583423906883e-004	1.538459e+000
2.479551436717755e-004	1.540057e+000
2.482061401900486e-004	1.542610e+000
2.484821613343089e-004	1.545793e+000
2.487751300843090e-004	1.549137e+000
2.490680988343090e-004	1.551553e+000
2.493610675843090e-004	1.552866e+000
2.495812618556995e-004	1.552940e+000
2.497473001420793e-004	1.552202e+000
2.499084801366842e-004	1.551097e+000
2.500706572306426e-004	1.549755e+000
2.502873454274497e-004	1.547436e+000
2.505362571009851e-004	1.544653e+000
2.508292258509852e-004	1.541879e+000
2.511221946009852e-004	1.539749e+000
2.513368936626498e-004	1.538995e+000
2.515133043368779e-004	1.539100e+000
2.516955832340343e-004	1.539652e+000
2.519054590237460e-004	1.540898e+000
2.521586984434319e-004	1.543149e+000
2.524471823484545e-004	1.545931e+000
2.527401510984545e-004	1.548611e+000
2.530331198484546e-004	1.550658e+000
2.533260885984546e-004	1.551573e+000
2.535361809343370e-004	1.551565e+000
2.537004126214063e-004	1.551072e+000
2.538756693214509e-004	1.549960e+000
2.540370019417353e-004	1.548675e+000
2.542660407409267e-004	1.546714e+000
2.545149756930033e-004	1.544364e+000
2.547070312500000e-004	1.542739e+000
2.550000000000000e-004	1.540901e+000
2.550247699881244e-004	1.540783e+000
2.550743099643731e-004	1.540536e+000
2.551733899168705e-004	1.540143e+000
2.553405958054411e-004	1.539933e+000
2.555102824487687e-004	1.540207e+000
2.557053169677500e-004	1.540917e+000
2.559414991985415e-004	1.542320e+000
2.562128394543960e-004	1.544524e+000
2.565058082043961e-004	1.547016e+000
2.567987769543961e-004	1.549240e+000
2.570917457043961e-004	1.550769e+000
2.573847144543961e-004	1.551253e+000
2.575617581157046e-004	1.551023e+000
2.577194837916529e-004	1.550406e+000
2.578793319632025e-004	1.549311e+000
2.580580942879530e-004	1.547743e+000
2.582954836743779e-004	1.545455e+000
2.585750763329430e-004	1.542644e+000
2.588680450829431e-004	1.540071e+000
2.590853498878065e-004	1.538769e+000
2.592598782955080e-004	1.538217e+000
2.594415219874579e-004	1.538250e+000
2.596327748815516e-004	1.538988e+000
2.597549278779802e-004	1.539733e+000
2.597602907821177e-004	1.539769e+000
2.597664198154177e-004	1.539810e+000
2.597786778820177e-004	1.539891e+000
2.598031940152176e-004	1.540061e+000
2.598522262816175e-004	1.540431e+000
2.599019354672003e-004	1.540884e+000
2.600000000000000e-004	1.541930e+000
2.600098064532800e-004	1.542058e+000
2.600294193598399e-004	1.542320e+000
2.600686451729598e-004	1.542887e+000
2.601470967991996e-004	1.545479e+000
2.603040000516791e-004	1.557159e+000
2.605274575007576e-004	1.574381e+000
2.607953560654725e-004	1.579085e+000
2.610883248154726e-004	1.573773e+000
2.613812935654726e-004	1.567416e+000
2.616742623154726e-004	1.555346e+000
2.619672310654726e-004	1.544824e+000
2.622601998154727e-004	1.538435e+000
2.625531685654727e-004	1.532191e+000
2.628461373154727e-004	1.533393e+000
2.631391060654727e-004	1.538380e+000
2.634320748154727e-004	1.544488e+000
2.637250435654728e-004	1.556026e+000
2.640180123154728e-004	1.565224e+000
2.643109810654728e-004	1.572636e+000
2.646039498154728e-004	1.579768e+000
2.648969185654729e-004	1.579847e+000
2.651898873154729e-004	1.577997e+000
2.654828560654729e-004	1.573976e+000
2.657758248154729e-004	1.565315e+000
2.660687935654729e-004	1.559447e+000
2.663617623154730e-004	1.553705e+000
2.666547310654730e-004	1.548980e+000
2.669476998154730e-004	1.550224e+000
2.672406685654730e-004	1.551948e+000
2.675336373154731e-004	1.556798e+000
2.678266060654731e-004	1.565059e+000
2.681195748154731e-004	1.570725e+000
2.684125435654731e-004	1.577653e+000
2.687055123154731e-004	1.582778e+000
2.689984810654732e-004	1.583235e+000
2.692914498154732e-004	1.583853e+000
2.695844185654732e-004	1.580657e+000
2.698773873154732e-004	1.575409e+000
2.701703560654733e-004	1.572081e+000
2.704633248154733e-004	1.566840e+000
2.707562935654733e-004	1.564162e+000
2.710492623154733e-004	1.564606e+000
2.713422310654733e-004	1.564790e+000
2.716351998154734e-004	1.569095e+000
2.719281685654734e-004	1.574183e+000
2.722211373154734e-004	1.578306e+000
2.725141060654734e-004	1.584439e+000
2.728070748154734e-004	1.587574e+000
2.731000435654735e-004	1.589060e+000
2.733930123154735e-004	1.590410e+000
2.736859810654735e-004	1.587756e+000
2.739789498154735e-004	1.585318e+000
2.742719185654736e-004	1.582822e+000
2.745648873154736e-004	1.578672e+000
2.748578560654736e-004	1.577567e+000
2.751508248154736e-004	1.576904e+000
2.754437935654736e-004	1.577001e+000
2.757367623154737e-004	1.580527e+000
2.760297310654737e-004	1.583236e+000
2.763226998154737e-004	1.586959e+000
2.766156685654737e-004	1.591664e+000
2.769086373154738e-004	1.593627e+000
2.772016060654738e-004	1.596004e+000
2.774945748154738e-004	1.596959e+000
2.777875435654738e-004	1.595281e+000
2.780805123154738e-004	1.594584e+000
2.783734810654739e-004	1.592206e+000
2.786664498154739e-004	1.589617e+000
2.789594185654739e-004	1.589130e+000
2.792523873154739e-004	1.587793e+000
2.795453560654740e-004	1.588423e+000
2.798383248154740e-004	1.590732e+000
2.801312935654740e-004	1.592237e+000
2.804242623154740e-004	1.595767e+000
2.807172310654740e-004	1.598804e+000
2.810101998154741e-004	1.600524e+000
2.813031685654741e-004	1.603125e+000
2.815961373154741e-004	1.603456e+000
2.818891060654741e-004	1.603005e+000
2.821820748154741e-004	1.602906e+000
2.824750435654742e-004	1.600773e+000
2.827680123154742e-004	1.599642e+000
2.830609810654742e-004	1.599009e+000
2.833539498154742e-004	1.597749e+000
2.836469185654743e-004	1.598762e+000
2.839398873154743e-004	1.599817e+000
2.842328560654743e-004	1.601081e+000
2.845258248154743e-004	1.604074e+000
2.848187935654743e-004	1.605810e+000
2.851117623154744e-004	1.607762e+000
2.854047310654744e-004	1.609887e+000
2.856976998154744e-004	1.609982e+000
2.859906685654744e-004	1.610516e+000
2.862836373154745e-004	1.610290e+000
2.865766060654745e-004	1.608816e+000
2.868695748154745e-004	1.608565e+000
2.871625435654745e-004	1.607583e+000
2.874555123154745e-004	1.606923e+000
2.877484810654746e-004	1.607823e+000
2.880414498154746e-004	1.608067e+000
2.883344185654746e-004	1.609493e+000
2.886273873154746e-004	1.611586e+000
2.889203560654747e-004	1.612701e+000
2.892133248154747e-004	1.614805e+000
2.895062935654747e-004	1.616146e+000
2.897992623154747e-004	1.616486e+000
2.900922310654747e-004	1.617425e+000
2.903851998154748e-004	1.616944e+000
2.906781685654748e-004	1.616333e+000
2.909711373154748e-004	1.616288e+000
2.912641060654748e-004	1.615227e+000
2.915570748154749e-004	1.615215e+000
2.918500435654749e-004	1.615628e+000
2.921430123154749e-004	1.615668e+000
2.924359810654749e-004	1.617140e+000
2.927289498154749e-004	1.618308e+000
2.930219185654750e-004	1.619364e+000
2.933148873154750e-004	1.621244e+000
2.936078560654750e-004	1.621960e+000
2.939008248154750e-004	1.622732e+000
2.941937935654750e-004	1.623527e+000
2.944867623154751e-004	1.623052e+000
2.947797310654751e-004	1.623129e+000
2.950726998154751e-004	1.622888e+000
2.953656685654751e-004	1.622129e+000
2.956586373154752e-004	1.622444e+000
2.959516060654752e-004	1.622359e+000
2.962445748154752e-004	1.622601e+000
2.965375435654752e-004	1.623793e+000
2.968305123154752e-004	1.624352e+000
2.971234810654753e-004	1.625543e+000
2.974164498154753e-004	1.626881e+000
2.977094185654753e-004	1.627363e+000
2.980023873154753e-004	1.628402e+000
2.982953560654754e-004	1.628808e+000
2.985883248154754e-004	1.628634e+000
2.988812935654754e-004	1.628991e+000
2.991742623154754e-004	1.628533e+000
2.994672310654754e-004	1.628298e+000
2.997070312500000e-004	1.628554e+000
3.000000000000000e-004	1.628483e+000
