0.000000000000000e+000	1.930823e-012
9.765624940649698e-012	-4.398029e-007
1.953124988129940e-011	-1.043711e-006
3.906249976259879e-011	-2.641078e-006
7.812499952519758e-011	-6.365830e-006
1.540945636206174e-010	-1.392527e-005
3.060336918114572e-010	-2.870347e-005
5.825643970914521e-010	-5.423822e-005
1.031696573779397e-009	-9.246738e-005
1.664229778800195e-009	-1.402066e-004
2.549519845752209e-009	-1.967201e-004
3.723344919655288e-009	-2.565566e-004
5.292589417450102e-009	-3.159828e-004
7.347292919942131e-009	-3.687648e-004
1.009323667060934e-008	-4.112224e-004
1.379400324181791e-008	-4.406009e-004
1.900893373275867e-008	-4.576253e-004
2.675660107332540e-008	-4.653690e-004
6.465274742988955e-008	-4.712251e-004
2.151940398346892e-007	-4.875832e-004
4.159157630410888e-007	-5.109964e-004
8.173592094538881e-007	-5.633648e-004
1.620246102279487e-006	-6.844889e-004
2.596808602279487e-006	1.796572e-001
3.573371102279487e-006	2.919575e+000
4.023212501120001e-006	9.452193e+000
4.524536991315123e-006	2.280830e+001
4.710245279787534e-006	2.704151e+001
5.000000000000000e-006	3.102003e+001
5.028975472021247e-006	3.104404e+001
5.086926416063741e-006	3.103381e+001
5.202828304148727e-006	3.095586e+001
5.382755640645701e-006	3.083272e+001
5.742610313639649e-006	3.059641e+001
6.462319659627546e-006	3.014054e+001
7.438882159627546e-006	2.954491e+001
8.415444659627546e-006	2.896882e+001
9.392007159627547e-006	2.840920e+001
1.036856965962755e-005	2.786401e+001
1.134513215962755e-005	2.733253e+001
1.232169465962755e-005	2.681438e+001
1.329825715962755e-005	2.630938e+001
1.427481965962755e-005	2.581731e+001
1.525138215962755e-005	2.533800e+001
1.622794465962755e-005	2.487126e+001
1.720450715962755e-005	2.441689e+001
1.818106965962755e-005	2.397466e+001
1.915763215962756e-005	2.354439e+001
2.013419465962756e-005	2.312584e+001
2.111075715962756e-005	2.271877e+001
2.208731965962756e-005	2.232297e+001
2.306388215962756e-005	2.193819e+001
2.404044465962756e-005	2.156421e+001
2.501700715962756e-005	2.120077e+001
2.599356965962756e-005	2.084764e+001
2.697013215962756e-005	2.050460e+001
2.794669465962756e-005	2.017139e+001
2.892325715962756e-005	1.984779e+001
2.989981965962757e-005	1.953355e+001
3.087638215962757e-005	1.922846e+001
3.185294465962757e-005	1.893227e+001
3.282950715962757e-005	1.864477e+001
3.380606965962757e-005	1.836573e+001
3.478263215962757e-005	1.809492e+001
3.575919465962757e-005	1.783214e+001
3.673575715962757e-005	1.757717e+001
3.771231965962757e-005	1.732980e+001
3.868888215962757e-005	1.708983e+001
3.966544465962757e-005	1.685705e+001
4.064200715962757e-005	1.663127e+001
4.161856965962758e-005	1.641229e+001
4.259513215962758e-005	1.619993e+001
4.357169465962758e-005	1.599399e+001
4.454825715962758e-005	1.579431e+001
4.552481965962758e-005	1.560069e+001
4.650138215962758e-005	1.541298e+001
4.747794465962758e-005	1.523099e+001
4.845450715962758e-005	1.505457e+001
4.943106965962758e-005	1.488355e+001
5.040763215962758e-005	1.471778e+001
5.138419465962758e-005	1.455710e+001
5.236075715962759e-005	1.440137e+001
5.333731965962759e-005	1.425010e+001
5.402343750000000e-005	1.414686e+001
5.500000000000000e-005	1.400335e+001
5.508587637133941e-005	1.375231e+001
5.525762911401823e-005	1.311277e+001
5.560113459937587e-005	1.063223e+001
5.618219739118666e-005	4.124687e+000
5.652208306317119e-005	1.200093e+000
5.695713190471063e-005	5.298816e-002
5.726881026218358e-005	1.086606e-003
5.760690917749417e-005	1.039519e-003
5.828310700811536e-005	9.353038e-004
5.902343750000000e-005	8.076400e-004
6.000000000000000e-005	5.257092e-004
6.000223772783746e-005	4.119845e-004
6.000671318351237e-005	1.951708e-004
6.000940600515148e-005	1.072252e-004
6.001059637143001e-005	8.654991e-005
6.001246091347802e-005	6.504531e-005
6.001426951606621e-005	5.005418e-005
6.001616678714579e-005	3.934844e-005
6.001821783447303e-005	3.152531e-005
6.002025573544904e-005	2.636134e-005
6.002239192232594e-005	2.282279e-005
6.002455484596943e-005	2.051012e-005
6.002692101999677e-005	1.891005e-005
6.002938485550848e-005	1.788863e-005
6.003222641106342e-005	1.719535e-005
6.003527095046395e-005	1.678525e-005
6.003906869112053e-005	1.652357e-005
6.004328350165554e-005	1.639300e-005
6.004916236294059e-005	1.632240e-005
6.005602696833503e-005	1.629841e-005
6.011235598308999e-005	1.628313e-005
6.219030425383639e-005	1.606113e-005
6.426825252458278e-005	1.584328e-005
6.634620079532918e-005	1.562958e-005
6.842414906607557e-005	1.542004e-005
7.050209733682196e-005	1.521465e-005
7.258004560756837e-005	1.501341e-005
7.465799387831476e-005	1.481633e-005
7.661111887831476e-005	1.463442e-005
7.758768137831476e-005	1.454472e-005
7.856424387831476e-005	1.445585e-005
7.954080637831476e-005	1.436779e-005
8.051736887831476e-005	1.428054e-005
8.149393137831476e-005	1.419409e-005
8.247049387831477e-005	1.410842e-005
8.344705637831477e-005	1.402354e-005
8.442361887831477e-005	1.393943e-005
8.540018137831477e-005	1.385609e-005
8.637674387831477e-005	1.377351e-005
8.735330637831477e-005	1.369167e-005
8.832986887831477e-005	1.361058e-005
8.930643137831477e-005	1.353022e-005
9.028299387831477e-005	1.345059e-005
9.125955637831477e-005	1.337167e-005
9.223611887831477e-005	1.329347e-005
9.321268137831478e-005	1.321597e-005
9.418924387831478e-005	1.313915e-005
9.516580637831478e-005	1.306302e-005
9.614236887831478e-005	1.298756e-005
9.711893137831478e-005	1.291275e-005
9.809549387831478e-005	1.283857e-005
9.907205637831478e-005	1.276499e-005
1.000000000000000e-004	1.300023e-005
1.000020421574402e-004	-1.268748e-004
1.000061264723206e-004	-3.203305e-004
1.000115545761204e-004	-4.479856e-004
1.000156273759186e-004	-4.826055e-004
1.000203546368692e-004	-4.943538e-004
1.000282101885773e-004	-5.004184e-004
1.000749752306893e-004	-5.076259e-004
1.002615997119382e-004	-5.303115e-004
1.005104323536035e-004	-5.629323e-004
1.010080976369341e-004	-6.351730e-004
1.019846601369341e-004	-7.894246e-004
1.029612226369341e-004	4.689161e-001
1.036743956646977e-004	3.321348e+000
1.040234375000000e-004	8.675766e+000
1.045184629158509e-004	2.059880e+001
1.047165605550505e-004	2.409869e+001
1.050000000000000e-004	2.678569e+001
1.050283439444950e-004	2.680774e+001
1.050850318334849e-004	2.680329e+001
1.051984076114647e-004	2.674619e+001
1.053758998578242e-004	2.665325e+001
1.057308843505433e-004	2.647067e+001
1.064408533359814e-004	2.610998e+001
1.074174158359814e-004	2.562396e+001
1.083939783359814e-004	2.514969e+001
1.093705408359814e-004	2.468793e+001
1.103471033359814e-004	2.423844e+001
1.113236658359814e-004	2.380104e+001
1.123002283359814e-004	2.337547e+001
1.132767908359814e-004	2.296155e+001
1.142533533359814e-004	2.255902e+001
1.152299158359814e-004	2.216766e+001
1.162064783359814e-004	2.178723e+001
1.171830408359814e-004	2.141749e+001
1.181596033359814e-004	2.105821e+001
1.191361658359814e-004	2.070915e+001
1.201127283359814e-004	2.037007e+001
1.210892908359814e-004	2.004074e+001
1.220658533359814e-004	1.972091e+001
1.230424158359814e-004	1.941036e+001
1.240189783359814e-004	1.910886e+001
1.249955408359814e-004	1.881618e+001
1.259721033359814e-004	1.853208e+001
1.269486658359814e-004	1.825636e+001
1.279252283359814e-004	1.798880e+001
1.289017908359814e-004	1.772917e+001
1.298783533359814e-004	1.747726e+001
1.308549158359814e-004	1.723288e+001
1.318314783359814e-004	1.699581e+001
1.328080408359814e-004	1.676586e+001
1.337846033359814e-004	1.654282e+001
1.347611658359814e-004	1.632651e+001
1.357377283359814e-004	1.611674e+001
1.367142908359814e-004	1.591333e+001
1.376908533359814e-004	1.571609e+001
1.386674158359814e-004	1.552486e+001
1.396439783359814e-004	1.533946e+001
1.406205408359814e-004	1.515972e+001
1.415971033359814e-004	1.498548e+001
1.425736658359814e-004	1.481658e+001
1.435502283359814e-004	1.465287e+001
1.445267908359814e-004	1.449419e+001
1.455033533359814e-004	1.434040e+001
1.464799158359814e-004	1.419135e+001
1.474564783359814e-004	1.404691e+001
1.484330408359814e-004	1.390693e+001
1.494096033359814e-004	1.377129e+001
1.503861658359814e-004	1.363985e+001
1.513627283359814e-004	1.351250e+001
1.523392908359814e-004	1.338910e+001
1.533158533359814e-004	1.326929e+001
1.540234375000000e-004	1.318499e+001
1.550000000000000e-004	1.307150e+001
1.550870754429364e-004	1.283898e+001
1.552612263288091e-004	1.224640e+001
1.556095281005546e-004	9.930886e+000
1.561992231344569e-004	3.836670e+000
1.565512151938650e-004	1.069226e+000
1.570037661302433e-004	3.044019e-002
1.573277837779168e-004	1.087098e-003
1.576803720338082e-004	1.038187e-003
1.583855485455911e-004	9.288109e-004
1.590234375000000e-004	8.186778e-004
1.600000000000000e-004	5.535203e-004
1.600022303936655e-004	4.279967e-004
1.600066911809966e-004	2.020252e-004
1.600094228919556e-004	1.105856e-004
1.600106236645586e-004	8.913856e-005
1.600125047906161e-004	6.687659e-005
1.600143168949634e-004	5.146626e-005
1.600162204446943e-004	4.044397e-005
1.600182829345304e-004	3.236624e-005
1.600203344101205e-004	2.702638e-005
1.600224805369587e-004	2.337496e-005
1.600246580118940e-004	2.098309e-005
1.600270313202207e-004	1.933438e-005
1.600295150657899e-004	1.827586e-005
1.600323586858251e-004	1.756269e-005
1.600354338276605e-004	1.713627e-005
1.600392208010331e-004	1.686771e-005
1.600434898316438e-004	1.673113e-005
1.600493206574814e-004	1.665887e-005
1.600563005771027e-004	1.663340e-005
1.601135055005213e-004	1.661771e-005
1.626161627553179e-004	1.634289e-005
1.651188200101146e-004	1.607423e-005
1.676214772649113e-004	1.581174e-005
1.701241345197079e-004	1.555540e-005
1.726267917745046e-004	1.530523e-005
1.751294490293012e-004	1.506122e-005
1.776321062840979e-004	1.482337e-005
1.795852312840979e-004	1.464133e-005
1.805617937840979e-004	1.455157e-005
1.815383562840979e-004	1.446263e-005
1.825149187840979e-004	1.437451e-005
1.834914812840979e-004	1.428720e-005
1.844680437840979e-004	1.420068e-005
1.854446062840979e-004	1.411496e-005
1.864211687840979e-004	1.403002e-005
1.873977312840979e-004	1.394585e-005
1.883742937840979e-004	1.386245e-005
1.893508562840979e-004	1.377981e-005
1.903274187840979e-004	1.369792e-005
1.913039812840979e-004	1.361677e-005
1.922805437840979e-004	1.353635e-005
1.932571062840979e-004	1.345667e-005
1.942336687840979e-004	1.337770e-005
1.952102312840979e-004	1.329944e-005
1.961867937840979e-004	1.322188e-005
1.971633562840979e-004	1.314501e-005
1.981399187840979e-004	1.306883e-005
1.991164812840979e-004	1.299331e-005
2.000000000000000e-004	1.316860e-005
2.000019444370317e-004	-1.239456e-004
2.000058333110950e-004	-3.151288e-004
2.000112797027770e-004	-4.504788e-004
2.000152835058685e-004	-4.876981e-004
2.000199400176055e-004	-5.005180e-004
2.000274406674451e-004	-5.070888e-004
2.000713776844636e-004	-5.143932e-004
2.002449919885002e-004	-5.358129e-004
2.004764777272156e-004	-5.664301e-004
2.009394492046465e-004	-6.337699e-004
2.018653921595083e-004	-7.800444e-004
2.028419546595083e-004	5.574707e-001
2.037170078073124e-004	3.824072e+000
2.040234375000000e-004	8.488701e+000
2.044289675666221e-004	1.832029e+001
2.046770507178203e-004	2.333667e+001
2.046967755333012e-004	2.359607e+001
2.047362251642632e-004	2.398337e+001
2.048422014761523e-004	2.492316e+001
2.050000000000000e-004	2.601058e+001
2.050103644423917e-004	2.602901e+001
2.050310933271752e-004	2.604018e+001
2.050725510967420e-004	2.602595e+001
2.051554666358758e-004	2.598375e+001
2.052895121121695e-004	2.591684e+001
2.055576030647571e-004	2.578357e+001
2.060937849699321e-004	2.552059e+001
2.070703474699321e-004	2.505044e+001
2.080469099699321e-004	2.459130e+001
2.090234724699321e-004	2.414440e+001
2.100000349699321e-004	2.370953e+001
2.109765974699321e-004	2.328646e+001
2.119531599699321e-004	2.287498e+001
2.129297224699321e-004	2.247485e+001
2.139062849699321e-004	2.208583e+001
2.148828474699321e-004	2.170770e+001
2.158594099699321e-004	2.134020e+001
2.168359724699321e-004	2.098312e+001
2.178125349699321e-004	2.063620e+001
2.187890974699321e-004	2.029921e+001
2.197656599699321e-004	1.997192e+001
2.217187849699321e-004	1.934548e+001
2.238114188985036e-004	1.871926e+001
2.259040528270750e-004	1.812700e+001
2.279966867556464e-004	1.756868e+001
2.300893206842179e-004	1.704432e+001
2.321819546127893e-004	1.655390e+001
2.342745885413607e-004	1.609744e+001
2.363672224699322e-004	1.567492e+001
2.392969099699322e-004	1.512220e+001
2.412500349699322e-004	1.478407e+001
2.432031599699322e-004	1.446376e+001
2.451562849699322e-004	1.416127e+001
2.471094099699322e-004	1.387661e+001
2.490625349699322e-004	1.360976e+001
2.510156599699322e-004	1.336074e+001
2.529687849699322e-004	1.312953e+001
2.539453474699322e-004	1.301727e+001
2.541796175601357e-004	1.299102e+001
2.544919776804072e-004	1.295648e+001
2.550000000000000e-004	1.290077e+001
2.550508022319593e-004	1.277759e+001
2.551524066958779e-004	1.248666e+001
2.553556156237150e-004	1.172379e+001
2.557029708176766e-004	9.203937e+000
2.562553958448818e-004	3.211311e+000
2.565699602650484e-004	7.913529e-001
2.569592390906078e-004	2.001604e-002
2.572533577952396e-004	1.097548e-003
2.576097442809991e-004	1.050155e-003
2.583225172525182e-004	9.410108e-004
2.590234375000000e-004	8.208922e-004
2.600000000000000e-004	4.948339e-004
2.600024902316365e-004	4.062196e-004
2.600074706949094e-004	1.834713e-004
2.600099707908386e-004	1.032190e-004
2.600111274181590e-004	8.435777e-005
2.600129374124153e-004	6.435798e-005
2.600148303066031e-004	4.930353e-005
2.600167870671982e-004	3.872406e-005
2.600188593263261e-004	3.120816e-005
2.600209052751070e-004	2.630017e-005
2.600230783041238e-004	2.289685e-005
2.600252644178753e-004	2.069466e-005
2.600277046690743e-004	1.914655e-005
2.600301941586946e-004	1.818720e-005
2.600331757538013e-004	1.751672e-005
2.600362518900192e-004	1.714179e-005
2.600403421214207e-004	1.689094e-005
2.600445996055678e-004	1.677816e-005
2.600511845674318e-004	1.671268e-005
2.600581337697909e-004	1.669469e-005
2.625475949492883e-004	1.641608e-005
2.650370561287857e-004	1.614443e-005
2.675265173082831e-004	1.587974e-005
2.700159784877805e-004	1.562201e-005
2.725054396672779e-004	1.537124e-005
2.749949008467753e-004	1.512743e-005
2.774843620262727e-004	1.489058e-005
2.794374870262727e-004	1.470731e-005
2.804140495262727e-004	1.461694e-005
2.813906120262727e-004	1.452740e-005
2.823671745262727e-004	1.443868e-005
2.833437370262727e-004	1.435078e-005
2.843202995262727e-004	1.426369e-005
2.852968620262727e-004	1.417739e-005
2.862734245262727e-004	1.409188e-005
2.872499870262727e-004	1.400715e-005
2.882265495262727e-004	1.392319e-005
2.892031120262727e-004	1.383999e-005
2.901796745262727e-004	1.375756e-005
2.911562370262727e-004	1.367587e-005
2.921327995262727e-004	1.359492e-005
2.931093620262727e-004	1.351470e-005
2.940859245262727e-004	1.343521e-005
2.950624870262727e-004	1.335643e-005
2.960390495262727e-004	1.327836e-005
2.970156120262727e-004	1.320099e-005
2.979921745262727e-004	1.312431e-005
2.989687370262727e-004	1.304787e-005
2.991328384474546e-004	1.303559e-005
2.993516403423636e-004	1.301859e-005
2.996106723727264e-004	1.299892e-005
2.997996747046296e-004	1.298412e-005
3.000000000000000e-004	1.353564e-005
3.000004415334154e-004	-2.935925e-005
3.000013246002463e-004	-1.091292e-004
3.000021840795608e-004	-1.764775e-004
3.000029979174572e-004	-2.281338e-004
3.000045091235645e-004	-3.028354e-004
3.000061867537280e-004	-3.628616e-004
3.000087645805572e-004	-4.222265e-004
3.000117967241840e-004	-4.620902e-004
3.000163880562740e-004	-4.902292e-004
3.000224497113707e-004	-5.041568e-004
3.000324808237897e-004	-5.102120e-004
3.003208661805382e-004	-5.479977e-004
3.006092515372867e-004	-5.875303e-004
3.008976368940352e-004	-6.288100e-004
3.011860222507837e-004	-6.718368e-004
3.014744076075322e-004	-7.166105e-004
3.017627929642807e-004	-7.631314e-004
3.020511783210292e-004	-8.113993e-004
3.030277408210292e-004	5.440673e-001
3.036931595369561e-004	3.413052e+000
3.040234375000000e-004	8.498534e+000
3.045210220883207e-004	2.014928e+001
3.047104164967822e-004	2.331920e+001
3.050000000000000e-004	2.586890e+001
3.050289583503218e-004	2.588914e+001
3.050868750509654e-004	2.588380e+001
3.052027084522526e-004	2.582802e+001
3.053848775608794e-004	2.573715e+001
3.057492157781331e-004	2.555861e+001
3.064778922126404e-004	2.520616e+001
3.074544547126404e-004	2.474371e+001
3.084310172126404e-004	2.429273e+001
3.094075797126404e-004	2.385386e+001
3.103841422126404e-004	2.342686e+001
3.113607047126404e-004	2.301153e+001
3.123372672126404e-004	2.260761e+001
3.133138297126404e-004	2.221490e+001
3.142903922126404e-004	2.183315e+001
3.152669547126404e-004	2.146212e+001
3.162435172126404e-004	2.110157e+001
3.172200797126404e-004	2.075128e+001
3.181966422126404e-004	2.041098e+001
3.191732047126404e-004	2.008047e+001
3.201497672126404e-004	1.975950e+001
3.211263297126404e-004	1.944783e+001
3.221028922126404e-004	1.914523e+001
3.230794547126404e-004	1.885148e+001
3.240560172126404e-004	1.856635e+001
3.250325797126404e-004	1.828962e+001
3.260091422126404e-004	1.802107e+001
3.269857047126404e-004	1.776048e+001
3.279622672126404e-004	1.750764e+001
3.289388297126404e-004	1.726235e+001
3.299153922126404e-004	1.702440e+001
3.308919547126404e-004	1.679359e+001
3.318685172126404e-004	1.656971e+001
3.328450797126404e-004	1.635259e+001
3.338216422126404e-004	1.614204e+001
3.347982047126404e-004	1.593786e+001
3.357747672126404e-004	1.573988e+001
3.367513297126404e-004	1.554792e+001
3.377278922126404e-004	1.536181e+001
3.387044547126404e-004	1.518139e+001
3.396810172126404e-004	1.500649e+001
3.406575797126404e-004	1.483694e+001
3.416341422126404e-004	1.467260e+001
3.426107047126404e-004	1.451332e+001
3.435872672126404e-004	1.435894e+001
3.445638297126404e-004	1.420932e+001
3.455403922126404e-004	1.406432e+001
3.465169547126404e-004	1.392380e+001
3.474935172126404e-004	1.378764e+001
3.484700797126404e-004	1.365570e+001
3.494466422126404e-004	1.352785e+001
3.504232047126404e-004	1.340397e+001
3.513997672126404e-004	1.328395e+001
3.523763297126404e-004	1.316766e+001
3.533528922126404e-004	1.305473e+001
3.540234375000001e-004	1.297942e+001
3.550000000000000e-004	1.287241e+001
3.550873322491366e-004	1.264386e+001
3.552619967474098e-004	1.206127e+001
3.556113257439561e-004	9.781271e+000
3.562027887128461e-004	3.777735e+000
3.565575411033395e-004	1.043679e+000
3.570139825958296e-004	2.640045e-002
3.573410017123293e-004	1.087123e-003
3.576971185950775e-004	1.037734e-003
3.584093523605738e-004	9.270933e-004
3.590234375000001e-004	8.210316e-004
3.600000000000000e-004	5.584449e-004
3.600022290793600e-004	4.309539e-004
3.600066872380798e-004	2.033833e-004
3.600094269100119e-004	1.112534e-004
3.600106298583079e-004	8.965393e-005
3.600125145117373e-004	6.724209e-005
3.600143275137558e-004	5.174980e-005
3.600162325829183e-004	4.066527e-005
3.600182975905631e-004	3.253755e-005
3.600203519960997e-004	2.716324e-005
3.600225004839696e-004	2.348959e-005
3.600246811065435e-004	2.108231e-005
3.600270564953091e-004	1.942397e-005
3.600295444784443e-004	1.835833e-005
3.600323897374428e-004	1.764123e-005
3.600354712764080e-004	1.721175e-005
3.600392585946795e-004	1.694184e-005
3.600435387716621e-004	1.680418e-005
3.600493658660691e-004	1.673162e-005
3.600563693217648e-004	1.670590e-005
3.601137739501081e-004	1.669013e-005
3.601752063948566e-004	1.668346e-005
3.626697230700677e-004	1.640784e-005
3.651642397452788e-004	1.613840e-005
3.676587564204900e-004	1.587515e-005
3.701532730957011e-004	1.561809e-005
3.726477897709123e-004	1.536723e-005
3.751423064461234e-004	1.512256e-005
3.776368231213345e-004	1.488407e-005
3.795899481213345e-004	1.470092e-005
3.805665106213345e-004	1.461061e-005
3.815430731213345e-004	1.452113e-005
3.825196356213345e-004	1.443247e-005
3.834961981213345e-004	1.434463e-005
3.844727606213345e-004	1.425759e-005
3.854493231213345e-004	1.417134e-005
3.864258856213345e-004	1.408589e-005
3.874024481213345e-004	1.400121e-005
3.883790106213345e-004	1.391731e-005
3.893555731213345e-004	1.383417e-005
3.903321356213346e-004	1.375178e-005
3.913086981213346e-004	1.367014e-005
3.922852606213346e-004	1.358925e-005
3.932618231213346e-004	1.350908e-005
3.942383856213346e-004	1.342964e-005
3.952149481213346e-004	1.335091e-005
3.961915106213346e-004	1.327290e-005
3.971680731213346e-004	1.319557e-005
3.981446356213346e-004	1.311893e-005
3.990234375000000e-004	1.305055e-005
4.000000000000000e-004	1.320843e-005
4.000021491327200e-004	-1.330642e-004
4.000064473981600e-004	-3.339251e-004
4.000119334086719e-004	-4.590887e-004
4.000161191084055e-004	-4.924653e-004
4.000209642962212e-004	-5.035868e-004
4.000292469646604e-004	-5.093783e-004
4.001447276714320e-004	-5.248517e-004
4.002767056220281e-004	-5.415219e-004
4.005406615232203e-004	-5.770915e-004
4.010685733256048e-004	-6.554862e-004
4.020451358256048e-004	-8.107075e-004
4.030216983256048e-004	5.394280e-001
4.036922858423115e-004	3.412283e+000
4.040234375000000e-004	8.497660e+000
4.045221829796686e-004	2.016405e+001
4.047095817597289e-004	2.329629e+001
4.050000000000000e-004	2.584753e+001
4.050290418240272e-004	2.586768e+001
4.050871254720814e-004	2.586222e+001
4.052032927681898e-004	2.580632e+001
4.053859460199800e-004	2.571533e+001
4.057512525235605e-004	2.553653e+001
4.064818655307215e-004	2.518358e+001
4.074584280307215e-004	2.472172e+001
4.084349905307215e-004	2.427133e+001
4.094115530307215e-004	2.383304e+001
4.103881155307215e-004	2.340660e+001
4.113646780307215e-004	2.299183e+001
4.123412405307215e-004	2.258846e+001
4.133178030307215e-004	2.219628e+001
4.142943655307215e-004	2.181504e+001
4.152709280307215e-004	2.144453e+001
4.162474905307215e-004	2.108448e+001
4.172240530307215e-004	2.073467e+001
4.182006155307215e-004	2.039486e+001
4.191771780307215e-004	2.006481e+001
4.201537405307215e-004	1.974428e+001
4.211303030307215e-004	1.943306e+001
4.221068655307215e-004	1.913089e+001
4.230834280307215e-004	1.883756e+001
4.240599905307215e-004	1.855284e+001
4.250365530307215e-004	1.827651e+001
4.260131155307215e-004	1.800835e+001
4.269896780307215e-004	1.774814e+001
4.279662405307215e-004	1.749567e+001
4.289428030307215e-004	1.725073e+001
4.299193655307215e-004	1.701313e+001
4.308959280307215e-004	1.678265e+001
4.318724905307215e-004	1.655911e+001
4.328490530307215e-004	1.634231e+001
4.338256155307215e-004	1.613206e+001
4.348021780307215e-004	1.592819e+001
4.357787405307215e-004	1.573050e+001
4.367553030307215e-004	1.553883e+001
4.377318655307215e-004	1.535300e+001
4.387084280307216e-004	1.517285e+001
4.396849905307216e-004	1.499820e+001
4.406615530307216e-004	1.482892e+001
4.416381155307216e-004	1.466482e+001
4.426146780307216e-004	1.450578e+001
4.435912405307216e-004	1.435163e+001
4.445678030307216e-004	1.420224e+001
4.455443655307216e-004	1.405746e+001
4.465209280307216e-004	1.391715e+001
4.474974905307216e-004	1.378119e+001
4.484740530307216e-004	1.364945e+001
4.494506155307216e-004	1.352179e+001
4.504271780307216e-004	1.339811e+001
4.514037405307216e-004	1.327827e+001
4.523803030307216e-004	1.316216e+001
4.533568655307216e-004	1.304940e+001
4.540234375000001e-004	1.297464e+001
4.550000000000000e-004	1.286778e+001
4.550873382429076e-004	1.263932e+001
4.552620147287227e-004	1.205697e+001
4.556113677003529e-004	9.777795e+000
4.562028705623375e-004	3.776384e+000
4.565576880194644e-004	1.043100e+000
4.570142209641214e-004	2.631022e-002
4.573413116993439e-004	1.087123e-003
4.576975124238621e-004	1.037723e-003
4.584099138728986e-004	9.270519e-004
4.590234375000001e-004	8.210863e-004
4.600000000000000e-004	5.585573e-004
4.600022290489319e-004	4.310217e-004
4.600066871467956e-004	2.034147e-004
4.600094270036724e-004	1.112689e-004
4.600106300025073e-004	8.966584e-005
4.600125147380608e-004	6.725054e-005
4.600143277611208e-004	5.175636e-005
4.600162328659044e-004	4.067039e-005
4.600182979322473e-004	3.254152e-005
4.600203524060046e-004	2.716642e-005
4.600225009492510e-004	2.349225e-005
4.600246816451065e-004	2.108462e-005
4.600270570833502e-004	1.942606e-005
4.600295451650171e-004	1.836025e-005
4.600323904645035e-004	1.764306e-005
4.600354721519966e-004	1.721351e-005
4.600392594835376e-004	1.694357e-005
4.600435399189679e-004	1.680588e-005
4.600493669395702e-004	1.673331e-005
4.600563709407745e-004	1.670759e-005
4.601137802449777e-004	1.669181e-005
4.626170877269206e-004	1.641512e-005
4.651203952088634e-004	1.614464e-005
4.676237026908063e-004	1.588038e-005
4.701270101727491e-004	1.562234e-005
4.726303176546920e-004	1.537050e-005
4.751336251366348e-004	1.512489e-005
4.776369326185777e-004	1.488549e-005
4.795900576185777e-004	1.470231e-005
4.805666201185777e-004	1.461199e-005
4.815431826185777e-004	1.452249e-005
4.825197451185777e-004	1.443382e-005
4.834963076185777e-004	1.434596e-005
4.844728701185777e-004	1.425891e-005
4.854494326185777e-004	1.417266e-005
4.864259951185777e-004	1.408719e-005
4.874025576185777e-004	1.400250e-005
4.883791201185777e-004	1.391858e-005
4.893556826185777e-004	1.383543e-005
4.903322451185777e-004	1.375304e-005
4.913088076185777e-004	1.367139e-005
4.922853701185777e-004	1.359048e-005
4.932619326185777e-004	1.351030e-005
4.942384951185777e-004	1.343085e-005
4.952150576185777e-004	1.335211e-005
4.961916201185777e-004	1.327408e-005
4.971681826185777e-004	1.319675e-005
4.981447451185777e-004	1.312010e-005
4.990234375000000e-004	1.305172e-005
5.000000000000000e-004	1.320936e-005
5.000021491327835e-004	-1.330713e-004
5.000064473983506e-004	-3.339442e-004
5.000119335173274e-004	-4.591189e-004
5.000161192657162e-004	-4.924988e-004
5.000209645170214e-004	-5.036215e-004
5.000292471729129e-004	-5.094137e-004
5.001447277018764e-004	-5.248886e-004
5.002767054492633e-004	-5.415602e-004
5.005406609440370e-004	-5.771326e-004
5.010685719335843e-004	-6.555317e-004
5.020451344335843e-004	-8.107548e-004
5.030216969335843e-004	5.395635e-001
5.036923306027251e-004	3.412704e+000
5.040234375000000e-004	8.496964e+000
5.045222479532761e-004	2.016335e+001
5.047095209617145e-004	2.329277e+001
5.050000000000000e-004	2.584369e+001
5.050290479038286e-004	2.586382e+001
5.050871437114857e-004	2.585836e+001
5.052033353267999e-004	2.580246e+001
5.053860277141431e-004	2.571147e+001
5.057514124888294e-004	2.553267e+001
5.064821820382018e-004	2.517973e+001
5.074587445382018e-004	2.471796e+001
5.084353070382018e-004	2.426767e+001
5.094118695382018e-004	2.382948e+001
5.103884320382018e-004	2.340314e+001
5.113649945382018e-004	2.298846e+001
5.123415570382018e-004	2.258518e+001
5.133181195382018e-004	2.219310e+001
5.142946820382018e-004	2.181195e+001
5.152712445382018e-004	2.144152e+001
5.162478070382018e-004	2.108155e+001
5.172243695382018e-004	2.073183e+001
5.182009320382018e-004	2.039210e+001
5.191774945382019e-004	2.006213e+001
5.201540570382019e-004	1.974168e+001
5.211306195382019e-004	1.943053e+001
5.221071820382019e-004	1.912844e+001
5.230837445382019e-004	1.883519e+001
5.240603070382019e-004	1.855053e+001
5.250368695382019e-004	1.827427e+001
5.260134320382019e-004	1.800617e+001
5.269899945382019e-004	1.774603e+001
5.279665570382019e-004	1.749362e+001
5.289431195382019e-004	1.724875e+001
5.299196820382019e-004	1.701120e+001
5.308962445382019e-004	1.678078e+001
5.318728070382019e-004	1.655730e+001
5.328493695382019e-004	1.634055e+001
5.338259320382019e-004	1.613036e+001
5.348024945382019e-004	1.592653e+001
5.357790570382019e-004	1.572890e+001
5.367556195382019e-004	1.553728e+001
5.377321820382019e-004	1.535149e+001
5.387087445382019e-004	1.517139e+001
5.396853070382019e-004	1.499679e+001
5.406618695382019e-004	1.482754e+001
5.416384320382019e-004	1.466349e+001
5.426149945382019e-004	1.450449e+001
5.435915570382019e-004	1.435038e+001
5.445681195382019e-004	1.420103e+001
5.455446820382019e-004	1.405628e+001
5.465212445382019e-004	1.391601e+001
5.474978070382019e-004	1.378009e+001
5.484743695382019e-004	1.364838e+001
5.494509320382019e-004	1.352076e+001
5.504274945382019e-004	1.339711e+001
5.514040570382019e-004	1.327730e+001
5.523806195382019e-004	1.316122e+001
5.533571820382019e-004	1.304849e+001
5.540234375000001e-004	1.297379e+001
5.550000000000001e-004	1.286695e+001
5.550873393151075e-004	1.263851e+001
5.552620179453224e-004	1.205620e+001
5.556113752057521e-004	9.777171e+000
5.562028853323399e-004	3.776141e+000
5.565577144472347e-004	1.042996e+000
5.570142637508828e-004	2.629401e-002
5.573413673124544e-004	1.087123e-003
5.576975831034335e-004	1.037721e-003
5.584100146853919e-004	9.270444e-004
5.590234375000001e-004	8.210961e-004
5.600000000000001e-004	5.585771e-004
5.600022290436037e-004	4.310338e-004
5.600066871308112e-004	2.034202e-004
5.600094270206646e-004	1.112716e-004
5.600106300285408e-004	8.966796e-005
5.600125147787950e-004	6.725205e-005
5.600143278056909e-004	5.175753e-005
5.600162329169229e-004	4.067130e-005
5.600182979938110e-004	3.254224e-005
5.600203524798034e-004	2.716699e-005
5.600225010330487e-004	2.349272e-005
5.600246817420520e-004	2.108503e-005
5.600270571893316e-004	1.942643e-005
5.600295452886538e-004	1.836060e-005
5.600323905957519e-004	1.764338e-005
5.600354723098190e-004	1.721382e-005
5.600392596445106e-004	1.694388e-005
5.600435401261099e-004	1.680619e-005
5.600493671353504e-004	1.673361e-005
5.600563712339086e-004	1.670789e-005
5.601137813775140e-004	1.669212e-005
5.626170914883592e-004	1.641542e-005
5.651204015992043e-004	1.614493e-005
5.676237117100495e-004	1.588066e-005
5.701270218208946e-004	1.562261e-005
5.726303319317398e-004	1.537077e-005
5.751336420425849e-004	1.512515e-005
5.776369521534301e-004	1.488574e-005
5.795900771534301e-004	1.470256e-005
5.805666396534301e-004	1.461223e-005
5.815432021534301e-004	1.452274e-005
5.825197646534301e-004	1.443406e-005
5.834963271534301e-004	1.434620e-005
5.844728896534301e-004	1.425915e-005
5.854494521534301e-004	1.417289e-005
5.864260146534301e-004	1.408742e-005
5.874025771534301e-004	1.400273e-005
5.883791396534301e-004	1.391882e-005
5.893557021534301e-004	1.383566e-005
5.903322646534301e-004	1.375326e-005
5.913088271534301e-004	1.367161e-005
5.922853896534301e-004	1.359070e-005
5.932619521534301e-004	1.351052e-005
5.942385146534301e-004	1.343107e-005
5.952150771534301e-004	1.335233e-005
5.961916396534301e-004	1.327430e-005
5.971682021534301e-004	1.319696e-005
5.981447646534301e-004	1.312031e-005
5.990234375000001e-004	1.305193e-005
6.000000000000001e-004	1.320953e-005
6.000021491327950e-004	-1.330725e-004
6.000064473983848e-004	-3.339476e-004
6.000119335368177e-004	-4.591243e-004
6.000161192939340e-004	-4.925048e-004
6.000209645566275e-004	-5.036278e-004
6.000292472102695e-004	-5.094200e-004
6.001447277073757e-004	-5.248953e-004
6.002767054183544e-004	-5.415671e-004
6.005406608403117e-004	-5.771400e-004
6.010685716842264e-004	-6.555399e-004
6.020451341842264e-004	-8.107633e-004
6.030216966842264e-004	5.395877e-001
6.036923386306024e-004	3.412779e+000
6.040234375000001e-004	8.496838e+000
6.045222596076405e-004	2.016323e+001
6.047095100499389e-004	2.329214e+001
6.050000000000001e-004	2.584300e+001
6.050290489950062e-004	2.586313e+001
6.050871469850184e-004	2.585767e+001
6.052033429650429e-004	2.580177e+001
6.053860423772606e-004	2.571078e+001
6.057514412016961e-004	2.553198e+001
6.064822388505671e-004	2.517903e+001
6.074588013505671e-004	2.471729e+001
6.084353638505671e-004	2.426701e+001
6.094119263505671e-004	2.382884e+001
6.103884888505671e-004	2.340252e+001
6.113650513505671e-004	2.298785e+001
6.123416138505671e-004	2.258459e+001
6.133181763505671e-004	2.219252e+001
6.142947388505671e-004	2.181139e+001
6.152713013505671e-004	2.144098e+001
6.162478638505671e-004	2.108103e+001
6.172244263505671e-004	2.073132e+001
6.182009888505671e-004	2.039160e+001
6.191775513505671e-004	2.006165e+001
6.201541138505671e-004	1.974122e+001
6.211306763505671e-004	1.943008e+001
6.221072388505671e-004	1.912800e+001
6.230838013505672e-004	1.883476e+001
6.240603638505672e-004	1.855012e+001
6.250369263505672e-004	1.827387e+001
6.260134888505672e-004	1.800578e+001
6.269900513505672e-004	1.774565e+001
6.279666138505672e-004	1.749325e+001
6.289431763505672e-004	1.724839e+001
6.299197388505672e-004	1.701085e+001
6.308963013505672e-004	1.678045e+001
6.318728638505672e-004	1.655697e+001
6.328494263505672e-004	1.634024e+001
6.338259888505672e-004	1.613005e+001
6.348025513505672e-004	1.592624e+001
6.357791138505672e-004	1.572861e+001
6.367556763505672e-004	1.553700e+001
6.377322388505672e-004	1.535122e+001
6.387088013505672e-004	1.517112e+001
6.396853638505672e-004	1.499653e+001
6.406619263505672e-004	1.482730e+001
6.416384888505672e-004	1.466326e+001
6.426150513505672e-004	1.450426e+001
6.435916138505672e-004	1.435016e+001
6.445681763505672e-004	1.420081e+001
6.455447388505672e-004	1.405607e+001
6.465213013505672e-004	1.391581e+001
6.474978638505672e-004	1.377989e+001
6.484744263505672e-004	1.364819e+001
6.494509888505672e-004	1.352057e+001
6.504275513505672e-004	1.339692e+001
6.514041138505672e-004	1.327712e+001
6.523806763505672e-004	1.316105e+001
6.533572388505672e-004	1.304832e+001
6.540234375000001e-004	1.297363e+001
6.550000000000001e-004	1.286680e+001
6.550873395074143e-004	1.263836e+001
6.552620185222427e-004	1.205606e+001
6.556113765518993e-004	9.777060e+000
6.562028879812772e-004	3.776097e+000
6.565577191871806e-004	1.042977e+000
6.570142714250297e-004	2.629110e-002
6.573413772873450e-004	1.087123e-003
6.576975957808539e-004	1.037720e-003
6.584100327678714e-004	9.270431e-004
6.590234375000001e-004	8.210979e-004
6.600000000000001e-004	5.585807e-004
6.600022290426483e-004	4.310359e-004
6.600066871279446e-004	2.034213e-004
6.600094270237124e-004	1.112721e-004
6.600106300332102e-004	8.966834e-005
6.600125147861011e-004	6.725232e-005
6.600143278136848e-004	5.175774e-005
6.600162329260735e-004	4.067147e-005
6.600182980048529e-004	3.254236e-005
6.600203524930398e-004	2.716709e-005
6.600225010480785e-004	2.349281e-005
6.600246817594400e-004	2.108511e-005
6.600270572083403e-004	1.942650e-005
6.600295453108294e-004	1.836066e-005
6.600323906192927e-004	1.764344e-005
6.600354723381260e-004	1.721388e-005
6.600392596733841e-004	1.694393e-005
6.600435401632630e-004	1.680624e-005
6.600493671704725e-004	1.673367e-005
6.600563712864818e-004	1.670795e-005
6.601137815806171e-004	1.669217e-005
6.626170921628305e-004	1.641547e-005
6.651204027450441e-004	1.614498e-005
6.676237133272575e-004	1.588071e-005
6.701270239094709e-004	1.562266e-005
6.726303344916844e-004	1.537082e-005
6.751336450738979e-004	1.512519e-005
6.776369556561113e-004	1.488579e-005
6.795900806561113e-004	1.470260e-005
6.805666431561113e-004	1.461228e-005
6.815432056561113e-004	1.452278e-005
6.825197681561113e-004	1.443411e-005
6.834963306561113e-004	1.434625e-005
6.844728931561113e-004	1.425919e-005
6.854494556561113e-004	1.417293e-005
6.864260181561113e-004	1.408746e-005
6.874025806561113e-004	1.400277e-005
6.883791431561113e-004	1.391886e-005
6.893557056561114e-004	1.383570e-005
6.903322681561114e-004	1.375330e-005
6.913088306561114e-004	1.367165e-005
6.922853931561114e-004	1.359074e-005
6.932619556561114e-004	1.351056e-005
6.942385181561114e-004	1.343111e-005
6.952150806561114e-004	1.335237e-005
6.961916431561114e-004	1.327434e-005
6.971682056561114e-004	1.319700e-005
6.981447681561114e-004	1.312035e-005
6.990234375000001e-004	1.305196e-005
7.000000000000001e-004	1.320956e-005
7.000021491327971e-004	-1.330728e-004
7.000064473983910e-004	-3.339482e-004
7.000119335403134e-004	-4.591253e-004
7.000161192989949e-004	-4.925058e-004
7.000209645637308e-004	-5.036289e-004
7.000292472169689e-004	-5.094211e-004
7.001447277083778e-004	-5.248964e-004
7.002767054128451e-004	-5.415683e-004
7.005406608217797e-004	-5.771414e-004
7.010685716396488e-004	-6.555413e-004
7.020451341396488e-004	-8.107648e-004
7.030216966396488e-004	5.395921e-001
7.036923400704520e-004	3.412792e+000
7.040234375000000e-004	8.496816e+000
7.045222616979080e-004	2.016320e+001
7.047095080926465e-004	2.329202e+001
7.050000000000000e-004	2.584287e+001
7.050290491907354e-004	2.586301e+001
7.050871475722061e-004	2.585754e+001
7.052033443351475e-004	2.580165e+001
7.053860450074803e-004	2.571065e+001
7.057514463521458e-004	2.553186e+001
7.064822490414768e-004	2.517891e+001
7.074588115414768e-004	2.471717e+001
7.084353740414768e-004	2.426690e+001
7.094119365414768e-004	2.382872e+001
7.103884990414768e-004	2.340241e+001
7.113650615414768e-004	2.298775e+001
7.123416240414768e-004	2.258449e+001
7.133181865414768e-004	2.219242e+001
7.142947490414768e-004	2.181129e+001
7.152713115414768e-004	2.144088e+001
7.162478740414768e-004	2.108094e+001
7.172244365414768e-004	2.073123e+001
7.182009990414768e-004	2.039151e+001
7.191775615414768e-004	2.006156e+001
7.201541240414768e-004	1.974113e+001
7.211306865414768e-004	1.943000e+001
7.221072490414768e-004	1.912792e+001
7.230838115414768e-004	1.883468e+001
7.240603740414768e-004	1.855005e+001
7.250369365414768e-004	1.827380e+001
7.260134990414768e-004	1.800571e+001
7.269900615414768e-004	1.774558e+001
7.279666240414768e-004	1.749319e+001
7.289431865414768e-004	1.724833e+001
7.299197490414768e-004	1.701079e+001
7.308963115414768e-004	1.678039e+001
7.318728740414768e-004	1.655692e+001
7.328494365414768e-004	1.634018e+001
7.338259990414768e-004	1.613000e+001
7.348025615414768e-004	1.592619e+001
7.357791240414768e-004	1.572856e+001
7.367556865414768e-004	1.553695e+001
7.377322490414768e-004	1.535117e+001
7.387088115414768e-004	1.517108e+001
7.396853740414769e-004	1.499649e+001
7.406619365414769e-004	1.482725e+001
7.416384990414769e-004	1.466321e+001
7.426150615414769e-004	1.450422e+001
7.435916240414769e-004	1.435012e+001
7.445681865414769e-004	1.420077e+001
7.455447490414769e-004	1.405603e+001
7.465213115414769e-004	1.391577e+001
7.474978740414769e-004	1.377986e+001
7.484744365414769e-004	1.364816e+001
7.494509990414769e-004	1.352054e+001
7.504275615414769e-004	1.339689e+001
7.514041240414769e-004	1.327709e+001
7.523806865414769e-004	1.316102e+001
7.533572490414769e-004	1.304829e+001
7.540234375000000e-004	1.297360e+001
7.550000000000000e-004	1.286677e+001
7.550873395419052e-004	1.263834e+001
7.552620186257156e-004	1.205603e+001
7.556113767933362e-004	9.777040e+000
7.562028884563649e-004	3.776089e+000
7.565577200373040e-004	1.042974e+000
7.570142728014197e-004	2.629058e-002
7.573413790763922e-004	1.087123e-003
7.576975980546181e-004	1.037720e-003
7.584100360110699e-004	9.270429e-004
7.590234375000000e-004	8.210982e-004
7.600000000000000e-004	5.585813e-004
7.600022290424768e-004	4.310363e-004
7.600066871274303e-004	2.034214e-004
7.600094270242589e-004	1.112722e-004
7.600106300340476e-004	8.966841e-005
7.600125147874114e-004	6.725237e-005
7.600143278151186e-004	5.175778e-005
7.600162329277147e-004	4.067150e-005
7.600182980068333e-004	3.254239e-005
7.600203524954139e-004	2.716710e-005
7.600225010507742e-004	2.349282e-005
7.600246817625586e-004	2.108512e-005
7.600270572117498e-004	1.942651e-005
7.600295453148063e-004	1.836067e-005
7.600323906235149e-004	1.764345e-005
7.600354723432035e-004	1.721389e-005
7.600392596785618e-004	1.694394e-005
7.600435401699267e-004	1.680625e-005
7.600493671767708e-004	1.673368e-005
7.600563712959137e-004	1.670796e-005
7.601137816170650e-004	1.669218e-005
7.626170922839025e-004	1.641548e-005
7.651204029507398e-004	1.614499e-005
7.676237136175773e-004	1.588072e-005
7.701270242844147e-004	1.562267e-005
7.726303349512521e-004	1.537083e-005
7.751336456180895e-004	1.512520e-005
7.776369562849270e-004	1.488579e-005
7.795900812849270e-004	1.470261e-005
7.805666437849270e-004	1.461228e-005
7.815432062849270e-004	1.452279e-005
7.825197687849270e-004	1.443412e-005
7.834963312849270e-004	1.434625e-005
7.844728937849270e-004	1.425920e-005
7.854494562849270e-004	1.417294e-005
7.864260187849270e-004	1.408747e-005
7.874025812849270e-004	1.400278e-005
7.883791437849270e-004	1.391886e-005
7.893557062849270e-004	1.383571e-005
7.903322687849270e-004	1.375331e-005
7.913088312849270e-004	1.367166e-005
7.922853937849270e-004	1.359075e-005
7.932619562849270e-004	1.351057e-005
7.942385187849270e-004	1.343111e-005
7.952150812849270e-004	1.335237e-005
7.961916437849270e-004	1.327434e-005
7.971682062849270e-004	1.319701e-005
7.981447687849270e-004	1.312035e-005
7.990234375000000e-004	1.305197e-005
8.000000000000000e-004	1.320957e-005
8.000021491327973e-004	-1.330728e-004
8.000064473983919e-004	-3.339483e-004
8.000119335409405e-004	-4.591255e-004
8.000161192999029e-004	-4.925061e-004
8.000209645650055e-004	-5.036291e-004
8.000292472181709e-004	-5.094213e-004
8.001447277085537e-004	-5.248967e-004
8.002767054118485e-004	-5.415686e-004
8.005406608184378e-004	-5.771416e-004
8.010685716316166e-004	-6.555416e-004
8.020451341316166e-004	-8.107651e-004
8.030216966316166e-004	5.395929e-001
8.036923403286873e-004	3.412795e+000
8.040234375000001e-004	8.496812e+000
8.045222620728112e-004	2.016320e+001
8.047095077415885e-004	2.329200e+001
8.050000000000001e-004	2.584285e+001
8.050290492258413e-004	2.586299e+001
8.050871476775235e-004	2.585752e+001
8.052033445808881e-004	2.580162e+001
8.053860454792347e-004	2.571063e+001
8.057514472759277e-004	2.553183e+001
8.064822508693139e-004	2.517889e+001
8.074588133693139e-004	2.471715e+001
8.084353758693139e-004	2.426687e+001
8.094119383693139e-004	2.382870e+001
8.103885008693139e-004	2.340239e+001
8.113650633693139e-004	2.298773e+001
8.123416258693139e-004	2.258447e+001
8.133181883693139e-004	2.219240e+001
8.142947508693139e-004	2.181128e+001
8.152713133693139e-004	2.144087e+001
8.162478758693139e-004	2.108092e+001
8.172244383693139e-004	2.073121e+001
8.182010008693139e-004	2.039150e+001
8.191775633693139e-004	2.006155e+001
8.201541258693139e-004	1.974112e+001
8.211306883693139e-004	1.942999e+001
8.221072508693139e-004	1.912791e+001
8.230838133693139e-004	1.883467e+001
8.240603758693139e-004	1.855003e+001
8.250369383693139e-004	1.827378e+001
8.260135008693139e-004	1.800570e+001
8.269900633693139e-004	1.774557e+001
8.279666258693139e-004	1.749318e+001
8.289431883693139e-004	1.724832e+001
8.299197508693139e-004	1.701078e+001
8.308963133693139e-004	1.678038e+001
8.318728758693139e-004	1.655690e+001
8.328494383693139e-004	1.634017e+001
8.338260008693139e-004	1.612999e+001
8.348025633693139e-004	1.592618e+001
8.357791258693139e-004	1.572855e+001
8.367556883693139e-004	1.553694e+001
8.377322508693139e-004	1.535117e+001
8.387088133693139e-004	1.517107e+001
8.396853758693139e-004	1.499648e+001
8.406619383693139e-004	1.482725e+001
8.416385008693139e-004	1.466320e+001
8.426150633693139e-004	1.450421e+001
8.435916258693139e-004	1.435011e+001
8.445681883693139e-004	1.420076e+001
8.455447508693139e-004	1.405603e+001
8.465213133693139e-004	1.391577e+001
8.474978758693139e-004	1.377985e+001
8.484744383693139e-004	1.364815e+001
8.494510008693139e-004	1.352054e+001
8.504275633693139e-004	1.339689e+001
8.514041258693139e-004	1.327709e+001
8.523806883693139e-004	1.316101e+001
8.533572508693139e-004	1.304829e+001
8.540234375000001e-004	1.297360e+001
8.550000000000001e-004	1.286677e+001
8.550873395480913e-004	1.263833e+001
8.552620186442738e-004	1.205603e+001
8.556113768366389e-004	9.777036e+000
8.562028885415725e-004	3.776088e+000
8.565577201897756e-004	1.042973e+000
8.570142730482799e-004	2.629049e-002
8.573413793972644e-004	1.087123e-003
8.576975984624264e-004	1.037720e-003
8.584100365927501e-004	9.270429e-004
8.590234375000001e-004	8.210983e-004
8.600000000000001e-004	5.585814e-004
8.600022290424460e-004	4.310364e-004
8.600066871273381e-004	2.034215e-004
8.600094270243570e-004	1.112722e-004
8.600106300341978e-004	8.966842e-005
8.600125147876464e-004	6.725237e-005
8.600143278153757e-004	5.175778e-005
8.600162329280091e-004	4.067150e-005
8.600182980071885e-004	3.254239e-005
8.600203524958397e-004	2.716711e-005
8.600225010512577e-004	2.349283e-005
8.600246817631180e-004	2.108512e-005
8.600270572123611e-004	1.942651e-005
8.600295453155199e-004	1.836067e-005
8.600323906242720e-004	1.764346e-005
8.600354723441140e-004	1.721389e-005
8.600392596794903e-004	1.694395e-005
8.600435401711231e-004	1.680625e-005
8.600493671778987e-004	1.673368e-005
8.600563712976045e-004	1.670796e-005
8.601137816235399e-004	1.669218e-005
8.626170923053549e-004	1.641548e-005
8.651204029871698e-004	1.614499e-005
8.676237136689848e-004	1.588072e-005
8.701270243507996e-004	1.562267e-005
8.726303350326146e-004	1.537083e-005
8.751336457144296e-004	1.512520e-005
8.776369563962445e-004	1.488579e-005
8.795900813962445e-004	1.470261e-005
8.805666438962445e-004	1.461229e-005
8.815432063962445e-004	1.452279e-005
8.825197688962445e-004	1.443412e-005
8.834963313962445e-004	1.434626e-005
8.844728938962445e-004	1.425920e-005
8.854494563962445e-004	1.417294e-005
8.864260188962445e-004	1.408747e-005
8.874025813962445e-004	1.400278e-005
8.883791438962445e-004	1.391886e-005
8.893557063962445e-004	1.383571e-005
8.903322688962445e-004	1.375331e-005
8.913088313962446e-004	1.367166e-005
8.922853938962446e-004	1.359075e-005
8.932619563962446e-004	1.351057e-005
8.942385188962446e-004	1.343111e-005
8.952150813962446e-004	1.335237e-005
8.961916438962446e-004	1.327434e-005
8.971682063962446e-004	1.319701e-005
8.981447688962446e-004	1.312036e-005
8.990234375000001e-004	1.305197e-005
9.000000000000001e-004	1.320957e-005
9.000021491327975e-004	-1.330728e-004
9.000064473983923e-004	-3.339484e-004
9.000119335410527e-004	-4.591255e-004
9.000161193000654e-004	-4.925061e-004
9.000209645652335e-004	-5.036291e-004
9.000292472183866e-004	-5.094214e-004
9.001447277085486e-004	-5.248967e-004
9.002767054115907e-004	-5.415686e-004
9.005406608176749e-004	-5.771416e-004
9.010685716298434e-004	-6.555417e-004
9.020451341298434e-004	-8.107651e-004
9.030216966298434e-004	5.395930e-001
9.036923403749438e-004	3.412795e+000
9.040234375000001e-004	8.496811e+000
9.045222621400980e-004	2.016320e+001
9.047095076785963e-004	2.329200e+001
9.050000000000001e-004	2.584285e+001
9.050290492321405e-004	2.586298e+001
9.050871476964212e-004	2.585752e+001
9.052033446249828e-004	2.580162e+001
9.053860455638812e-004	2.571062e+001
9.057514474416781e-004	2.553183e+001
9.064822511972719e-004	2.517888e+001
9.074588136972719e-004	2.471714e+001
9.084353761972719e-004	2.426687e+001
9.094119386972719e-004	2.382870e+001
9.103885011972719e-004	2.340238e+001
9.113650636972719e-004	2.298772e+001
9.123416261972719e-004	2.258447e+001
9.133181886972719e-004	2.219240e+001
9.142947511972719e-004	2.181127e+001
9.152713136972719e-004	2.144086e+001
9.162478761972719e-004	2.108092e+001
9.172244386972719e-004	2.073121e+001
9.182010011972719e-004	2.039150e+001
9.191775636972719e-004	2.006155e+001
9.201541261972719e-004	1.974112e+001
9.211306886972719e-004	1.942998e+001
9.221072511972719e-004	1.912790e+001
9.230838136972719e-004	1.883466e+001
9.240603761972719e-004	1.855003e+001
9.250369386972719e-004	1.827378e+001
9.260135011972719e-004	1.800570e+001
9.269900636972719e-004	1.774557e+001
9.279666261972719e-004	1.749317e+001
9.289431886972719e-004	1.724831e+001
9.299197511972719e-004	1.701078e+001
9.308963136972719e-004	1.678038e+001
9.318728761972719e-004	1.655690e+001
9.328494386972719e-004	1.634017e+001
9.338260011972719e-004	1.612999e+001
9.348025636972719e-004	1.592617e+001
9.357791261972719e-004	1.572855e+001
9.367556886972719e-004	1.553694e+001
9.377322511972719e-004	1.535116e+001
9.387088136972719e-004	1.517107e+001
9.396853761972719e-004	1.499648e+001
9.406619386972719e-004	1.482724e+001
9.416385011972719e-004	1.466320e+001
9.426150636972719e-004	1.450421e+001
9.435916261972719e-004	1.435011e+001
9.445681886972719e-004	1.420076e+001
9.455447511972719e-004	1.405603e+001
9.465213136972719e-004	1.391577e+001
9.474978761972719e-004	1.377985e+001
9.484744386972719e-004	1.364815e+001
9.494510011972719e-004	1.352053e+001
9.504275636972719e-004	1.339689e+001
9.514041261972719e-004	1.327708e+001
9.523806886972719e-004	1.316101e+001
9.533572511972719e-004	1.304829e+001
9.540234375000001e-004	1.297360e+001
9.550000000000001e-004	1.286677e+001
9.550873395492009e-004	1.263833e+001
9.552620186476024e-004	1.205603e+001
9.556113768444054e-004	9.777035e+000
9.562028885568615e-004	3.776088e+000
9.565577202171269e-004	1.042973e+000
9.570142730925562e-004	2.629047e-002
9.573413794548130e-004	1.087123e-003
9.576975985355681e-004	1.037720e-003
9.584100366970784e-004	9.270429e-004
9.590234375000001e-004	8.210983e-004
9.600000000000001e-004	5.585814e-004
9.600022290424407e-004	4.310364e-004
9.600066871273216e-004	2.034215e-004
9.600094270243747e-004	1.112722e-004
9.600106300342248e-004	8.966842e-005
9.600125147876886e-004	6.725237e-005
9.600143278154219e-004	5.175779e-005
9.600162329280619e-004	4.067150e-005
9.600182980072522e-004	3.254239e-005
9.600203524959159e-004	2.716711e-005
9.600225010513443e-004	2.349283e-005
9.600246817632182e-004	2.108512e-005
9.600270572124710e-004	1.942651e-005
9.600295453156476e-004	1.836067e-005
9.600323906244086e-004	1.764346e-005
9.600354723442769e-004	1.721389e-005
9.600392596796577e-004	1.694395e-005
9.600435401713370e-004	1.680625e-005
9.600493671781026e-004	1.673368e-005
9.600563712979093e-004	1.670796e-005
9.601137816247707e-004	1.669218e-005
9.626170923094995e-004	1.641548e-005
9.651204029942282e-004	1.614500e-005
9.676237136789570e-004	1.588073e-005
9.701270243636858e-004	1.562267e-005
9.726303350484145e-004	1.537083e-005
9.751336457331433e-004	1.512520e-005
9.776369564178720e-004	1.488579e-005
9.795900814178718e-004	1.470261e-005
9.805666439178717e-004	1.461229e-005
9.815432064178716e-004	1.452279e-005
9.825197689178715e-004	1.443412e-005
9.834963314178714e-004	1.434626e-005
9.844728939178713e-004	1.425920e-005
9.854494564178712e-004	1.417294e-005
9.864260189178711e-004	1.408747e-005
9.874025814178710e-004	1.400278e-005
9.883791439178708e-004	1.391887e-005
9.893557064178707e-004	1.383571e-005
9.903322689178706e-004	1.375331e-005
9.913088314178705e-004	1.367166e-005
9.922853939178704e-004	1.359075e-005
9.932619564178703e-004	1.351057e-005
9.942385189178702e-004	1.343111e-005
9.952150814178701e-004	1.335237e-005
9.961916439178700e-004	1.327434e-005
9.971682064178699e-004	1.319701e-005
9.981447689178698e-004	1.312036e-005
9.990234375000001e-004	1.305197e-005
1.000000000000000e-003	1.301413e-005
