time	Id(M1)
0.000000000000000e+000	1.012523e-010
9.765624452758720e-014	6.951968e-007
1.953124890551744e-013	9.109787e-007
3.906249781103488e-013	8.339258e-007
7.812499562206976e-013	4.071618e-007
1.562499912441395e-012	-3.663651e-007
3.124999824882790e-012	-6.246314e-007
3.515624802993139e-012	-7.431606e-007
4.296874759213837e-012	-8.376142e-007
5.859374671655232e-012	-4.739869e-007
8.984374496538022e-012	-3.712293e-007
1.523437414630360e-011	-6.885215e-007
1.679687405874500e-011	-8.081089e-007
1.992187388362779e-011	-9.818143e-007
2.617187353339337e-011	-1.196897e-006
3.867187283292453e-011	-1.753139e-006
6.367187143198685e-011	-2.755907e-006
1.136718686301115e-010	-4.669506e-006
2.136718630263608e-010	-8.511706e-006
4.136718518188594e-010	-1.598086e-005
8.136718294038565e-010	-3.021400e-005
1.458136082651208e-009	-5.116835e-005
2.402010738016187e-009	-7.678485e-005
3.712253457699339e-009	-9.952748e-005
5.482929837150398e-009	-9.795654e-005
7.831495647597203e-009	-1.738489e-005
1.093041770222144e-008	2.689317e-004
1.503020458965401e-008	1.035421e-003
2.054315956022025e-008	2.864909e-003
2.817969617781479e-008	6.951985e-003
3.794532117781479e-008	1.460268e-002
4.771094617781479e-008	2.495850e-002
5.747657117781479e-008	3.812753e-002
6.724219617781478e-008	5.407035e-002
7.700782117781478e-008	7.275779e-002
8.677344617781478e-008	9.416449e-002
9.653907117781478e-008	1.182667e-001
1.063046961778148e-007	1.450415e-001
1.160703211778148e-007	1.744666e-001
1.258359461778148e-007	2.065206e-001
1.356015711778148e-007	2.411821e-001
1.453671961778148e-007	2.784307e-001
1.551328211778148e-007	3.182459e-001
1.648984461778148e-007	3.606082e-001
1.746640711778148e-007	4.054978e-001
1.844296961778148e-007	4.528957e-001
2.039609461778148e-007	5.551412e-001
2.234921961778148e-007	6.671972e-001
2.430234461778147e-007	7.889199e-001
2.625546961778148e-007	9.201691e-001
2.918515711778149e-007	1.134606e+000
3.211484461778149e-007	1.369716e+000
3.504453211778150e-007	1.625062e+000
3.839274640349580e-007	1.942592e+000
4.174096068921010e-007	2.283876e+000
4.508917497492439e-007	2.648913e+000
4.843738926063868e-007	3.037705e+000
5.178560354635298e-007	3.450250e+000
5.513381783206727e-007	3.886549e+000
5.848203211778156e-007	4.346602e+000
6.169073747492443e-007	4.807730e+000
6.489944283206730e-007	5.287116e+000
6.810814818921017e-007	5.784759e+000
7.131685354635303e-007	6.300661e+000
7.452555890349590e-007	6.834820e+000
7.773426426063876e-007	7.387237e+000
8.094296961778162e-007	7.957911e+000
8.401216604635305e-007	8.519228e+000
8.708136247492450e-007	9.094050e+000
9.015055890349593e-007	9.682377e+000
9.321975533206736e-007	1.028421e+001
9.628895176063880e-007	1.089955e+001
9.935814818921025e-007	1.152839e+001
1.024273446177817e-006	1.217074e+001
1.052175231892102e-006	1.276473e+001
1.080077017606388e-006	1.336732e+001
1.107978803320674e-006	1.397849e+001
1.135880589034960e-006	1.459825e+001
1.163782374749246e-006	1.522659e+001
1.191684160463532e-006	1.586352e+001
1.219585946177817e-006	1.650904e+001
1.239117196177817e-006	1.696484e+001
1.258648446177817e-006	1.742426e+001
1.278179696177817e-006	1.788721e+001
1.297710946177817e-006	1.835361e+001
1.307476571177817e-006	1.858809e+001
1.317242196177817e-006	1.882340e+001
1.327007821177818e-006	1.905955e+001
1.336773446177818e-006	1.929651e+001
1.346539071177818e-006	1.953429e+001
1.356304696177818e-006	1.977287e+001
1.366070321177818e-006	2.001225e+001
1.375835946177818e-006	2.025242e+001
1.385601571177818e-006	2.049337e+001
1.395367196177818e-006	2.073509e+001
1.405132821177818e-006	2.097758e+001
1.414898446177818e-006	2.122081e+001
1.424664071177818e-006	2.146479e+001
1.434429696177818e-006	2.170950e+001
1.444195321177818e-006	2.195493e+001
1.453960946177818e-006	2.220107e+001
1.463726571177818e-006	2.244790e+001
1.473492196177818e-006	2.269541e+001
1.483257821177818e-006	2.294359e+001
1.493023446177818e-006	2.319242e+001
1.502789071177818e-006	2.344187e+001
1.512554696177818e-006	2.369193e+001
1.522320321177818e-006	2.394258e+001
1.532085946177818e-006	2.419378e+001
1.541851571177818e-006	2.444553e+001
1.551617196177818e-006	2.469777e+001
1.561382821177818e-006	2.495049e+001
1.571148446177818e-006	2.520364e+001
1.580914071177818e-006	2.545718e+001
1.590679696177818e-006	2.571106e+001
1.600445321177818e-006	2.596524e+001
1.610210946177818e-006	2.621966e+001
1.619976571177818e-006	2.647426e+001
1.629742196177818e-006	2.672895e+001
1.639507821177818e-006	2.698367e+001
1.649273446177818e-006	2.723831e+001
1.659039071177818e-006	2.749277e+001
1.668804696177818e-006	2.774694e+001
1.678570321177818e-006	2.800066e+001
1.688335946177818e-006	2.825378e+001
1.698101571177818e-006	2.850610e+001
1.707867196177819e-006	2.875742e+001
1.717632821177819e-006	2.900747e+001
1.727398446177819e-006	2.925594e+001
1.737164071177819e-006	2.950246e+001
1.746929696177819e-006	2.974660e+001
1.756695321177819e-006	2.998782e+001
1.766460946177819e-006	3.022545e+001
1.776226571177819e-006	3.045868e+001
1.785992196177819e-006	3.068648e+001
1.795757821177819e-006	3.090757e+001
1.805523446177819e-006	3.112029e+001
1.815289071177819e-006	3.132246e+001
1.825054696177819e-006	3.151125e+001
1.834820321177819e-006	3.168283e+001
1.844585946177819e-006	3.183204e+001
1.854351571177819e-006	3.195176e+001
1.864117196177819e-006	3.203217e+001
1.873882821177819e-006	3.205981e+001
1.883648446177819e-006	3.201690e+001
1.893414071177819e-006	3.188229e+001
1.903179696177819e-006	3.163724e+001
1.912945321177819e-006	3.127886e+001
1.922710946177819e-006	3.051468e+001
1.932476571177819e-006	2.867553e+001
1.941907645024230e-006	2.573560e+001
1.951673270024230e-006	2.224204e+001
1.961438895024230e-006	1.904750e+001
1.971204520024230e-006	1.644977e+001
1.980970145024230e-006	1.448544e+001
1.990735770024230e-006	1.306859e+001
2.000501395024231e-006	1.207819e+001
2.010267020024231e-006	1.140032e+001
2.020032645024231e-006	1.094289e+001
2.029798270024231e-006	1.063716e+001
2.039563895024231e-006	1.043412e+001
2.049329520024231e-006	1.029987e+001
2.059095145024231e-006	1.021135e+001
2.068860770024231e-006	1.015308e+001
2.078626395024231e-006	1.011475e+001
2.088392020024231e-006	1.008951e+001
2.098157645024231e-006	1.007287e+001
2.107923270024231e-006	1.006186e+001
2.117688895024231e-006	1.005453e+001
2.127454520024231e-006	1.004960e+001
2.137220145024231e-006	1.004624e+001
2.146985770024231e-006	1.004391e+001
2.156751395024231e-006	1.004225e+001
2.166517020024231e-006	1.004102e+001
2.186048270024231e-006	1.003933e+001
2.215345145024231e-006	1.003766e+001
2.257197823595660e-006	1.003595e+001
2.299050502167088e-006	1.003435e+001
2.340903180738517e-006	1.003285e+001
2.382755859309946e-006	1.003146e+001
2.424608537881375e-006	1.003018e+001
2.466461216452803e-006	1.002900e+001
2.508313895024232e-006	1.002792e+001
2.529240234309946e-006	1.002739e+001
2.550166573595661e-006	1.002687e+001
2.571092912881375e-006	1.002637e+001
2.592019252167089e-006	1.002588e+001
2.612945591452803e-006	1.002540e+001
2.633871930738518e-006	1.002494e+001
2.654798270024232e-006	1.002449e+001
2.664563895024232e-006	1.002428e+001
2.748269252167089e-006	1.002267e+001
2.831974609309947e-006	1.002118e+001
2.915679966452805e-006	1.001981e+001
2.999385323595662e-006	1.001857e+001
3.083090680738519e-006	1.001744e+001
3.166796037881377e-006	1.001643e+001
3.250501395024234e-006	1.001555e+001
3.356528180738519e-006	1.001452e+001
3.462554966452804e-006	1.001357e+001
3.568581752167088e-006	1.001269e+001
3.674608537881373e-006	1.001189e+001
3.780635323595658e-006	1.001117e+001
3.886662109309943e-006	1.001052e+001
3.992688895024228e-006	1.000995e+001
4.128012555738508e-006	1.000929e+001
4.263336216452788e-006	1.000867e+001
4.398659877167069e-006	1.000810e+001
4.533983537881349e-006	1.000759e+001
4.669307198595629e-006	1.000712e+001
4.804630859309909e-006	1.000670e+001
4.939954520024189e-006	1.000634e+001
5.000000000000000e-006	1.000617e+001
5.001108928883907e-006	1.000623e+001
5.002587500729115e-006	1.000623e+001
5.005544644419532e-006	1.000606e+001
5.011458931800364e-006	1.000541e+001
5.021224556800364e-006	1.000405e+001
5.030990181800364e-006	1.000276e+001
5.040755806800363e-006	1.000176e+001
5.050521431800363e-006	1.000107e+001
5.060287056800362e-006	1.000063e+001
5.070052681800362e-006	1.000036e+001
5.079818306800362e-006	1.000020e+001
5.089583931800361e-006	1.000011e+001
5.099349556800361e-006	1.000005e+001
5.109115181800360e-006	1.000002e+001
5.118880806800360e-006	1.000001e+001
5.128646431800360e-006	9.999995e+000
5.138412056800359e-006	9.999990e+000
5.148177681800359e-006	9.999987e+000
5.157943306800358e-006	9.999985e+000
5.167708931800358e-006	9.999984e+000
5.177474556800358e-006	9.999983e+000
5.187240181800357e-006	9.999983e+000
5.197005806800357e-006	9.999983e+000
5.206771431800356e-006	9.999983e+000
5.216537056800356e-006	9.999983e+000
5.226302681800356e-006	9.999983e+000
5.236068306800355e-006	9.999983e+000
5.255599556800354e-006	9.999983e+000
5.279316074657497e-006	9.999983e+000
5.303032592514638e-006	9.999983e+000
5.326749110371780e-006	9.999983e+000
5.350465628228922e-006	9.999983e+000
5.374182146086064e-006	9.999983e+000
5.397898663943205e-006	9.999983e+000
5.421615181800348e-006	9.999983e+000
5.519271431800344e-006	9.999983e+000
8.448958931800225e-006	9.999982e+000
9.991927681800162e-006	9.999982e+000
9.999999999999999e-006	9.999982e+000
