Freq.	Is(M1)
1.00000000000000e+003	-1.19071789551371e+002
1.00695555005672e+003	-1.18903590599831e+002
1.01395947979003e+003	-1.18736013207462e+002
1.02101212570719e+003	-1.18569060812407e+002
1.02811382665607e+003	-1.18402736753535e+002
1.03526492384138e+003	-1.18237044274412e+002
1.04246576084112e+003	-1.18071986519488e+002
1.04971668362307e+003	-1.17907566538403e+002
1.05701804056138e+003	-1.17743787284819e+002
1.06437018245336e+003	-1.17580651615462e+002
1.07177346253629e+003	-1.17418162294540e+002
1.07922823650443e+003	-1.17256321989811e+002
1.08673486252606e+003	-1.17095133276970e+002
1.09429370126074e+003	-1.16934598638582e+002
1.10190511587661e+003	-1.16774720464178e+002
1.10956947206785e+003	-1.16615501052674e+002
1.11728713807222e+003	-1.16456942610298e+002
1.12505848468881e+003	-1.16299047254127e+002
1.13288388529580e+003	-1.16141817011408e+002
1.14076371586843e+003	-1.15985253822224e+002
1.14869835499704e+003	-1.15829359535456e+002
1.15668818390529e+003	-1.15674135915435e+002
1.16473358646846e+003	-1.15519584639100e+002
1.17283494923188e+003	-1.15365707298272e+002
1.18099266142953e+003	-1.15212505398259e+002
1.18920711500272e+003	-1.15059980360646e+002
1.19747870461893e+003	-1.14908133526925e+002
1.20580782769076e+003	-1.14756966152713e+002
1.21419488439505e+003	-1.14606479414574e+002
1.22264027769207e+003	-1.14456674407194e+002
1.23114441334492e+003	-1.14307552145229e+002
1.23970769993899e+003	-1.14159113565451e+002
1.24833054890162e+003	-1.14011359527225e+002
1.25701337452183e+003	-1.13864290812297e+002
1.26575659397028e+003	-1.13717908126983e+002
1.27456062731927e+003	-1.13572212101207e+002
1.28342589756291e+003	-1.13427203291823e+002
1.29235283063750e+003	-1.13282882184132e+002
1.30134185544194e+003	-1.13139249186266e+002
1.31039340385837e+003	-1.12996304640709e+002
1.31950791077290e+003	-1.12854048816105e+002
1.32868581409652e+003	-1.12712481913734e+002
1.33792755478612e+003	-1.12571604064556e+002
1.34723357686570e+003	-1.12431415333671e+002
1.35660432744768e+003	-1.12291915719379e+002
1.36604025675440e+003	-1.12153105153561e+002
1.37554181813975e+003	-1.12014983505129e+002
1.38510946811093e+003	-1.11877550578731e+002
1.39474366635041e+003	-1.11740806115306e+002
1.40444487573800e+003	-1.11604749797487e+002
1.41421356237310e+003	-1.11469381242877e+002
1.42405019559708e+003	-1.11334700012580e+002
1.43395524801583e+003	-1.11200705609512e+002
1.44392919552250e+003	-1.11067397474983e+002
1.45397251732032e+003	-1.10934774998832e+002
1.46408569594563e+003	-1.10802837510667e+002
1.47426921729111e+003	-1.10671584288626e+002
1.48452357062906e+003	-1.10541014554629e+002
1.49484924863495e+003	-1.10411127479483e+002
1.50524674741107e+003	-1.10281922179938e+002
1.51571656651041e+003	-1.10153397724873e+002
1.52625920896057e+003	-1.10025553130290e+002
1.53687518128802e+003	-1.09898387365303e+002
1.54756499354240e+003	-1.09771899348141e+002
1.55832915932101e+003	-1.09646087952955e+002
1.56916819579351e+003	-1.09520952005180e+002
1.58008262372676e+003	-1.09396490287210e+002
1.59107296750985e+003	-1.09272701534412e+002
1.60213975517925e+003	-1.09149584441219e+002
1.61328351844426e+003	-1.09027137656738e+002
1.62450479271248e+003	-1.08905359789765e+002
1.63580411711557e+003	-1.08784249408984e+002
1.64718203453516e+003	-1.08663805042650e+002
1.65863909162889e+003	-1.08544025177816e+002
1.67017583885675e+003	-1.08424908266547e+002
1.68179283050744e+003	-1.08306452722080e+002
1.69349062472506e+003	-1.08188656919428e+002
1.70526978353592e+003	-1.08071519201470e+002
1.71713087287552e+003	-1.07955037873852e+002
1.72907446261574e+003	-1.07839211207769e+002
1.74110112659226e+003	-1.07724037442795e+002
1.75321144263208e+003	-1.07609514785118e+002
1.76540599258132e+003	-1.07495641410298e+002
1.77768536233315e+003	-1.07382415462385e+002
1.79005014185596e+003	-1.07269835055276e+002
1.80250092522167e+003	-1.07157898274532e+002
1.81503831063433e+003	-1.07046603175896e+002
1.82766290045881e+003	-1.06935947788665e+002
1.84037530124976e+003	-1.06825930114182e+002
1.85317612378075e+003	-1.06716548129019e+002
1.86606598307363e+003	-1.06607799783052e+002
1.87904549842804e+003	-1.06499683001171e+002
1.89211529345121e+003	-1.06392195685201e+002
1.90527599608789e+003	-1.06285335713989e+002
1.91852823865054e+003	-1.06179100941966e+002
1.93187265784971e+003	-1.06073489203697e+002
1.94530989482459e+003	-1.05968498310693e+002
1.95884059517387e+003	-1.05864126055339e+002
1.97246540898673e+003	-1.05760370209334e+002
1.98618499087409e+003	-1.05657228525309e+002
2.00000000000002e+003	-1.05554698737079e+002
2.01391110011345e+003	-1.05452778561071e+002
2.02791895958007e+003	-1.05351465695849e+002
2.04202425141440e+003	-1.05250757822426e+002
2.05622765331215e+003	-1.05150652607656e+002
2.07052984768277e+003	-1.05051147701083e+002
2.08493152168226e+003	-1.04952240737933e+002
2.09943336724615e+003	-1.04853929339967e+002
2.11403608112278e+003	-1.04756211113287e+002
2.12874036490674e+003	-1.04659083652238e+002
2.14354692507261e+003	-1.04562544537929e+002
2.15845647300887e+003	-1.04466591339173e+002
2.17346972505214e+003	-1.04371221613813e+002
2.18858740252150e+003	-1.04276432907815e+002
2.20381023175324e+003	-1.04182222756705e+002
2.21913894413571e+003	-1.04088588686808e+002
2.23457427614446e+003	-1.03995528213755e+002
2.25011696937764e+003	-1.03903038844904e+002
2.26576777059162e+003	-1.03811118079000e+002
2.28152743173687e+003	-1.03719763406361e+002
2.29739670999409e+003	-1.03628972309755e+002
2.31337636781060e+003	-1.03538742264350e+002
2.32946717293693e+003	-1.03449070739406e+002
2.34566989846378e+003	-1.03359955197720e+002
2.36198532285908e+003	-1.03271393096316e+002
2.37841423000547e+003	-1.03183381886197e+002
2.39495740923788e+003	-1.03095919013505e+002
2.41161565538155e+003	-1.03009001920156e+002
2.42838976879012e+003	-1.02922628043662e+002
2.44528055538416e+003	-1.02836794818126e+002
2.46228882668986e+003	-1.02751499674003e+002
2.47941539987800e+003	-1.02666740038417e+002
2.49666109780325e+003	-1.02582513336391e+002
2.51402674904368e+003	-1.02498816989278e+002
2.53151318794059e+003	-1.02415648418970e+002
2.54912125463855e+003	-1.02333005043865e+002
2.56685179512584e+003	-1.02250884281535e+002
2.58470566127501e+003	-1.02169283548725e+002
2.60268371088390e+003	-1.02088200262503e+002
2.62078680771676e+003	-1.02007631837468e+002
2.63901582154582e+003	-1.01927575690798e+002
2.65737162819305e+003	-1.01848029238144e+002
2.67585510957225e+003	-1.01768989897585e+002
2.69446715373141e+003	-1.01690455086493e+002
2.71320865489537e+003	-1.01612422225086e+002
2.73208051350882e+003	-1.01534888732849e+002
2.75108363627952e+003	-1.01457852034286e+002
2.77021893622188e+003	-1.01381309553110e+002
2.78948733270084e+003	-1.01305258716672e+002
2.80888975147603e+003	-1.01229696955675e+002
2.82842712474622e+003	-1.01154621701860e+002
2.84810039119418e+003	-1.01080030392032e+002
2.86791049603169e+003	-1.01005920464392e+002
2.88785839104503e+003	-1.00932289362855e+002
2.90794503464066e+003	-1.00859134533832e+002
2.92817139189129e+003	-1.00786453427764e+002
2.94853843458224e+003	-1.00714243499514e+002
2.96904714125813e+003	-1.00642502209454e+002
2.98969849726991e+003	-1.00571227021050e+002
3.01049349482217e+003	-1.00500415403807e+002
3.03143313302083e+003	-1.00430064831818e+002
3.05251841792116e+003	-1.00360172784472e+002
3.07375036257606e+003	-1.00290736746604e+002
3.09512998708482e+003	-1.00221754209228e+002
3.11665831864204e+003	-1.00153222668957e+002
3.13833639158704e+003	-1.00085139628116e+002
3.16016524745355e+003	-1.00017502595195e+002
3.18214593501972e+003	-9.99503090850626e+001
3.20427951035853e+003	-9.98835566202403e+001
3.22656703688855e+003	-9.98172427278359e+001
3.24900958542499e+003	-9.97513649436694e+001
3.27160823423117e+003	-9.96859208091896e+001
3.29436406907034e+003	-9.96209078737693e+001
3.31727818325781e+003	-9.95563236933828e+001
3.34035167771352e+003	-9.94921658320887e+001
3.36358566101490e+003	-9.94284318611358e+001
3.38698124945015e+003	-9.93651193590858e+001
3.41053956707187e+003	-9.93022259126602e+001
3.43426174575106e+003	-9.92397491164119e+001
3.45814892523151e+003	-9.91776865724759e+001
3.48220225318455e+003	-9.91160358917323e+001
3.50642288526419e+003	-9.90547946924436e+001
3.53081198516267e+003	-9.89939606021906e+001
3.55537072466633e+003	-9.89335312562301e+001
3.58010028371194e+003	-9.88735042985411e+001
3.60500185044337e+003	-9.88138773813491e+001
3.63007662126870e+003	-9.87546481666463e+001
3.65532580091766e+003	-9.86958143238442e+001
3.68075060249955e+003	-9.86373735322578e+001
3.70635224756154e+003	-9.85793234798758e+001
3.73213196614728e+003	-9.85216618628341e+001
3.75809099685610e+003	-9.84643863872575e+001
3.78423058690244e+003	-9.84074947688667e+001
3.81055199217581e+003	-9.83509847318410e+001
3.83705647730112e+003	-9.82948540095753e+001
3.86374531569944e+003	-9.82391003452572e+001
3.89061978964920e+003	-9.81837214917093e+001
3.91768119034777e+003	-9.81287152102099e+001
3.94493081797350e+003	-9.80740792728181e+001
3.97236998174820e+003	-9.80198114607454e+001
4.00000000000006e+003	-9.79659095643427e+001
4.02782220022694e+003	-9.79123713843763e+001
4.05583791916018e+003	-9.78591947308792e+001
4.08404850282884e+003	-9.78063774240231e+001
4.11245530662433e+003	-9.77539172932924e+001
4.14105969536558e+003	-9.77018121790779e+001
4.16986304336455e+003	-9.76500599303711e+001
4.19886673449234e+003	-9.75986584069725e+001
4.22807216224559e+003	-9.75476054785797e+001
4.25748072981351e+003	-9.74968990242461e+001
4.28709385014524e+003	-9.74465369341490e+001
4.31691294601778e+003	-9.73965171076372e+001
4.34693945010430e+003	-9.73468374540198e+001
4.37717480504303e+003	-9.72974958940436e+001
4.40762046350651e+003	-9.72484903567979e+001
4.43827788827145e+003	-9.71998187829209e+001
4.46914855228895e+003	-9.71514791225534e+001
4.50023393875531e+003	-9.71034693363491e+001
4.53153554118327e+003	-9.70557873948498e+001
4.56305486347377e+003	-9.70084312788197e+001
4.59479341998822e+003	-9.69613989795236e+001
4.62675273562123e+003	-9.69146884983524e+001
4.65893434587390e+003	-9.68682978469784e+001
4.69133979692759e+003	-9.68222250466453e+001
4.72397064571820e+003	-9.67764681304637e+001
4.75682846001096e+003	-9.67310251400630e+001
4.78991481847580e+003	-9.66858941281966e+001
4.82323131076312e+003	-9.66410731577521e+001
4.85677953758027e+003	-9.65965603020759e+001
4.89056111076836e+003	-9.65523536443417e+001
4.92457765337975e+003	-9.65084512783162e+001
4.95883079975603e+003	-9.64648513078625e+001
4.99332219560653e+003	-9.64215518473690e+001
5.02805349808740e+003	-9.63785510209597e+001
5.06302637588121e+003	-9.63358469633701e+001
5.09824250927713e+003	-9.62934378196830e+001
5.13370359025170e+003	-9.62513217447075e+001
5.16941132255006e+003	-9.62094969040332e+001
5.20536742176782e+003	-9.61679614729051e+001
5.24157361543354e+003	-9.61267136370245e+001
5.27803164309167e+003	-9.60857515924312e+001
5.31474325638614e+003	-9.60450735450574e+001
5.35171021914454e+003	-9.60046777110148e+001
5.38893430746286e+003	-9.59645623167383e+001
5.42641730979078e+003	-9.59247255981192e+001
5.46416102701768e+003	-9.58851658023034e+001
5.50216727255907e+003	-9.58458811852869e+001
5.54043787244380e+003	-9.58068700141224e+001
5.57897466540172e+003	-9.57681305652104e+001
5.61777950295209e+003	-9.57296611250814e+001
5.65685424949248e+003	-9.56914599903666e+001
5.69620078238839e+003	-9.56535254677075e+001
5.73582099206341e+003	-9.56158558738571e+001
5.77571678209009e+003	-9.55784495352019e+001
5.81589006928135e+003	-9.55413047877461e+001
5.85634278378261e+003	-9.55044199781378e+001
5.89707686916451e+003	-9.54677934620042e+001
5.93809428251631e+003	-9.54314236056543e+001
5.97939699453987e+003	-9.53953087845336e+001
6.02098698964438e+003	-9.53594473841561e+001
6.06286626604171e+003	-9.53238377994564e+001
6.10503683584235e+003	-9.52884784357310e+001
6.14750072515217e+003	-9.52533677072395e+001
6.19025997416968e+003	-9.52185040381585e+001
6.23331663728412e+003	-9.51838858623035e+001
6.27667278317413e+003	-9.51495116232962e+001
6.32033049490714e+003	-9.51153797741815e+001
6.36429187003947e+003	-9.50814887771350e+001
6.40855902071710e+003	-9.50478371042995e+001
6.45313407377714e+003	-9.50144232372780e+001
6.49801917085001e+003	-9.49812456666997e+001
6.54321646846238e+003	-9.49483028930653e+001
6.58872813814071e+003	-9.49155934261083e+001
6.63455636651566e+003	-9.48831157845593e+001
6.68070335542709e+003	-9.48508684969016e+001
6.72717132202985e+003	-9.48188501006306e+001
6.77396249890035e+003	-9.47870591426778e+001
6.82107913414379e+003	-9.47554941788272e+001
6.86852349150217e+003	-9.47241537744483e+001
6.91629785046306e+003	-9.46930365036873e+001
6.96440450636913e+003	-9.46621409500441e+001
7.01284577052842e+003	-9.46314657059775e+001
7.06162397032538e+003	-9.46010093728326e+001
7.11074144933271e+003	-9.45707705611086e+001
7.16020056742393e+003	-9.45407478904383e+001
7.21000370088679e+003	-9.45109399887314e+001
7.26015324253744e+003	-9.44813454934393e+001
7.31065160183536e+003	-9.44519630505260e+001
7.36150120499915e+003	-9.44227913149671e+001
7.41270449512312e+003	-9.43938289502464e+001
7.46426393229462e+003	-9.43650746287737e+001
7.51618199371225e+003	-9.43365270319308e+001
7.56846117380493e+003	-9.43081848488071e+001
7.62110398435166e+003	-9.42800467781159e+001
7.67411295460228e+003	-9.42521115265667e+001
7.72749063139893e+003	-9.42243778099555e+001
7.78123957929845e+003	-9.41968443520006e+001
7.83536238069558e+003	-9.41695098850629e+001
7.88986163594704e+003	-9.41423731501710e+001
7.94473996349646e+003	-9.41154328966922e+001
8.00000000000017e+003	-9.40886878819926e+001
8.05564440045392e+003	-9.40621368722427e+001
8.11167583832041e+003	-9.40357786416434e+001
8.16809700565772e+003	-9.40096119726701e+001
8.22491061324871e+003	-9.39836356558567e+001
8.28211939073120e+003	-9.39578484902358e+001
8.33972608672916e+003	-9.39322492827453e+001
8.39773346898472e+003	-9.39068368484806e+001
8.45614432449123e+003	-9.38816100105588e+001
8.51496145962707e+003	-9.38565676000528e+001
8.57418770029054e+003	-9.38317084563392e+001
8.63382589203561e+003	-9.38070314262321e+001
8.69387890020866e+003	-9.37825353647517e+001
8.75434961008612e+003	-9.37582191348726e+001
8.81524092701309e+003	-9.37340816071239e+001
8.87655577654296e+003	-9.37101216600240e+001
8.93829710457797e+003	-9.36863381798414e+001
9.00046787751068e+003	-9.36627300606152e+001
9.06307108236660e+003	-9.36392962036038e+001
9.12610972694760e+003	-9.36160355183779e+001
9.18958683997649e+003	-9.35929469217113e+001
9.25350547124252e+003	-9.35700293378032e+001
9.31786869174786e+003	-9.35472816989309e+001
9.38267959385525e+003	-9.35247029445070e+001
9.44794129143646e+003	-9.35022920210012e+001
9.51365692002199e+003	-9.34800478831474e+001
9.57982963695165e+003	-9.34579694924245e+001
9.64646262152631e+003	-9.34360558179686e+001
9.71355907516061e+003	-9.34143058359334e+001
9.78112222153678e+003	-9.33927185301741e+001
9.84915530675957e+003	-9.33712928913875e+001
9.91766159951213e+003	-9.33500279174181e+001
9.98664439121314e+003	-9.33289226137113e+001
1.00561069961749e+004	-9.33079759924334e+001
1.01260527517625e+004	-9.32871870730179e+001
1.01964850185543e+004	-9.32665548819415e+001
1.02674071805035e+004	-9.32460784525522e+001
1.03388226451002e+004	-9.32257568252647e+001
1.04107348435357e+004	-9.32055890476117e+001
1.04831472308672e+004	-9.31855741737294e+001
1.05560632861834e+004	-9.31657112646606e+001
1.06294865127724e+004	-9.31459993886872e+001
1.07034204382892e+004	-9.31264376204416e+001
1.07778686149258e+004	-9.31070250413431e+001
1.08528346195816e+004	-9.30877607398803e+001
1.09283220540354e+004	-9.30686438109804e+001
1.10043345451182e+004	-9.30496733560734e+001
1.10808757448877e+004	-9.30308484837006e+001
1.11579493308035e+004	-9.30121683085688e+001
1.12355590059043e+004	-9.29936319519218e+001
1.13137084989851e+004	-9.29752385420281e+001
1.13924015647769e+004	-9.29569872130746e+001
1.14716419841269e+004	-9.29388771059717e+001
1.15514335641803e+004	-9.29209073680907e+001
1.16317801385628e+004	-9.29030771528930e+001
1.17126855675653e+004	-9.28853856206829e+001
1.17941537383291e+004	-9.28678319376502e+001
1.18761885650327e+004	-9.28504152765455e+001
1.19587939890798e+004	-9.28331348161527e+001
1.20419739792889e+004	-9.28159897416803e+001
1.21257325320835e+004	-9.27989792443877e+001
1.22100736716848e+004	-9.27821025217642e+001
1.22950014503044e+004	-9.27653587773847e+001
1.23805199483394e+004	-9.27487472209205e+001
1.24666332745683e+004	-9.27322670681584e+001
1.25533455663483e+004	-9.27159175408549e+001
1.26406609898144e+004	-9.26996978667515e+001
1.27285837400790e+004	-9.26836072796867e+001
1.28171180414343e+004	-9.26676450192093e+001
1.29062681475544e+004	-9.26518103309753e+001
1.29960383417001e+004	-9.26361024664158e+001
1.30864329369249e+004	-9.26205206828014e+001
1.31774562762815e+004	-9.26050642433099e+001
1.32691127330314e+004	-9.25897324167212e+001
1.33614067108543e+004	-9.25745244777183e+001
1.34543426440598e+004	-9.25594397066491e+001
1.35479249978008e+004	-9.25444773896714e+001
1.36421582682877e+004	-9.25296368183668e+001
1.37370469830044e+004	-9.25149172901189e+001
1.38325957009262e+004	-9.25003181078957e+001
1.39288090127384e+004	-9.24858385802883e+001
1.40256915410570e+004	-9.24714780210935e+001
1.41232479406509e+004	-9.24572357501383e+001
1.42214828986655e+004	-9.24431110924843e+001
1.43204011348480e+004	-9.24291033785401e+001
1.44200074017737e+004	-9.24152119443110e+001
1.45203064850750e+004	-9.24014361312632e+001
1.46213032036708e+004	-9.23877752859779e+001
1.47230024099984e+004	-9.23742287606059e+001
1.48254089902464e+004	-9.23607959124945e+001
1.49285278645893e+004	-9.23474761044797e+001
1.50323639874246e+004	-9.23342687043316e+001
1.51369223476100e+004	-9.23211730854381e+001
1.52422079687034e+004	-9.23081886260359e+001
1.53482259092047e+004	-9.22953147098623e+001
1.54549812627980e+004	-9.22825507255024e+001
1.55624791585970e+004	-9.22698960669915e+001
1.56707247613913e+004	-9.22573501333007e+001
1.57797232718942e+004	-9.22449123284590e+001
1.58894799269930e+004	-9.22325820616489e+001
1.60000000000005e+004	-9.22203587468914e+001
1.61112888009080e+004	-9.22082418034557e+001
1.62233516766409e+004	-9.21962306554617e+001
1.63361940113156e+004	-9.21843247319690e+001
1.64498212264976e+004	-9.21725234669922e+001
1.65642387814625e+004	-9.21608262995467e+001
1.66794521734584e+004	-9.21492326733047e+001
1.67954669379696e+004	-9.21377420370143e+001
1.69122886489826e+004	-9.21263538440999e+001
1.70299229192543e+004	-9.21150675528258e+001
1.71483754005812e+004	-9.21038826264146e+001
1.72676517840714e+004	-9.20927985325906e+001
1.73877578004175e+004	-9.20818147439895e+001
1.75086992201724e+004	-9.20709307378940e+001
1.76304818540263e+004	-9.20601459962104e+001
1.77531115530861e+004	-9.20494600056579e+001
1.78765942091561e+004	-9.20388722575390e+001
1.80009357550215e+004	-9.20283822477426e+001
1.81261421647333e+004	-9.20179894767859e+001
1.82522194538953e+004	-9.20076934497634e+001
1.83791736799531e+004	-9.19974936764140e+001
1.85070109424852e+004	-9.19873896708741e+001
1.86357373834959e+004	-9.19773809518037e+001
1.87653591877106e+004	-9.19674670423921e+001
1.88958825828731e+004	-9.19576474703676e+001
1.90273138400441e+004	-9.19479217678861e+001
1.91596592739035e+004	-9.19382894713810e+001
1.92929252430528e+004	-9.19287501218971e+001
1.94271181503214e+004	-9.19193032647403e+001
1.95622444430737e+004	-9.19099484496736e+001
1.96983106135193e+004	-9.19006852306235e+001
1.98353231990244e+004	-9.18915131662041e+001
1.99732887824264e+004	-9.18824318189100e+001
2.01122139923499e+004	-9.18734407558101e+001
2.02521055035251e+004	-9.18645395482231e+001
2.03929700371089e+004	-9.18557277715069e+001
2.05348143610071e+004	-9.18470050055254e+001
2.06776452902006e+004	-9.18383708341681e+001
2.08214696870716e+004	-9.18298248456098e+001
2.09662944617345e+004	-9.18213666321484e+001
2.11121265723670e+004	-9.18129957903235e+001
2.12589730255449e+004	-9.18047119206678e+001
2.14068408765785e+004	-9.17965146279703e+001
2.15557372298518e+004	-9.17884035209972e+001
2.17056692391635e+004	-9.17803782127500e+001
2.18566441080711e+004	-9.17724383202131e+001
2.20086690902366e+004	-9.17645834644359e+001
2.21617514897755e+004	-9.17568132704563e+001
2.23158986616072e+004	-9.17491273673812e+001
2.24711180118087e+004	-9.17415253882761e+001
2.26274169979703e+004	-9.17340069702256e+001
2.27848031295539e+004	-9.17265717544063e+001
2.29432839682540e+004	-9.17192193855797e+001
2.31028671283607e+004	-9.17119495128602e+001
2.32635602771258e+004	-9.17047617890210e+001
2.34253711351308e+004	-9.16976558707951e+001
2.35883074766584e+004	-9.16906314188661e+001
2.37523771300656e+004	-9.16836880976859e+001
2.39175879781598e+004	-9.16768255756453e+001
2.40839479585779e+004	-9.16700435249521e+001
2.42514650641672e+004	-9.16633416216526e+001
2.44201473433698e+004	-9.16567195455546e+001
2.45900029006090e+004	-9.16501769803216e+001
2.47610398966791e+004	-9.16437136133477e+001
2.49332665491369e+004	-9.16373291358294e+001
2.51066911326969e+004	-9.16310232427774e+001
2.52813219796289e+004	-9.16247956327587e+001
2.54571674801583e+004	-9.16186460082829e+001
2.56342360828688e+004	-9.16125740754102e+001
2.58125362951089e+004	-9.16065795440496e+001
2.59920766834004e+004	-9.16006621275906e+001
2.61728658738499e+004	-9.15948215433473e+001
2.63549125525633e+004	-9.15890575120414e+001
2.65382254660631e+004	-9.15833697582246e+001
2.67228134217088e+004	-9.15777580100388e+001
2.69086852881198e+004	-9.15722219991946e+001
2.70958499956018e+004	-9.15667614610352e+001
2.72843165365756e+004	-9.15613761345997e+001
2.74740939660091e+004	-9.15560657623445e+001
2.76651914018527e+004	-9.15508300903726e+001
2.78576180254770e+004	-9.15456688684715e+001
2.80513830821141e+004	-9.15405818497247e+001
2.82464958813020e+004	-9.15355687910261e+001
2.84429657973313e+004	-9.15306294526177e+001
2.86408022696961e+004	-9.15257635982993e+001
2.88400148035476e+004	-9.15209709954301e+001
2.90406129701502e+004	-9.15162514148037e+001
2.92426064073419e+004	-9.15116046306760e+001
2.94460048199971e+004	-9.15070304209016e+001
2.96508179804929e+004	-9.15025285667380e+001
2.98570557291789e+004	-9.14980988527936e+001
3.00647279748495e+004	-9.14937410672001e+001
3.02738446952202e+004	-9.14894550016699e+001
3.04844159374071e+004	-9.14852404510526e+001
3.06964518184096e+004	-9.14810972138487e+001
3.09099625255962e+004	-9.14770250918198e+001
3.11249583171943e+004	-9.14730238902431e+001
3.13414495227828e+004	-9.14690934177285e+001
3.15594465437887e+004	-9.14652334861968e+001
3.17789598539863e+004	-9.14614439111095e+001
3.20000000000012e+004	-9.14577245111403e+001
3.22225776018162e+004	-9.14540751082988e+001
3.24467033532821e+004	-9.14504955280749e+001
3.26723880226314e+004	-9.14469855992582e+001
3.28996424529954e+004	-9.14435451538434e+001
3.31284775629253e+004	-9.14401740273446e+001
3.33589043469171e+004	-9.14368720583739e+001
3.35909338759394e+004	-9.14336390890794e+001
3.38245772979654e+004	-9.14304749647128e+001
3.40598458385088e+004	-9.14273795339444e+001
3.42967508011627e+004	-9.14243526486356e+001
3.45353035681430e+004	-9.14213941639955e+001
3.47755156008352e+004	-9.14185039385340e+001
3.50173984403450e+004	-9.14156818339131e+001
3.52609637080529e+004	-9.14129277151607e+001
3.55062231061724e+004	-9.14102414505020e+001
3.57531884183124e+004	-9.14076229114017e+001
3.60018715100433e+004	-9.14050719725976e+001
3.62522843294670e+004	-9.14025885120556e+001
3.65044389077910e+004	-9.14001724109949e+001
3.67583473599065e+004	-9.13978235537945e+001
3.70140218849706e+004	-9.13955418280597e+001
3.72714747669920e+004	-9.13933271247207e+001
3.75307183754216e+004	-9.13911793377715e+001
3.77917651657464e+004	-9.13890983644633e+001
3.80546276800886e+004	-9.13870841053186e+001
3.83193185478072e+004	-9.13851364639151e+001
3.85858504861058e+004	-9.13832553471489e+001
3.88542363006430e+004	-9.13814406649974e+001
3.91244888861477e+004	-9.13796923307156e+001
3.93966212270389e+004	-9.13780102606581e+001
3.96706463980491e+004	-9.13763943743864e+001
3.99465775648532e+004	-9.13748445946423e+001
4.02244279847001e+004	-9.13733608473304e+001
4.05042110070506e+004	-9.13719430614941e+001
4.07859400742180e+004	-9.13705911693287e+001
4.10696287220146e+004	-9.13693051062386e+001
4.13552905804014e+004	-9.13680848107356e+001
4.16429393741435e+004	-9.13669302245074e+001
4.19325889234693e+004	-9.13658412923712e+001
4.22242531447343e+004	-9.13648179622835e+001
4.25179460510901e+004	-9.13638601853984e+001
4.28136817531573e+004	-9.13629679159307e+001
4.31114744597038e+004	-9.13621411113021e+001
4.34113384783272e+004	-9.13613797320151e+001
4.37132882161424e+004	-9.13606837417601e+001
4.40173381804736e+004	-9.13600531073235e+001
4.43235029795514e+004	-9.13594877986445e+001
4.46317973232148e+004	-9.13589877887785e+001
4.49422360236177e+004	-9.13585530539045e+001
4.52548339959409e+004	-9.13581835733510e+001
4.55696062591082e+004	-9.13578793295482e+001
4.58865679365084e+004	-9.13576403081295e+001
4.62057342567218e+004	-9.13574664977035e+001
4.65271205542519e+004	-9.13573578901751e+001
4.68507422702619e+004	-9.13573144804309e+001
4.71766149533172e+004	-9.13573362666067e+001
4.75047542601315e+004	-9.13574232498270e+001
4.78351759563200e+004	-9.13575754344934e+001
4.81678959171562e+004	-9.13577928279981e+001
4.85029301283348e+004	-9.13580754409408e+001
4.88402946867399e+004	-9.13584232870369e+001
4.91800058012184e+004	-9.13588363830926e+001
4.95220797933585e+004	-9.13593147490572e+001
4.98665330982741e+004	-9.13598584080573e+001
5.02133822653942e+004	-9.13604673862755e+001
5.05626439592583e+004	-9.13611417130565e+001
5.09143349603169e+004	-9.13618814209228e+001
5.12684721657380e+004	-9.13626865454647e+001
5.16250725902183e+004	-9.13635571254065e+001
5.19841533668013e+004	-9.13644932026729e+001
5.23457317477002e+004	-9.13654948222873e+001
5.27098251051269e+004	-9.13665620324005e+001
5.30764509321265e+004	-9.13676948843871e+001
5.34456268434179e+004	-9.13688934326447e+001
5.38173705762400e+004	-9.13701577348237e+001
5.41916999912041e+004	-9.13714878516675e+001
5.45686330731516e+004	-9.13728838471247e+001
5.49481879320186e+004	-9.13743457882351e+001
5.53303828037058e+004	-9.13758737453141e+001
5.57152360509544e+004	-9.13774677916969e+001
5.61027661642287e+004	-9.13791280040036e+001
5.64929917626044e+004	-9.13808544619490e+001
5.68859315946630e+004	-9.13826472484975e+001
5.72816045393927e+004	-9.13845064497267e+001
5.76800296070956e+004	-9.13864321549203e+001
5.80812259403008e+004	-9.13884244565792e+001
5.84852128146842e+004	-9.13904834503681e+001
5.88920096399946e+004	-9.13926092351685e+001
5.93016359609863e+004	-9.13948019130087e+001
5.97141114583583e+004	-9.13970615891905e+001
6.01294559496994e+004	-9.13993883722335e+001
6.05476893904408e+004	-9.14017823737965e+001
6.09688318748147e+004	-9.14042437088391e+001
6.13929036368196e+004	-9.14067724955031e+001
6.18199250511928e+004	-9.14093688552118e+001
6.22499166343890e+004	-9.14120329125707e+001
6.26828990455661e+004	-9.14147647954672e+001
6.31188930875778e+004	-9.14175646350312e+001
6.35579197079731e+004	-9.14204325656596e+001
6.40000000000029e+004	-9.14233687249702e+001
6.44451552036329e+004	-9.14263732539195e+001
6.48934067065648e+004	-9.14294462966867e+001
6.53447760452633e+004	-9.14325880007855e+001
6.57992849059912e+004	-9.14357985169688e+001
6.62569551258511e+004	-9.14390779992977e+001
6.67178086938348e+004	-9.14424266051767e+001
6.71818677518793e+004	-9.14458444953043e+001
6.76491545959314e+004	-9.14493318336778e+001
6.81196916770181e+004	-9.14528887876594e+001
6.85935016023259e+004	-9.14565155279218e+001
6.90706071362865e+004	-9.14602122284760e+001
6.95510312016709e+004	-9.14639790667200e+001
7.00347968806905e+004	-9.14678162233984e+001
7.05219274161063e+004	-9.14717238825936e+001
7.10124462123453e+004	-9.14757022318381e+001
7.15063768366253e+004	-9.14797514619732e+001
7.20037430200871e+004	-9.14838717672848e+001
7.25045686589344e+004	-9.14880633454558e+001
7.30088778155825e+004	-9.14923263975829e+001
7.35166947198136e+004	-9.14966611282000e+001
7.40280437699418e+004	-9.15010677452356e+001
7.45429495339846e+004	-9.15055464600927e+001
7.50614367508437e+004	-9.15100974876540e+001
7.55835303314934e+004	-9.15147210462221e+001
7.61092553601777e+004	-9.15194173575889e+001
7.66386370956150e+004	-9.15241866470359e+001
7.71717009722122e+004	-9.15290291433597e+001
7.77084726012866e+004	-9.15339450787998e+001
7.82489777722960e+004	-9.15389346892058e+001
7.87932424540783e+004	-9.15439982138932e+001
7.93412927960988e+004	-9.15491358957301e+001
7.98931551297069e+004	-9.15543479811338e+001
8.04488559694008e+004	-9.15596347200863e+001
8.10084220141017e+004	-9.15649963661711e+001
8.15718801484366e+004	-9.15704331765579e+001
8.21392574440297e+004	-9.15759454119334e+001
8.27105811608034e+004	-9.15815333367317e+001
8.32858787482877e+004	-9.15871972188981e+001
8.38651778469392e+004	-9.15929373300668e+001
8.44485062894692e+004	-9.15987539455117e+001
8.50358921021808e+004	-9.16046473441723e+001
8.56273635063152e+004	-9.16106178086560e+001
8.62229489194083e+004	-9.16166656252818e+001
8.68226769566551e+004	-9.16227910840516e+001
8.74265764322855e+004	-9.16289944786686e+001
8.80346763609478e+004	-9.16352761066150e+001
8.86470059591034e+004	-9.16416362690887e+001
8.92635946464302e+004	-9.16480752710122e+001
8.98844720472361e+004	-9.16545934211603e+001
9.05096679918824e+004	-9.16611910320308e+001
9.11392125182170e+004	-9.16678684199494e+001
9.17731358730174e+004	-9.16746259050566e+001
9.24114685134442e+004	-9.16814638113196e+001
9.30542411085044e+004	-9.16883824665515e+001
9.37014845405246e+004	-9.16953822024515e+001
9.43532299066351e+004	-9.17024633545721e+001
9.50095085202638e+004	-9.17096262623796e+001
9.56703519126407e+004	-9.17168712692253e+001
9.63357918343130e+004	-9.17241987224150e+001
9.70058602566702e+004	-9.17316089731710e+001
9.76805893734805e+004	-9.17391023767241e+001
9.83600116024376e+004	-9.17466792922070e+001
9.90441595867178e+004	-9.17543400828161e+001
9.97330661965489e+004	-9.17620851157129e+001
1.00000000000000e+005	-9.17650943323220e+001
