time	Id(M1)
0.000000000000000e+000	1.012523e-010
9.765624940649698e-012	-5.014248e-007
1.953124988129940e-011	-9.698124e-007
2.197265611646182e-011	-1.076551e-006
2.685546858678667e-011	-1.249562e-006
3.662109352743637e-011	-1.614127e-006
5.615234340873576e-011	-2.443963e-006
9.521484317133455e-011	-3.978250e-006
1.733398426965321e-010	-6.965207e-006
3.295898417469273e-010	-1.287485e-005
6.420898398477176e-010	-2.421308e-005
1.221512257274973e-009	-4.377124e-005
2.037628602913189e-009	-6.767696e-005
3.238230584271410e-009	-9.330284e-005
4.820297388414612e-009	-1.035880e-004
6.982926918135331e-009	-5.848170e-005
9.783275751471353e-009	1.362399e-004
1.353769408518237e-008	7.008232e-004
1.849002358862797e-008	2.071517e-003
2.533686546803010e-008	5.253528e-003
3.504869836660486e-008	1.245701e-002
5.009230143063499e-008	3.007372e-002
7.614293458159348e-008	7.992470e-002
1.282442008835104e-007	2.507468e-001
2.324467334873443e-007	8.546792e-001
4.408517986950122e-007	2.983588e+000
8.576619291103478e-007	9.294467e+000
1.124158958725293e-006	1.452253e+001
1.365485218465933e-006	2.011684e+001
1.592685558260156e-006	2.579965e+001
1.746531743857545e-006	2.964571e+001
1.842973964192907e-006	3.148660e+001
1.896719388480647e-006	3.093057e+001
1.929789465375834e-006	2.743192e+001
1.945670893755580e-006	2.327478e+001
1.961298152612753e-006	1.841279e+001
1.977933015908338e-006	1.460450e+001
1.991357424959363e-006	1.269384e+001
2.006350622429911e-006	1.148679e+001
2.022115800704910e-006	1.079534e+001
2.041417801679999e-006	1.038182e+001
2.063542490005488e-006	1.017708e+001
2.092865197985155e-006	1.008240e+001
2.130905340276894e-006	1.004893e+001
2.189207661866897e-006	1.003919e+001
2.282195309581962e-006	1.003503e+001
2.468170605012092e-006	1.002944e+001
2.840121195872351e-006	1.002187e+001
3.584022377592869e-006	1.001308e+001
4.128005888620687e-006	1.000955e+001
5.000000000000000e-006	1.000757e+001
5.087199411137932e-006	1.000325e+001
5.261598233413795e-006	1.000020e+001
5.610395877965520e-006	9.999936e+000
6.094157853657930e-006	1.000002e+001
7.061681805042749e-006	9.999981e+000
8.038244305042749e-006	9.999984e+000
9.014806805042749e-006	9.999981e+000
9.991369305042750e-006	9.999983e+000
1.096793180504275e-005	9.999981e+000
1.194449430504275e-005	9.999983e+000
1.292105680504275e-005	9.999981e+000
1.389761930504275e-005	9.999983e+000
1.487418180504276e-005	9.999981e+000
1.585074430504276e-005	9.999983e+000
1.682730680504276e-005	9.999982e+000
1.780386930504276e-005	9.999983e+000
1.878043180504276e-005	9.999982e+000
1.975699430504276e-005	9.999983e+000
2.073355680504276e-005	9.999982e+000
2.171011930504276e-005	9.999983e+000
2.268668180504276e-005	9.999982e+000
2.366324430504276e-005	9.999983e+000
2.463980680504276e-005	9.999982e+000
2.561636930504276e-005	9.999983e+000
2.659293180504277e-005	9.999982e+000
2.756949430504277e-005	9.999983e+000
2.854605680504277e-005	9.999982e+000
2.952261930504277e-005	9.999983e+000
3.049918180504277e-005	9.999983e+000
3.147574430504277e-005	9.999983e+000
3.245230680504277e-005	9.999982e+000
3.342886930504277e-005	9.999983e+000
3.440543180504277e-005	9.999983e+000
3.538199430504277e-005	9.999983e+000
3.635855680504277e-005	9.999983e+000
3.733511930504278e-005	9.999983e+000
3.831168180504278e-005	9.999983e+000
3.928824430504278e-005	9.999983e+000
4.026480680504278e-005	9.999982e+000
4.124136930504278e-005	9.999982e+000
4.221793180504278e-005	9.999982e+000
4.319449430504278e-005	9.999983e+000
4.417105680504278e-005	9.999983e+000
4.514761930504278e-005	9.999983e+000
4.612418180504278e-005	9.999982e+000
4.710074430504278e-005	9.999982e+000
4.807730680504278e-005	9.999982e+000
4.905386930504279e-005	9.999982e+000
5.003043180504279e-005	9.999982e+000
5.100699430504279e-005	9.999982e+000
5.198355680504279e-005	9.999982e+000
5.296011930504279e-005	9.999983e+000
5.393668180504279e-005	9.999975e+000
5.402343750000000e-005	9.999978e+000
5.419694888991443e-005	9.999985e+000
5.454397166974327e-005	9.999982e+000
5.500000000000000e-005	9.999959e+000
5.504560283302568e-005	9.997142e+000
5.513680849907702e-005	9.994215e+000
5.531921983117971e-005	9.992945e+000
5.561424946256770e-005	9.992032e+000
5.617357998214253e-005	9.988909e+000
5.715014248214253e-005	9.976877e+000
5.812670498214253e-005	9.940716e+000
5.857419370231349e-005	9.884138e+000
5.884653671688482e-005	9.782977e+000
5.900766903231616e-005	9.612741e+000
5.910801692907877e-005	9.307514e+000
5.917822834030482e-005	8.769064e+000
5.922815548959296e-005	8.102312e+000
5.927479288706830e-005	7.357851e+000
5.934425543992212e-005	6.248435e+000
5.941871111114392e-005	5.102381e+000
5.951383513453575e-005	3.794323e+000
5.966454948583565e-005	2.104085e+000
5.981951558399538e-005	8.981879e-001
6.000000000000000e-005	3.726459e-002
6.000130224163065e-005	3.613184e-002
6.000390672489193e-005	3.419423e-002
6.000911569141449e-005	3.165850e-002
6.001560512194811e-005	3.002702e-002
6.002361499380534e-005	2.917093e-002
6.003301724720940e-005	2.875728e-002
6.004669621948644e-005	2.846568e-002
6.006702386516114e-005	2.815936e-002
6.010500019670408e-005	2.766577e-002
6.018095285978995e-005	2.680447e-002
6.033285818596169e-005	2.518856e-002
6.052181333167622e-005	2.254790e-002
6.064961224579620e-005	1.912896e-002
6.076758456996958e-005	1.381109e-002
6.090753300314807e-005	6.323865e-003
6.096521500788269e-005	3.790033e-003
6.101686989095594e-005	2.343955e-003
6.107778162721559e-005	1.310032e-003
6.114303732617819e-005	6.499451e-004
6.117565665158617e-005	4.548805e-004
6.121778235966564e-005	2.999101e-004
6.125403486492958e-005	2.084449e-004
6.129590860314726e-005	1.377101e-004
6.133351068556288e-005	9.462023e-005
6.137480723958007e-005	6.305955e-005
6.141590540886051e-005	4.186826e-005
6.145484431980595e-005	2.845245e-005
6.149562870850417e-005	1.900100e-005
6.153363036808769e-005	1.304615e-005
6.157487263669595e-005	8.733705e-006
6.161963121580371e-005	5.671219e-006
6.167304967422383e-005	3.403954e-006
6.173554951514200e-005	1.883064e-006
6.181599817367467e-005	8.868778e-007
6.191669539414576e-005	3.512234e-007
6.206546104371301e-005	9.374868e-008
6.228296422111784e-005	1.290081e-008
6.271253112237196e-005	-1.879622e-010
6.357166492488022e-005	1.305779e-010
6.454822742488022e-005	9.367795e-011
6.552478992488022e-005	1.065246e-010
6.650135242488022e-005	9.833911e-011
6.747791492488022e-005	1.035687e-010
6.845447742488022e-005	9.993073e-011
7.138416492488022e-005	1.019771e-010
9.940895484976049e-005	1.512975e-010
1.000000000000000e-004	4.266485e-006
1.000013003003866e-004	-3.755630e-005
1.000039009011599e-004	-6.384973e-005
1.000091021027064e-004	1.296099e-004
1.000132588447677e-004	6.397844e-004
1.000175789139842e-004	1.722200e-003
1.000235120731421e-004	4.238546e-003
1.000326641083691e-004	1.042510e-002
1.000465019192423e-004	2.519525e-002
1.000698921653076e-004	6.598559e-002
1.001166726574382e-004	2.055092e-001
1.002102336416993e-004	6.991107e-001
1.003973556102217e-004	2.449210e+000
1.007715995472664e-004	7.715249e+000
1.010358021879021e-004	1.262879e+001
1.012906653089542e-004	1.833179e+001
1.015355604395927e-004	2.434943e+001
1.017090246621322e-004	2.872821e+001
1.018313927338326e-004	3.130948e+001
1.018929325433782e-004	3.110712e+001
1.019277402459964e-004	2.781066e+001
1.019453073045120e-004	2.333720e+001
1.019605994874699e-004	1.858216e+001
1.019773103530338e-004	1.469829e+001
1.019904165667997e-004	1.278306e+001
1.020051359585927e-004	1.155701e+001
1.020208952398295e-004	1.083407e+001
1.020399779620684e-004	1.040217e+001
1.020618571397618e-004	1.018660e+001
1.020905402483073e-004	1.008637e+001
1.021278114413705e-004	1.005019e+001
1.021842594828912e-004	1.003955e+001
1.022742020823724e-004	1.003531e+001
1.024540872813349e-004	1.002982e+001
1.028138576792599e-004	1.002230e+001
1.035333984751099e-004	1.001353e+001
1.041297125171866e-004	1.000957e+001
1.050000000000000e-004	1.000746e+001
1.050870287482814e-004	1.000322e+001
1.052610862448440e-004	1.000021e+001
1.056092012379694e-004	9.999936e+000
1.060921804078430e-004	1.000002e+001
1.070581387475901e-004	9.999980e+000
1.080347012475901e-004	9.999984e+000
1.090112637475901e-004	9.999981e+000
1.099878262475901e-004	9.999983e+000
1.109643887475901e-004	9.999981e+000
1.119409512475901e-004	9.999983e+000
1.129175137475901e-004	9.999981e+000
1.138940762475901e-004	9.999983e+000
1.148706387475901e-004	9.999982e+000
1.158472012475901e-004	9.999983e+000
1.168237637475901e-004	9.999982e+000
1.178003262475902e-004	9.999983e+000
1.187768887475902e-004	9.999982e+000
1.197534512475902e-004	9.999983e+000
1.207300137475902e-004	9.999982e+000
1.217065762475902e-004	9.999983e+000
1.226831387475901e-004	9.999982e+000
1.236597012475901e-004	9.999983e+000
1.246362637475901e-004	9.999982e+000
1.256128262475901e-004	9.999983e+000
1.265893887475901e-004	9.999982e+000
1.275659512475901e-004	9.999983e+000
1.285425137475901e-004	9.999983e+000
1.295190762475901e-004	9.999983e+000
1.304956387475901e-004	9.999983e+000
1.314722012475901e-004	9.999983e+000
1.324487637475901e-004	9.999982e+000
1.334253262475902e-004	9.999983e+000
1.344018887475902e-004	9.999983e+000
1.353784512475902e-004	9.999983e+000
1.363550137475902e-004	9.999982e+000
1.373315762475902e-004	9.999982e+000
1.383081387475902e-004	9.999982e+000
1.392847012475902e-004	9.999983e+000
1.402612637475902e-004	9.999982e+000
1.412378262475902e-004	9.999982e+000
1.422143887475902e-004	9.999982e+000
1.431909512475902e-004	9.999983e+000
1.441675137475902e-004	9.999983e+000
1.451440762475902e-004	9.999983e+000
1.461206387475902e-004	9.999982e+000
1.470972012475902e-004	9.999982e+000
1.480737637475902e-004	9.999982e+000
1.490503262475902e-004	9.999982e+000
1.500268887475902e-004	9.999982e+000
1.510034512475902e-004	9.999982e+000
1.519800137475902e-004	9.999982e+000
1.529565762475902e-004	9.999983e+000
1.539331387475902e-004	9.999975e+000
1.540234375000000e-004	9.999978e+000
1.542040350048197e-004	9.999984e+000
1.545652300144591e-004	9.999982e+000
1.550000000000000e-004	9.999958e+000
1.550434769985541e-004	9.997198e+000
1.551304309956623e-004	9.994278e+000
1.553043389898786e-004	9.992989e+000
1.555904766148043e-004	9.992126e+000
1.561193121814935e-004	9.989271e+000
1.570958746814935e-004	9.977970e+000
1.580724371814935e-004	9.944088e+000
1.585638934652034e-004	9.885687e+000
1.588419274569477e-004	9.784673e+000
1.590092521072098e-004	9.606320e+000
1.591127871081392e-004	9.274031e+000
1.591835917645081e-004	8.700549e+000
1.592348376393496e-004	7.998396e+000
1.592829157441823e-004	7.227278e+000
1.593529232411164e-004	6.111225e+000
1.594282041703493e-004	4.962517e+000
1.595278898005291e-004	3.621660e+000
1.596916190426044e-004	1.828985e+000
1.598169905111804e-004	8.828002e-001
1.600000000000000e-004	3.709311e-002
1.600012826426465e-004	3.600988e-002
1.600038479279394e-004	3.413309e-002
1.600089784985252e-004	3.165847e-002
1.600155262175719e-004	3.002192e-002
1.600235219693215e-004	2.916887e-002
1.600329929607035e-004	2.875457e-002
1.600466163855273e-004	2.846486e-002
1.600670942871188e-004	2.815675e-002
1.601050437127481e-004	2.766367e-002
1.601809425640068e-004	2.680324e-002
1.603327402665241e-004	2.518848e-002
1.605217606034145e-004	2.254621e-002
1.606495868011064e-004	1.912532e-002
1.607675595909217e-004	1.380632e-002
1.609074816269951e-004	6.320917e-003
1.609651854344077e-004	3.787036e-003
1.610168467376043e-004	2.341736e-003
1.610777452359620e-004	1.309104e-003
1.611431465573862e-004	6.485411e-004
1.611758103158647e-004	4.535944e-004
1.612179285128469e-004	2.990625e-004
1.612541488814241e-004	2.079191e-004
1.612959811244679e-004	1.374197e-004
1.613335421983136e-004	9.446354e-005
1.613748360104280e-004	6.296107e-005
1.614159537752201e-004	4.179454e-005
1.614548783511427e-004	2.840615e-005
1.614956821989204e-004	1.896637e-005
1.615336560073739e-004	1.302606e-005
1.615749422495979e-004	8.724529e-006
1.616208195558255e-004	5.612936e-006
1.616758935098842e-004	3.318585e-006
1.617406938825033e-004	1.797886e-006
1.618245440331984e-004	8.218137e-007
1.619306230609117e-004	3.108958e-007
1.620896727660242e-004	7.636268e-008
1.623275686836462e-004	8.277159e-009
1.628033605188903e-004	-3.096071e-010
1.637549441893783e-004	1.303622e-010
1.647315066893783e-004	8.651568e-011
1.657080691893783e-004	1.116405e-010
1.666846316893783e-004	9.504220e-011
1.676611941893783e-004	1.058424e-010
1.686377566893783e-004	9.879386e-011
1.696143191893783e-004	1.034550e-010
1.705908816893783e-004	1.003855e-010
1.995510267575134e-004	4.073842e-011
2.000000000000000e-004	-4.387236e-006
2.000009877420742e-004	-3.360978e-005
2.000029632262224e-004	-8.185824e-005
2.000049301148415e-004	-1.007995e-004
2.000068263394162e-004	-6.390677e-005
2.000096683495525e-004	1.249138e-004
2.000131786257876e-004	6.331978e-004
2.000182395382245e-004	1.984843e-003
2.000247448604247e-004	4.919336e-003
2.000344501014445e-004	1.191045e-002
2.000487043657586e-004	2.812175e-002
2.000741449097864e-004	7.550068e-002
2.001250259978420e-004	2.380890e-001
2.002267881739533e-004	8.143560e-001
2.004303125261757e-004	2.851157e+000
2.008373612306207e-004	8.906885e+000
2.010997641169333e-004	1.398805e+001
2.013455223102173e-004	1.963673e+001
2.015789609994490e-004	2.545062e+001
2.017356377966613e-004	2.938653e+001
2.018372781862337e-004	3.142450e+001
2.018932999415810e-004	3.115758e+001
2.019272663149590e-004	2.797179e+001
2.019442758134493e-004	2.365794e+001
2.019593265807762e-004	1.891120e+001
2.019757170910891e-004	1.496266e+001
2.019884559062793e-004	1.299486e+001
2.020028560489024e-004	1.170329e+001
2.020186021659841e-004	1.091325e+001
2.020372069314752e-004	1.044525e+001
2.020585936473591e-004	1.020731e+001
2.020860971801280e-004	1.009521e+001
2.021219331573903e-004	1.005304e+001
2.021749533287295e-004	1.004034e+001
2.022585913441600e-004	1.003588e+001
2.024258673750210e-004	1.003060e+001
2.027604194367431e-004	1.002321e+001
2.034295235601873e-004	1.001452e+001
2.041305399827096e-004	1.000963e+001
2.050000000000000e-004	1.000756e+001
2.050869460017291e-004	1.000326e+001
2.052608380051872e-004	1.000021e+001
2.056086220121033e-004	9.999936e+000
2.060911934547702e-004	1.000002e+001
2.070563363401038e-004	9.999981e+000
2.080328988401038e-004	9.999984e+000
2.090094613401038e-004	9.999981e+000
2.099860238401038e-004	9.999984e+000
2.109625863401038e-004	9.999981e+000
2.119391488401038e-004	9.999983e+000
2.129157113401038e-004	9.999981e+000
2.138922738401038e-004	9.999983e+000
2.148688363401038e-004	9.999982e+000
2.158453988401038e-004	9.999983e+000
2.168219613401038e-004	9.999982e+000
2.177985238401038e-004	9.999983e+000
2.187750863401038e-004	9.999982e+000
2.197516488401038e-004	9.999983e+000
2.207282113401038e-004	9.999982e+000
2.217047738401038e-004	9.999983e+000
2.226813363401038e-004	9.999982e+000
2.236578988401038e-004	9.999983e+000
2.246344613401039e-004	9.999982e+000
2.256110238401039e-004	9.999983e+000
2.265875863401039e-004	9.999982e+000
2.275641488401039e-004	9.999983e+000
2.285407113401039e-004	9.999983e+000
2.295172738401039e-004	9.999983e+000
2.304938363401039e-004	9.999983e+000
2.314703988401039e-004	9.999983e+000
2.324469613401039e-004	9.999983e+000
2.334235238401039e-004	9.999983e+000
2.344000863401039e-004	9.999982e+000
2.353766488401039e-004	9.999982e+000
2.363532113401039e-004	9.999982e+000
2.373297738401039e-004	9.999982e+000
2.383063363401039e-004	9.999982e+000
2.392828988401039e-004	9.999983e+000
2.402594613401039e-004	9.999982e+000
2.412360238401039e-004	9.999982e+000
2.422125863401039e-004	9.999982e+000
2.431891488401039e-004	9.999983e+000
2.441657113401039e-004	9.999983e+000
2.451422738401039e-004	9.999983e+000
2.461188363401039e-004	9.999983e+000
2.470953988401039e-004	9.999983e+000
2.480719613401039e-004	9.999983e+000
2.490485238401039e-004	9.999983e+000
2.500250863401039e-004	9.999983e+000
2.510016488401039e-004	9.999983e+000
2.519782113401039e-004	9.999983e+000
2.529547738401039e-004	9.999983e+000
2.539313363401039e-004	9.999975e+000
2.540234375000000e-004	9.999979e+000
2.542076398197923e-004	9.999985e+000
2.545760444593769e-004	9.999982e+000
2.550000000000000e-004	9.999958e+000
2.550423955540624e-004	9.997228e+000
2.551271866621870e-004	9.994312e+000
2.552967688784362e-004	9.993011e+000
2.555783933402357e-004	9.992173e+000
2.560918985726344e-004	9.989448e+000
2.570684610726344e-004	9.978492e+000
2.580450235726344e-004	9.945756e+000
2.585560917136014e-004	9.887150e+000
2.588372260814073e-004	9.787314e+000
2.590074222931619e-004	9.608746e+000
2.591124634699248e-004	9.273564e+000
2.591839472168835e-004	8.694631e+000
2.592355679743408e-004	7.986831e+000
2.592839907614427e-004	7.209989e+000
2.593541285825780e-004	6.092210e+000
2.594296256202684e-004	4.941716e+000
2.595299340831977e-004	3.597038e+000
2.596957600624937e-004	1.788112e+000
2.598166551951655e-004	8.800398e-001
2.600000000000000e-004	3.707023e-002
2.600012802010348e-004	3.599412e-002
2.600038406031043e-004	3.412541e-002
2.600089614072433e-004	3.165847e-002
2.600155166326431e-004	3.002132e-002
2.600235107007413e-004	2.916870e-002
2.600329906284911e-004	2.875433e-002
2.600466074439572e-004	2.846486e-002
2.600671053314688e-004	2.815650e-002
2.601050534364849e-004	2.766345e-002
2.601809496465171e-004	2.680309e-002
2.603327420665814e-004	2.518839e-002
2.605217597024847e-004	2.254609e-002
2.606495863743126e-004	1.912506e-002
2.607675596093478e-004	1.380596e-002
2.609074796622615e-004	6.320722e-003
2.609651886511066e-004	3.786706e-003
2.610168511504452e-004	2.341475e-003
2.610777486511173e-004	1.308970e-003
2.611431550588039e-004	6.484524e-004
2.611758304188066e-004	4.534744e-004
2.612179518471708e-004	2.989697e-004
2.612541706506913e-004	2.078567e-004
2.612959994381496e-004	1.373830e-004
2.613335561296228e-004	9.444269e-005
2.613748488078389e-004	6.294836e-005
2.614159695489249e-004	4.178486e-005
2.614548912584208e-004	2.840036e-005
2.614956992783432e-004	1.896171e-005
2.615336674710643e-004	1.302360e-005
2.615749629494272e-004	8.723726e-006
2.616210686319854e-004	5.601846e-006
2.616764821509665e-004	3.301822e-006
2.617417545931944e-004	1.781163e-006
2.618263078106833e-004	8.091646e-007
2.619335056587871e-004	3.032186e-007
2.620947260769386e-004	7.317978e-008
2.623369958111805e-004	7.498026e-009
2.628215352796641e-004	-3.129420e-010
2.637906142166315e-004	1.275575e-010
2.647671767166315e-004	8.503775e-011
2.657437392166315e-004	1.118678e-010
2.667203017166315e-004	9.447376e-011
2.676968642166315e-004	1.059561e-010
2.686734267166315e-004	9.856649e-011
2.696499892166315e-004	1.034550e-010
2.706265517166315e-004	1.002718e-010
2.747488839285714e-004	1.116658e-010
2.788712161405113e-004	1.156987e-010
2.829935483524513e-004	1.123706e-010
2.871158805643913e-004	1.016814e-010
2.912382127763312e-004	8.363120e-011
2.953605449882711e-004	5.821995e-011
2.994828772002111e-004	2.544767e-011
3.000000000000000e-004	-4.415820e-006
3.000011376712150e-004	-3.713755e-005
3.000034130136450e-004	-8.430542e-005
3.000059446903794e-004	-8.332213e-005
3.000083121087144e-004	1.275953e-005
3.000115060325311e-004	3.461431e-004
3.000156237804754e-004	1.188498e-003
3.000214966893235e-004	3.281976e-003
3.000293997199610e-004	7.880032e-003
3.000413381867008e-004	1.883378e-002
3.000601554430176e-004	4.649385e-002
3.000967308880971e-004	1.366644e-001
3.001698817782563e-004	4.520036e-001
3.003161835585746e-004	1.573054e+000
3.006087871192112e-004	5.218063e+000
3.009972806367379e-004	1.196480e+001
3.012628698221098e-004	1.767681e+001
3.014965742162319e-004	2.335919e+001
3.016834256399901e-004	2.808027e+001
3.018310131312578e-004	3.122410e+001
3.018975007526875e-004	3.052837e+001
3.019327844667090e-004	2.640755e+001
3.019495660776330e-004	2.195826e+001
3.019665863639648e-004	1.705409e+001
3.019845334490417e-004	1.358202e+001
3.019992584428969e-004	1.195130e+001
3.020149893393395e-004	1.103496e+001
3.020314543177840e-004	1.054336e+001
3.020527534481356e-004	1.025191e+001
3.020777784092432e-004	1.011594e+001
3.021122948148726e-004	1.005938e+001
3.021583996142248e-004	1.004214e+001
3.022345672722848e-004	1.003683e+001
3.023667228167481e-004	1.003230e+001
3.026310339056748e-004	1.002563e+001
3.031596560835280e-004	1.001746e+001
3.040383351809225e-004	1.000996e+001
3.040510292609938e-004	1.000978e+001
3.040679547010888e-004	1.000962e+001
3.041018055812789e-004	1.000941e+001
3.041695073416591e-004	1.000908e+001
3.043049108624193e-004	1.000850e+001
3.045757179039399e-004	1.000749e+001
3.050000000000000e-004	1.000460e+001
3.050424282096061e-004	1.000289e+001
3.051272846288181e-004	1.000067e+001
3.052969974672422e-004	9.999875e+000
3.055822029155480e-004	1.000002e+001
3.061128461573126e-004	9.999968e+000
3.070894086573126e-004	9.999983e+000
3.080659711573126e-004	9.999982e+000
3.090425336573126e-004	9.999983e+000
3.100190961573126e-004	9.999982e+000
3.109956586573126e-004	9.999983e+000
3.119722211573126e-004	9.999982e+000
3.129487836573126e-004	9.999983e+000
3.139253461573126e-004	9.999982e+000
3.149019086573126e-004	9.999983e+000
3.158784711573126e-004	9.999982e+000
3.168550336573126e-004	9.999983e+000
3.178315961573126e-004	9.999982e+000
3.188081586573126e-004	9.999983e+000
3.197847211573126e-004	9.999982e+000
3.207612836573126e-004	9.999983e+000
3.217378461573126e-004	9.999982e+000
3.227144086573126e-004	9.999983e+000
3.236909711573126e-004	9.999982e+000
3.246675336573126e-004	9.999983e+000
3.256440961573126e-004	9.999983e+000
3.266206586573126e-004	9.999983e+000
3.275972211573126e-004	9.999983e+000
3.285737836573126e-004	9.999983e+000
3.295503461573126e-004	9.999983e+000
3.305269086573126e-004	9.999983e+000
3.315034711573126e-004	9.999983e+000
3.324800336573126e-004	9.999983e+000
3.334565961573126e-004	9.999983e+000
3.344331586573126e-004	9.999983e+000
3.354097211573126e-004	9.999982e+000
3.363862836573126e-004	9.999982e+000
3.373628461573126e-004	9.999982e+000
3.383394086573126e-004	9.999983e+000
3.393159711573126e-004	9.999983e+000
3.402925336573126e-004	9.999983e+000
3.412690961573126e-004	9.999983e+000
3.422456586573126e-004	9.999983e+000
3.432222211573126e-004	9.999983e+000
3.441987836573126e-004	9.999983e+000
3.451753461573126e-004	9.999983e+000
3.461519086573126e-004	9.999983e+000
3.471284711573126e-004	9.999982e+000
3.481050336573126e-004	9.999982e+000
3.490815961573126e-004	9.999983e+000
3.500581586573126e-004	9.999983e+000
3.510347211573127e-004	9.999983e+000
3.520112836573127e-004	9.999983e+000
3.529878461573127e-004	9.999983e+000
3.539644086573127e-004	9.999998e+000
3.540234375000001e-004	9.999991e+000
3.541414951853749e-004	9.999979e+000
3.543776105561246e-004	9.999981e+000
3.545277692585008e-004	9.999982e+000
3.546996825952477e-004	9.999983e+000
3.550000000000000e-004	9.999991e+000
3.550300317404753e-004	9.997680e+000
3.550900952214258e-004	9.994831e+000
3.552102221833267e-004	9.993288e+000
3.554413854459024e-004	9.992660e+000
3.557893187426234e-004	9.991214e+000
3.564851853360652e-004	9.986446e+000
3.574617478360652e-004	9.969758e+000
3.583137191749339e-004	9.924331e+000
3.586639373581313e-004	9.863690e+000
3.588869618532166e-004	9.758367e+000
3.590206578411609e-004	9.597897e+000
3.591061334312761e-004	9.335732e+000
3.591714085254648e-004	8.855483e+000
3.592192454533412e-004	8.237761e+000
3.592642836724757e-004	7.527044e+000
3.593335920693655e-004	6.418018e+000
3.594071252866672e-004	5.275578e+000
3.594976693719278e-004	4.000004e+000
3.596344069519348e-004	2.417368e+000
3.598122886238247e-004	9.760684e-001
3.600000000000000e-004	3.743028e-002
3.600013029248543e-004	3.625832e-002
3.600039087745628e-004	3.427884e-002
3.600091204739798e-004	3.170162e-002
3.600155664661610e-004	3.005453e-002
3.600235501169750e-004	2.918678e-002
3.600328828415908e-004	2.876882e-002
3.600464890241915e-004	2.847543e-002
3.600665863637996e-004	2.817100e-002
3.601040968437174e-004	2.768193e-002
3.601791178035529e-004	2.682845e-002
3.603291597232240e-004	2.522983e-002
3.605217976253583e-004	2.254452e-002
3.606506397551271e-004	1.910300e-002
3.607684190392624e-004	1.379204e-002
3.609082655277473e-004	6.309682e-003
3.609658374605033e-004	3.782914e-003
3.610173862952523e-004	2.341470e-003
3.610781710112981e-004	1.313776e-003
3.611458070791625e-004	6.352505e-004
3.611779639499891e-004	4.452198e-004
3.612195298261527e-004	2.952048e-004
3.612553217670745e-004	2.061894e-004
3.612967892203717e-004	1.368065e-004
3.613340989932940e-004	9.432171e-005
3.613754916942011e-004	6.282553e-005
3.614166148102528e-004	4.170048e-005
3.614556289129373e-004	2.831398e-005
3.614962814174447e-004	1.893357e-005
3.615344288337896e-004	1.298074e-005
3.615754006460699e-004	8.663850e-006
3.616134303263233e-004	5.956361e-006
3.616568177146008e-004	3.920718e-006
3.617059618838522e-004	2.450849e-006
3.617666471207146e-004	1.377139e-006
3.618382898536496e-004	7.016511e-007
3.619343240744826e-004	2.889017e-007
3.620584602421438e-004	9.372540e-008
3.622566856121747e-004	1.681888e-008
3.625720657217725e-004	3.825941e-010
3.632028259409682e-004	5.890228e-011
3.641793884409682e-004	1.045350e-010
3.651559509409682e-004	9.964651e-011
3.661325134409682e-004	1.026024e-010
3.708312168779727e-004	9.915642e-011
3.755299203149773e-004	9.765767e-011
3.802286237519818e-004	9.810612e-011
3.849273271889864e-004	1.005018e-010
3.896260306259909e-004	1.048446e-010
3.943247340629955e-004	1.111346e-010
3.990234375000000e-004	1.193719e-010
4.000000000000000e-004	2.927472e-006
4.000021484392367e-004	-4.541249e-005
4.000064453177101e-004	7.396787e-005
4.000150390746569e-004	1.182582e-003
4.000206907928370e-004	2.860430e-003
4.000272173911796e-004	6.238304e-003
4.000362230425038e-004	1.356290e-002
4.000542343451524e-004	3.682697e-002
4.000854067056972e-004	1.039659e-001
4.001477514267868e-004	3.387114e-001
4.002724408689661e-004	1.174339e+000
4.005218197533246e-004	4.098803e+000
4.010205775220417e-004	1.262070e+001
4.013243155910692e-004	1.915750e+001
4.015531166623074e-004	2.478716e+001
4.017151901649045e-004	2.888036e+001
4.018250718586747e-004	3.122258e+001
4.018849051890213e-004	3.136777e+001
4.019204250783582e-004	2.863209e+001
4.019398757519956e-004	2.404771e+001
4.019542572109067e-004	1.953984e+001
4.019706366637573e-004	1.539917e+001
4.019835848907134e-004	1.324988e+001
4.019977317414146e-004	1.186932e+001
4.020134783441413e-004	1.100254e+001
4.020314801421696e-004	1.049746e+001
4.020524636681618e-004	1.023248e+001
4.020787457766689e-004	1.010646e+001
4.021132715758313e-004	1.005683e+001
4.021628194890970e-004	1.004147e+001
4.022413642085450e-004	1.003654e+001
4.023938559287892e-004	1.003151e+001
4.026988393692778e-004	1.002433e+001
4.033088062502549e-004	1.001575e+001
4.040904301624760e-004	1.000992e+001
4.050000000000000e-004	1.000709e+001
4.050909569837524e-004	1.000307e+001
4.052728709512572e-004	1.000019e+001
4.056366988862669e-004	9.999939e+000
4.061371329099654e-004	1.000002e+001
4.071136954099654e-004	9.999981e+000
4.080902579099654e-004	9.999984e+000
4.090668204099654e-004	9.999981e+000
4.100433829099654e-004	9.999983e+000
4.110199454099654e-004	9.999981e+000
4.119965079099654e-004	9.999984e+000
4.129730704099654e-004	9.999982e+000
4.139496329099654e-004	9.999983e+000
4.149261954099654e-004	9.999982e+000
4.159027579099654e-004	9.999983e+000
4.168793204099654e-004	9.999981e+000
4.178558829099654e-004	9.999983e+000
4.188324454099654e-004	9.999982e+000
4.198090079099654e-004	9.999983e+000
4.207855704099654e-004	9.999982e+000
4.217621329099654e-004	9.999983e+000
4.227386954099654e-004	9.999982e+000
4.237152579099654e-004	9.999983e+000
4.246918204099654e-004	9.999982e+000
4.256683829099654e-004	9.999983e+000
4.266449454099654e-004	9.999982e+000
4.276215079099654e-004	9.999983e+000
4.285980704099654e-004	9.999982e+000
4.295746329099654e-004	9.999983e+000
4.305511954099654e-004	9.999982e+000
4.315277579099654e-004	9.999983e+000
4.325043204099654e-004	9.999983e+000
4.334808829099654e-004	9.999983e+000
4.344574454099654e-004	9.999983e+000
4.354340079099654e-004	9.999983e+000
4.364105704099654e-004	9.999983e+000
4.373871329099654e-004	9.999983e+000
4.383636954099654e-004	9.999982e+000
4.393402579099654e-004	9.999983e+000
4.403168204099654e-004	9.999983e+000
4.412933829099654e-004	9.999983e+000
4.422699454099654e-004	9.999983e+000
4.432465079099654e-004	9.999983e+000
4.442230704099654e-004	9.999983e+000
4.451996329099654e-004	9.999983e+000
4.461761954099654e-004	9.999983e+000
4.471527579099654e-004	9.999983e+000
4.481293204099654e-004	9.999983e+000
4.491058829099654e-004	9.999983e+000
4.500824454099654e-004	9.999982e+000
4.510590079099654e-004	9.999982e+000
4.520355704099654e-004	9.999982e+000
4.530121329099654e-004	9.999982e+000
4.539886954099654e-004	9.999966e+000
4.540234375000001e-004	9.999972e+000
4.540929216800694e-004	9.999985e+000
4.542318900402080e-004	9.999982e+000
4.545098267604852e-004	9.999983e+000
4.550000000000000e-004	9.999987e+000
4.550490173239515e-004	9.997071e+000
4.551470519718544e-004	9.994123e+000
4.553431212676604e-004	9.992874e+000
4.556527027489390e-004	9.991873e+000
4.562623431421795e-004	9.988274e+000
4.572389056421795e-004	9.974882e+000
4.582154681421795e-004	9.934408e+000
4.585947332858337e-004	9.881896e+000
4.588388450526002e-004	9.792785e+000
4.589842521267989e-004	9.661339e+000
4.590760898362072e-004	9.459799e+000
4.591473012505913e-004	9.079083e+000
4.591985099654719e-004	8.530130e+000
4.592453521723156e-004	7.830520e+000
4.592972626924278e-004	6.997756e+000
4.593686976137317e-004	5.863958e+000
4.594460225622491e-004	4.705574e+000
4.595554769523737e-004	3.285211e+000
4.597230730028225e-004	1.509218e+000
4.598037980782569e-004	8.377373e-001
4.598385498491312e-004	6.227632e-001
4.599080533908798e-004	3.178353e-001
4.600000000000000e-004	3.764272e-002
4.600016654642113e-004	3.608798e-002
4.600049963926338e-004	3.372679e-002
4.600116582494788e-004	3.093431e-002
4.600180489312957e-004	2.965525e-002
4.600268406120599e-004	2.897411e-002
4.600365343087542e-004	2.864462e-002
4.600531040949587e-004	2.834418e-002
4.600760642044840e-004	2.801764e-002
4.601219844235346e-004	2.744528e-002
4.602138248616358e-004	2.644195e-002
4.603975057378382e-004	2.445725e-002
4.605503580267719e-004	2.201722e-002
4.606668422615545e-004	1.841602e-002
4.607933324657244e-004	1.238223e-002
4.609313368008607e-004	5.184216e-003
4.609817589477196e-004	3.188711e-003
4.610366985650195e-004	1.903559e-003
4.610969916136597e-004	1.060212e-003
4.611646793649479e-004	5.122690e-004
4.611975201203433e-004	3.582084e-004
4.612468878449126e-004	2.200846e-004
4.612829123168944e-004	1.518894e-004
4.613225087401128e-004	1.025190e-004
4.613578456113101e-004	7.216632e-005
4.613976258969522e-004	4.904135e-005
4.614410447641766e-004	3.192020e-005
4.614807974727221e-004	2.156093e-005
4.615274509429374e-004	1.375157e-005
4.615789573968813e-004	8.403989e-006
4.616449590476391e-004	4.504143e-006
4.617225998864861e-004	2.173508e-006
4.618303510653489e-004	8.117077e-007
4.619724179275094e-004	2.248662e-007
4.622110119609689e-004	2.843664e-008
4.626166401022506e-004	-1.280720e-009
4.634278963848139e-004	2.330697e-010
4.644044588848139e-004	5.661605e-011
4.653810213848139e-004	1.311946e-010
4.663575838848139e-004	8.230927e-011
4.673341463848139e-004	1.141416e-010
4.683107088848139e-004	9.345058e-011
4.692872713848139e-004	1.070930e-010
4.702638338848139e-004	9.822543e-011
4.712403963848139e-004	1.039098e-010
4.722169588848139e-004	9.981704e-011
4.731935213848139e-004	1.020908e-010
4.985841463848139e-004	2.682886e-010
4.991214177696279e-004	-5.778323e-010
4.996080789214886e-004	-1.658423e-011
5.000000000000000e-004	-1.031103e-005
5.000008622273074e-004	-3.234572e-005
5.000025866819222e-004	-7.609965e-005
5.000043572481698e-004	-1.027323e-004
5.000059743803478e-004	-8.876545e-005
5.000086541840724e-004	3.717951e-005
5.000117741261499e-004	3.915031e-004
5.000164492320353e-004	1.415810e-003
5.000221819684327e-004	3.598674e-003
5.000308514476455e-004	8.942963e-003
5.000429355880262e-004	2.070427e-002
5.000639165299136e-004	5.353719e-002
5.001030518204027e-004	1.562923e-001
5.001813224013808e-004	5.156256e-001
5.003378635633372e-004	1.788098e+000
5.006509458872499e-004	5.808482e+000
5.009942177298995e-004	1.183859e+001
5.012442130572663e-004	1.723043e+001
5.014788368454785e-004	2.291469e+001
5.016741681818237e-004	2.785574e+001
5.018211433621243e-004	3.111980e+001
5.018908591972232e-004	3.103602e+001
5.019284735874327e-004	2.747783e+001
5.019472348911499e-004	2.270977e+001
5.019630302713836e-004	1.794844e+001
5.019804075789387e-004	1.420024e+001
5.019942003043341e-004	1.241102e+001
5.020106289324542e-004	1.124973e+001
5.020259912396480e-004	1.067534e+001
5.020467517876945e-004	1.031311e+001
5.020692715447486e-004	1.014719e+001
5.021018184614483e-004	1.006986e+001
5.021420600542475e-004	1.004517e+001
5.022093886178847e-004	1.003802e+001
5.023150416999204e-004	1.003391e+001
5.025263478639916e-004	1.002797e+001
5.029489601921341e-004	1.002023e+001
5.037941848484190e-004	1.001140e+001
5.041198323355331e-004	1.000935e+001
5.043487050257719e-004	1.000832e+001
5.045422546195225e-004	1.000756e+001
5.046129008124988e-004	1.000731e+001
5.047541931984514e-004	1.000688e+001
5.050000000000000e-004	1.000758e+001
5.050245806801549e-004	1.000461e+001
5.050737420404645e-004	1.000143e+001
5.051720647610840e-004	9.999949e+000
5.053687102023229e-004	9.999980e+000
5.056577674316772e-004	9.999987e+000
5.062358818903859e-004	9.999979e+000
5.072124443903859e-004	9.999982e+000
5.081890068903859e-004	9.999982e+000
5.091655693903859e-004	9.999982e+000
5.101421318903859e-004	9.999982e+000
5.111186943903859e-004	9.999983e+000
5.120952568903859e-004	9.999983e+000
5.130718193903859e-004	9.999983e+000
5.140483818903859e-004	9.999983e+000
5.150249443903859e-004	9.999983e+000
5.160015068903859e-004	9.999983e+000
5.169780693903859e-004	9.999983e+000
5.179546318903859e-004	9.999982e+000
5.189311943903859e-004	9.999983e+000
5.199077568903859e-004	9.999983e+000
5.208843193903859e-004	9.999983e+000
5.218608818903859e-004	9.999983e+000
5.228374443903859e-004	9.999983e+000
5.238140068903859e-004	9.999982e+000
5.247905693903859e-004	9.999983e+000
5.257671318903859e-004	9.999983e+000
5.267436943903859e-004	9.999983e+000
5.277202568903859e-004	9.999982e+000
5.286968193903859e-004	9.999983e+000
5.296733818903859e-004	9.999983e+000
5.306499443903859e-004	9.999983e+000
5.316265068903859e-004	9.999983e+000
5.326030693903859e-004	9.999983e+000
5.335796318903859e-004	9.999983e+000
5.345561943903859e-004	9.999982e+000
5.355327568903859e-004	9.999982e+000
5.365093193903859e-004	9.999982e+000
5.374858818903859e-004	9.999983e+000
5.384624443903859e-004	9.999983e+000
5.394390068903859e-004	9.999983e+000
5.404155693903859e-004	9.999983e+000
5.413921318903859e-004	9.999983e+000
5.423686943903859e-004	9.999983e+000
5.433452568903859e-004	9.999982e+000
5.443218193903859e-004	9.999982e+000
5.452983818903859e-004	9.999982e+000
5.462749443903859e-004	9.999983e+000
5.472515068903859e-004	9.999983e+000
5.482280693903859e-004	9.999983e+000
5.492046318903859e-004	9.999983e+000
5.501811943903859e-004	9.999983e+000
5.511577568903859e-004	9.999982e+000
5.521343193903859e-004	9.999982e+000
5.531108818903859e-004	9.999982e+000
5.540874443903859e-004	9.999982e+000
5.550000000000001e-004	1.000003e+001
5.550912555609615e-004	9.996474e+000
5.552737666828843e-004	9.993395e+000
5.556387889267299e-004	9.991848e+000
5.561264304204008e-004	9.989324e+000
5.571017134077426e-004	9.977890e+000
5.580782759077426e-004	9.943528e+000
5.585625657752229e-004	9.886855e+000
5.588380948718387e-004	9.787374e+000
5.590040244063872e-004	9.617664e+000
5.591068425278604e-004	9.308340e+000
5.591795644400712e-004	8.746893e+000
5.592312040725141e-004	8.054206e+000
5.592804453729053e-004	7.267334e+000
5.593493927804689e-004	6.166808e+000
5.594240641673924e-004	5.023376e+000
5.595221976064151e-004	3.690975e+000
5.596802093110782e-004	1.943116e+000
5.598179062611516e-004	8.903110e-001
5.600000000000001e-004	3.715651e-002
5.600012898034958e-004	3.605505e-002
5.600038694104873e-004	3.415584e-002
5.600090286244703e-004	3.165859e-002
5.600155544130311e-004	3.002374e-002
5.600235550482526e-004	2.916946e-002
5.600329999579152e-004	2.875536e-002
5.600466427409001e-004	2.846495e-002
5.600670624947682e-004	2.815754e-002
5.601050156719864e-004	2.766436e-002
5.601809220264227e-004	2.680376e-002
5.603327347352956e-004	2.518881e-002
5.605217662564815e-004	2.254663e-002
5.606495922830313e-004	1.912610e-002
5.607675634319638e-004	1.380746e-002
5.609074917498302e-004	6.321633e-003
5.609651925917488e-004	3.787678e-003
5.610168518838580e-004	2.342220e-003
5.610777528030146e-004	1.309325e-003
5.611431297323138e-004	6.488087e-004
5.611757863624753e-004	4.538309e-004
5.612179056171764e-004	2.992188e-004
5.612541315941841e-004	2.080168e-004
5.612959711588757e-004	1.374742e-004
5.613335395993584e-004	9.449334e-005
5.613748340756911e-004	6.297974e-005
5.614159480022034e-004	4.180858e-005
5.614548757456281e-004	2.841483e-005
5.614956750446011e-004	1.897304e-005
5.615336553403087e-004	1.302977e-005
5.615749309344732e-004	8.726539e-006
5.616206174028657e-004	5.623071e-006
5.616753982268238e-004	3.333460e-006
5.617398049355216e-004	1.812405e-006
5.618230509022726e-004	8.328549e-007
5.619281971979992e-004	3.175818e-007
5.620854026272473e-004	7.917453e-008
5.623196709984697e-004	8.985428e-009
5.627882077409145e-004	-3.015733e-010
5.637252812258040e-004	1.320402e-010
5.647018437258040e-004	8.708412e-011
5.656784062258040e-004	1.108447e-010
5.666549687258040e-004	9.538326e-011
5.676315312258040e-004	1.056151e-010
5.686080937258040e-004	9.890755e-011
5.695846562258040e-004	1.033413e-010
5.705612187258040e-004	1.004992e-010
5.996826246128634e-004	1.490255e-010
6.000000000000001e-004	4.337107e-006
6.000006982264376e-004	-2.277827e-005
6.000020946793126e-004	-6.666833e-005
6.000034116227704e-004	-9.584698e-005
6.000046449888640e-004	-1.036433e-004
6.000069669917046e-004	-5.836791e-005
6.000095451632639e-004	1.155741e-004
6.000135187374191e-004	6.972624e-004
6.000181775917631e-004	1.964417e-003
6.000252239094947e-004	5.184344e-003
6.000344782851087e-004	1.195155e-002
6.000497067768081e-004	2.948859e-002
6.000745549383404e-004	7.588675e-002
6.001242512614051e-004	2.338875e-001
6.002236439075345e-004	7.898582e-001
6.004224291997933e-004	2.749320e+000
6.008199997843109e-004	8.578525e+000
6.010786515295776e-004	1.353109e+001
6.013286703511288e-004	1.923459e+001
6.015673349993490e-004	2.515515e+001
6.017263933725365e-004	2.916277e+001
6.018327232316932e-004	3.136609e+001
6.018906449664611e-004	3.130486e+001
6.019252866074577e-004	2.834049e+001
6.019433344124136e-004	2.389634e+001
6.019580242903611e-004	1.924997e+001
6.019743414402731e-004	1.520174e+001
6.019869820010703e-004	1.315988e+001
6.020011545325449e-004	1.181665e+001
6.020168940015548e-004	1.097460e+001
6.020351267651601e-004	1.047983e+001
6.020562001538420e-004	1.022398e+001
6.020828659501666e-004	1.010255e+001
6.021177457294243e-004	1.005547e+001
6.021683976411864e-004	1.004101e+001
6.022482476902698e-004	1.003627e+001
6.024073965886026e-004	1.003112e+001
6.027256943852682e-004	1.002383e+001
6.033622899785993e-004	1.001521e+001
6.041306047479935e-004	1.000968e+001
6.050000000000001e-004	1.000742e+001
6.050869395252007e-004	1.000322e+001
6.052608185756020e-004	1.000021e+001
6.056085766764047e-004	9.999936e+000
6.060910749903358e-004	1.000002e+001
6.070560716181982e-004	9.999980e+000
6.080326341181982e-004	9.999984e+000
6.090091966181982e-004	9.999981e+000
6.099857591181982e-004	9.999984e+000
6.109623216181982e-004	9.999981e+000
6.119388841181982e-004	9.999983e+000
6.129154466181982e-004	9.999981e+000
6.138920091181982e-004	9.999983e+000
6.148685716181982e-004	9.999982e+000
6.158451341181982e-004	9.999983e+000
6.168216966181982e-004	9.999982e+000
6.177982591181982e-004	9.999983e+000
6.187748216181982e-004	9.999982e+000
6.197513841181982e-004	9.999983e+000
6.207279466181982e-004	9.999982e+000
6.217045091181982e-004	9.999983e+000
6.226810716181982e-004	9.999982e+000
6.236576341181982e-004	9.999983e+000
6.246341966181982e-004	9.999982e+000
6.256107591181982e-004	9.999983e+000
6.265873216181982e-004	9.999982e+000
6.275638841181982e-004	9.999983e+000
6.285404466181982e-004	9.999982e+000
6.295170091181982e-004	9.999983e+000
6.304935716181982e-004	9.999982e+000
6.314701341181982e-004	9.999982e+000
6.324466966181982e-004	9.999982e+000
6.334232591181982e-004	9.999983e+000
6.343998216181982e-004	9.999983e+000
6.353763841181982e-004	9.999983e+000
6.363529466181982e-004	9.999983e+000
6.373295091181982e-004	9.999983e+000
6.383060716181982e-004	9.999983e+000
6.392826341181982e-004	9.999983e+000
6.402591966181982e-004	9.999982e+000
6.412357591181982e-004	9.999982e+000
6.422123216181982e-004	9.999982e+000
6.431888841181982e-004	9.999983e+000
6.441654466181982e-004	9.999983e+000
6.451420091181982e-004	9.999983e+000
6.461185716181982e-004	9.999982e+000
6.470951341181982e-004	9.999982e+000
6.480716966181982e-004	9.999983e+000
6.490482591181982e-004	9.999983e+000
6.500248216181982e-004	9.999983e+000
6.510013841181982e-004	9.999983e+000
6.519779466181982e-004	9.999983e+000
6.529545091181982e-004	9.999982e+000
6.539310716181982e-004	9.999975e+000
6.540234375000001e-004	9.999979e+000
6.542081692636039e-004	9.999985e+000
6.545776327908114e-004	9.999982e+000
6.550000000000001e-004	9.999958e+000
6.550422367209189e-004	9.997232e+000
6.551267101627566e-004	9.994317e+000
6.552956570464321e-004	9.993014e+000
6.555766193290495e-004	9.992180e+000
6.560878835398171e-004	9.989473e+000
6.570644460398171e-004	9.978567e+000
6.580410085398171e-004	9.945995e+000
6.585548697246477e-004	9.887383e+000
6.588364656200604e-004	9.787757e+000
6.590070443047617e-004	9.609350e+000
6.591122889562046e-004	9.274324e+000
6.591838850343365e-004	8.695237e+000
6.592355383497298e-004	7.987286e+000
6.592839839050954e-004	7.210098e+000
6.593541222363294e-004	6.092311e+000
6.594296283199716e-004	4.941674e+000
6.595299256345667e-004	3.597140e+000
6.596957579539125e-004	1.788144e+000
6.598166619280598e-004	8.800030e-001
6.600000000000001e-004	3.706995e-002
6.600012802206035e-004	3.599405e-002
6.600038406618103e-004	3.412542e-002
6.600089615442238e-004	3.165843e-002
6.600155167313897e-004	3.002130e-002
6.600235108268446e-004	2.916869e-002
6.600329907199991e-004	2.875432e-002
6.600466076270416e-004	2.846485e-002
6.600671054809819e-004	2.815649e-002
6.601050538361218e-004	2.766344e-002
6.601809505464017e-004	2.680307e-002
6.603327439669614e-004	2.518836e-002
6.605217594807681e-004	2.254609e-002
6.606495855473768e-004	1.912507e-002
6.607675589082422e-004	1.380596e-002
6.609074789789175e-004	6.320728e-003
6.609651884968652e-004	3.786691e-003
6.610168511318160e-004	2.341461e-003
6.610777486627968e-004	1.308960e-003
6.611431536444430e-004	6.484581e-004
6.611758302946497e-004	4.534733e-004
6.612179524031894e-004	2.989666e-004
6.612541714413235e-004	2.078539e-004
6.612960002787920e-004	1.373810e-004
6.613335568589532e-004	9.444143e-005
6.613748493802590e-004	6.294764e-005
6.614159703295839e-004	4.178429e-005
6.614548917657249e-004	2.840005e-005
6.614957001995873e-004	1.896143e-005
6.615336678675325e-004	1.302347e-005
6.615749642217422e-004	8.723726e-006
6.616210922196464e-004	5.600815e-006
6.616765388873082e-004	3.300220e-006
6.617418575155917e-004	1.779553e-006
6.618264794389174e-004	8.079464e-007
6.619337869963649e-004	3.024808e-007
6.620952204604027e-004	7.287593e-008
6.623379212647246e-004	7.424811e-009
6.628233228733683e-004	-3.130936e-010
6.637941260906559e-004	1.277411e-010
6.647706885906559e-004	8.560619e-011
6.657472510906559e-004	1.124363e-010
6.667238135906559e-004	9.481482e-011
6.677003760906559e-004	1.061835e-010
6.686769385906559e-004	9.856649e-011
6.696535010906559e-004	1.033413e-010
6.706300635906559e-004	1.001581e-010
6.747488839285715e-004	1.136993e-010
6.788677042664871e-004	1.185425e-010
6.829865246044027e-004	1.146878e-010
6.871053449423182e-004	1.021351e-010
6.912241652802338e-004	8.088447e-011
6.953429856181494e-004	5.093590e-011
6.994618059560650e-004	1.228938e-011
7.000000000000001e-004	-4.418707e-006
7.000011840279876e-004	-3.814053e-005
7.000035520839628e-004	-8.382595e-005
7.000063247831432e-004	-7.145631e-005
7.000088824807597e-004	5.456682e-005
7.000122071670606e-004	4.531959e-004
7.000165543627834e-004	1.446611e-003
7.000227517358808e-004	3.874260e-003
7.000312312601222e-004	9.245828e-003
7.000441314160670e-004	2.211536e-002
7.000650340573816e-004	5.579734e-002
7.001068393400109e-004	1.699410e-001
7.001904499052697e-004	5.718209e-001
7.003576710357870e-004	1.999951e+000
7.006921132968218e-004	6.424555e+000
7.010006054217198e-004	1.193105e+001
7.012457485071696e-004	1.726445e+001
7.014833162160567e-004	2.302874e+001
7.016782138808490e-004	2.795557e+001
7.018256135831830e-004	3.117720e+001
7.018941643490778e-004	3.084051e+001
7.019308096488514e-004	2.703589e+001
7.019486699755123e-004	2.239828e+001
7.019649372899247e-004	1.756943e+001
7.019824967659516e-004	1.394371e+001
7.019967251523751e-004	1.221118e+001
7.020127931618602e-004	1.115970e+001
7.020286229125315e-004	1.061881e+001
7.020495225585410e-004	1.028741e+001
7.020730670972364e-004	1.013356e+001
7.021062796992019e-004	1.006527e+001
7.021488190763476e-004	1.004380e+001
7.022192654849107e-004	1.003751e+001
7.023345143555877e-004	1.003329e+001
7.025650120969419e-004	1.002706e+001
7.030260075796503e-004	1.001918e+001
7.039265003579099e-004	1.001048e+001
7.041065262063680e-004	1.000941e+001
7.044665779032843e-004	1.000792e+001
7.050000000000000e-004	1.000450e+001
7.050533422096716e-004	1.000262e+001
7.051600266290148e-004	1.000047e+001
7.053733954677010e-004	9.999893e+000
7.057062142818696e-004	1.000003e+001
7.063718519102066e-004	9.999969e+000
7.073484144102066e-004	9.999984e+000
7.083249769102066e-004	9.999981e+000
7.093015394102066e-004	9.999983e+000
7.102781019102066e-004	9.999982e+000
7.112546644102066e-004	9.999983e+000
7.122312269102066e-004	9.999982e+000
7.132077894102066e-004	9.999983e+000
7.141843519102066e-004	9.999982e+000
7.151609144102066e-004	9.999983e+000
7.161374769102066e-004	9.999982e+000
7.171140394102066e-004	9.999983e+000
7.180906019102066e-004	9.999982e+000
7.190671644102066e-004	9.999983e+000
7.200437269102066e-004	9.999982e+000
7.210202894102066e-004	9.999983e+000
7.219968519102066e-004	9.999982e+000
7.229734144102066e-004	9.999983e+000
7.239499769102066e-004	9.999982e+000
7.249265394102066e-004	9.999983e+000
7.259031019102066e-004	9.999982e+000
7.268796644102066e-004	9.999983e+000
7.278562269102066e-004	9.999983e+000
7.288327894102066e-004	9.999983e+000
7.298093519102066e-004	9.999983e+000
7.307859144102066e-004	9.999983e+000
7.317624769102066e-004	9.999983e+000
7.327390394102066e-004	9.999983e+000
7.337156019102066e-004	9.999983e+000
7.346921644102066e-004	9.999982e+000
7.356687269102066e-004	9.999982e+000
7.366452894102066e-004	9.999982e+000
7.376218519102066e-004	9.999983e+000
7.385984144102066e-004	9.999983e+000
7.395749769102066e-004	9.999983e+000
7.405515394102066e-004	9.999983e+000
7.415281019102066e-004	9.999983e+000
7.425046644102066e-004	9.999982e+000
7.434812269102066e-004	9.999982e+000
7.444577894102066e-004	9.999983e+000
7.454343519102066e-004	9.999983e+000
7.464109144102066e-004	9.999983e+000
7.473874769102066e-004	9.999983e+000
7.483640394102066e-004	9.999983e+000
7.493406019102066e-004	9.999983e+000
7.503171644102066e-004	9.999983e+000
7.512937269102066e-004	9.999983e+000
7.522702894102066e-004	9.999983e+000
7.532468519102066e-004	9.999982e+000
7.540234375000000e-004	9.999982e+000
7.550000000000000e-004	9.999920e+000
7.550976562500000e-004	9.996378e+000
7.552929687500000e-004	9.993311e+000
7.556835937500000e-004	9.991664e+000
7.561962908455272e-004	9.988858e+000
7.571728533455272e-004	9.976426e+000
7.581494158455272e-004	9.939128e+000
7.585699739265775e-004	9.886744e+000
7.588336552654081e-004	9.793036e+000
7.589903208257030e-004	9.647048e+000
7.590882756104789e-004	9.406886e+000
7.591612333657255e-004	8.947180e+000
7.592123991085032e-004	8.333369e+000
7.592602358126224e-004	7.592114e+000
7.593288993093991e-004	6.493245e+000
7.594065067788937e-004	5.285005e+000
7.594938222361236e-004	4.049513e+000
7.596296289857418e-004	2.465415e+000
7.598056245337692e-004	1.023615e+000
7.600000000000000e-004	3.743801e-002
7.600012907711719e-004	3.626415e-002
7.600038723135155e-004	3.429264e-002
7.600090353982026e-004	3.172810e-002
7.600154894771097e-004	3.006737e-002
7.600234466410544e-004	2.919384e-002
7.600327766248725e-004	2.877262e-002
7.600462989091481e-004	2.847932e-002
7.600663375185533e-004	2.817515e-002
7.601035229018298e-004	2.768958e-002
7.601778936683831e-004	2.684205e-002
7.603266352014896e-004	2.525555e-002
7.605217332826207e-004	2.253875e-002
7.606512737038956e-004	1.907927e-002
7.607689455697453e-004	1.376970e-002
7.609086832138897e-004	6.293497e-003
7.609661733719310e-004	3.773399e-003
7.610176606557850e-004	2.336398e-003
7.610783388334310e-004	1.315000e-003
7.611479280550149e-004	6.225547e-004
7.611797487145098e-004	4.366253e-004
7.612208765488167e-004	2.907760e-004
7.612562818289045e-004	2.039294e-004
7.612973946599245e-004	1.358122e-004
7.613344441026885e-004	9.392015e-005
7.613759127020774e-004	6.253333e-005
7.614170635947810e-004	4.149340e-005
7.614561322058252e-004	2.815548e-005
7.614966901888683e-004	1.884536e-005
7.615349359373323e-004	1.290753e-005
7.615757266666713e-004	8.629028e-006
7.616137271436752e-004	5.924657e-006
7.616546772924379e-004	3.964262e-006
7.616951112913739e-004	2.670601e-006
7.617422117781490e-004	1.698611e-006
7.617960436095819e-004	1.017396e-006
7.618641489081539e-004	5.346654e-007
7.619455542358660e-004	2.500867e-007
7.620600069999077e-004	8.832817e-008
7.622128253994715e-004	2.238305e-008
7.624792463304587e-004	2.256451e-009
7.629446002296673e-004	-6.855316e-011
7.638753080280845e-004	1.165887e-010
7.648518705280845e-004	9.333689e-011
7.658284330280845e-004	1.066951e-010
7.668049955280845e-004	9.799805e-011
7.677815580280845e-004	1.037961e-010
7.687581205280845e-004	1.000444e-010
7.697346830280845e-004	1.024887e-010
7.990315580280845e-004	1.016287e-010
8.000000000000000e-004	-2.011849e-006
8.000021305741226e-004	-4.710524e-005
8.000063917223675e-004	6.900715e-005
8.000149140188574e-004	1.148327e-003
8.000205081035369e-004	2.785442e-003
8.000269973687389e-004	6.102314e-003
8.000359101252287e-004	1.326984e-002
8.000537356382082e-004	3.600757e-002
8.000842368988854e-004	1.007383e-001
8.001452394202399e-004	3.266434e-001
8.002672444629487e-004	1.130142e+000
8.005112545483664e-004	3.945129e+000
8.009992747192018e-004	1.216595e+001
8.012978523523493e-004	1.852392e+001
8.015297126510022e-004	2.419382e+001
8.016998158495935e-004	2.849596e+001
8.018243291154852e-004	3.118794e+001
8.018874270560701e-004	3.122327e+001
8.019235013292749e-004	2.815362e+001
8.019422584677623e-004	2.354246e+001
8.019571939132374e-004	1.889544e+001
8.019738819100459e-004	1.490019e+001
8.019864172203794e-004	1.297441e+001
8.020006946073285e-004	1.170278e+001
8.020164701209897e-004	1.091364e+001
8.020351422808972e-004	1.044459e+001
8.020565660930050e-004	1.020682e+001
8.020840884544449e-004	1.009510e+001
8.021199648047974e-004	1.005309e+001
8.021730861917833e-004	1.004042e+001
8.022572685190694e-004	1.003593e+001
8.024256331736416e-004	1.003061e+001
8.027623624827860e-004	1.002318e+001
8.034358211010749e-004	1.001446e+001
8.041333507263025e-004	1.000961e+001
8.050000000000001e-004	1.000733e+001
8.050866649273698e-004	1.000318e+001
8.052599947821093e-004	1.000021e+001
8.056066544915884e-004	9.999936e+000
8.060879569869683e-004	1.000002e+001
8.070505619777282e-004	9.999980e+000
8.080271244777282e-004	9.999984e+000
8.090036869777282e-004	9.999981e+000
8.099802494777282e-004	9.999984e+000
8.109568119777282e-004	9.999981e+000
8.119333744777282e-004	9.999983e+000
8.129099369777282e-004	9.999981e+000
8.138864994777282e-004	9.999983e+000
8.148630619777282e-004	9.999981e+000
8.158396244777282e-004	9.999983e+000
8.168161869777282e-004	9.999982e+000
8.177927494777282e-004	9.999983e+000
8.187693119777282e-004	9.999982e+000
8.197458744777282e-004	9.999983e+000
8.207224369777282e-004	9.999982e+000
8.216989994777282e-004	9.999983e+000
8.226755619777282e-004	9.999982e+000
8.236521244777282e-004	9.999983e+000
8.246286869777282e-004	9.999982e+000
8.256052494777282e-004	9.999983e+000
8.265818119777282e-004	9.999982e+000
8.275583744777282e-004	9.999983e+000
8.285349369777282e-004	9.999982e+000
8.295114994777282e-004	9.999983e+000
8.304880619777282e-004	9.999982e+000
8.314646244777282e-004	9.999982e+000
8.324411869777282e-004	9.999982e+000
8.334177494777282e-004	9.999983e+000
8.343943119777282e-004	9.999982e+000
8.353708744777282e-004	9.999982e+000
8.363474369777282e-004	9.999982e+000
8.373239994777282e-004	9.999982e+000
8.383005619777282e-004	9.999982e+000
8.392771244777282e-004	9.999983e+000
8.402536869777282e-004	9.999982e+000
8.412302494777282e-004	9.999982e+000
8.422068119777282e-004	9.999982e+000
8.431833744777282e-004	9.999983e+000
8.441599369777282e-004	9.999983e+000
8.451364994777282e-004	9.999983e+000
8.461130619777282e-004	9.999983e+000
8.470896244777282e-004	9.999983e+000
8.480661869777282e-004	9.999982e+000
8.490427494777282e-004	9.999982e+000
8.500193119777282e-004	9.999982e+000
8.509958744777282e-004	9.999982e+000
8.519724369777282e-004	9.999982e+000
8.529489994777282e-004	9.999983e+000
8.539255619777282e-004	9.999976e+000
8.540234375000001e-004	9.999979e+000
8.542191885445438e-004	9.999984e+000
8.546106906336313e-004	9.999982e+000
8.550000000000001e-004	9.999956e+000
8.550389309366369e-004	9.997331e+000
8.551167928099107e-004	9.994430e+000
8.552725165564581e-004	9.993083e+000
8.555397410158525e-004	9.992319e+000
8.560049871074831e-004	9.990002e+000
8.569354792907441e-004	9.980840e+000
8.579120417907441e-004	9.953138e+000
8.585065365910495e-004	9.896626e+000
8.588027926024932e-004	9.807200e+000
8.589850578059276e-004	9.646534e+000
8.590965438505682e-004	9.353865e+000
8.591733443090542e-004	8.813857e+000
8.592257350577723e-004	8.136948e+000
8.592741027164139e-004	7.368912e+000
8.593441139739966e-004	6.250899e+000
8.594197728209519e-004	5.086569e+000
8.595142311577400e-004	3.789098e+000
8.596660189042340e-004	2.089507e+000
8.598198089478477e-004	8.948088e-001
8.600000000000001e-004	3.724513e-002
8.600013021738269e-004	3.612183e-002
8.600039065214804e-004	3.419001e-002
8.600091152167874e-004	3.165615e-002
8.600156065331316e-004	3.002535e-002
8.600236174356044e-004	2.916978e-002
8.600330227065656e-004	2.875632e-002
8.600467045185396e-004	2.846482e-002
8.600670421075723e-004	2.815843e-002
8.601050372879259e-004	2.766470e-002
8.601810276486332e-004	2.680315e-002
8.603330083700477e-004	2.518655e-002
8.605217986536908e-004	2.254774e-002
8.606495508572538e-004	1.912956e-002
8.607675331759896e-004	1.381113e-002
8.609074821875050e-004	6.324060e-003
8.609651846897044e-004	3.789467e-003
8.610168474166984e-004	2.343367e-003
8.610777622037919e-004	1.309504e-003
8.611429260768650e-004	6.503655e-004
8.611756000461204e-004	4.549763e-004
8.612177601797112e-004	2.998575e-004
8.612540287073978e-004	2.083685e-004
8.612959105594054e-004	1.376462e-004
8.613335132555810e-004	9.457448e-005
8.613748024468835e-004	6.303393e-005
8.614159076764398e-004	4.184836e-005
8.614548354494177e-004	2.844218e-005
8.614956371095585e-004	1.899084e-005
8.615336168955424e-004	1.304207e-005
8.615748966226969e-004	8.734551e-006
8.616206010560950e-004	5.627451e-006
8.616754252328685e-004	3.334720e-006
8.617398670610637e-004	1.812516e-006
8.618232020318337e-004	8.322548e-007
8.619284361925733e-004	3.171091e-007
8.620858978435049e-004	7.889881e-008
8.623205366628871e-004	8.903801e-009
8.627898143016514e-004	-3.033165e-010
8.637283695791800e-004	1.315870e-010
8.647049320791800e-004	8.708412e-011
8.656814945791800e-004	1.111857e-010
8.666580570791800e-004	9.549694e-011
8.676346195791800e-004	1.058424e-010
8.686111820791800e-004	9.913492e-011
8.695877445791800e-004	1.033413e-010
8.705643070791800e-004	1.003855e-010
8.997320382668792e-004	8.710403e-011
9.000000000000001e-004	4.398569e-006
9.000005895163127e-004	-1.944609e-005
9.000017685489379e-004	-5.876488e-005
9.000028311364346e-004	-8.629714e-005
9.000038400487367e-004	-1.007100e-004
9.000058578733408e-004	-9.116424e-005
9.000081191642583e-004	2.242834e-006
9.000116024696172e-004	3.628350e-004
9.000156530207891e-004	1.196356e-003
9.000216941434017e-004	3.366830e-003
9.000294511710167e-004	7.918981e-003
9.000417144112736e-004	1.925750e-002
9.000604703170861e-004	4.709655e-002
9.000979821287111e-004	1.408913e-001
9.001730057519612e-004	4.698969e-001
9.003230529984612e-004	1.641549e+000
9.006231474914612e-004	5.415002e+000
9.009944520684250e-004	1.188211e+001
9.012539891535294e-004	1.746487e+001
9.014881201984328e-004	2.314704e+001
9.016789140696785e-004	2.797109e+001
9.018262003246841e-004	3.117715e+001
9.018942372213667e-004	3.079107e+001
9.019306586299535e-004	2.695077e+001
9.019483317869663e-004	2.234973e+001
9.019646837064825e-004	1.751129e+001
9.019822732132634e-004	1.390499e+001
9.019965626068068e-004	1.218248e+001
9.020125892635285e-004	1.114633e+001
9.020284922233452e-004	1.061052e+001
9.020494254889711e-004	1.028358e+001
9.020731293141681e-004	1.013161e+001
9.021064639370365e-004	1.006463e+001
9.021493713860236e-004	1.004363e+001
9.022203580634292e-004	1.003746e+001
9.023372685632064e-004	1.003321e+001
9.025710895627609e-004	1.002693e+001
9.030387315618698e-004	1.001901e+001
9.039357584242562e-004	1.001041e+001
9.040998034941524e-004	1.000944e+001
9.044278936339449e-004	1.000807e+001
9.050000000000001e-004	1.000446e+001
9.050572106366056e-004	1.000253e+001
9.051716319098167e-004	1.000042e+001
9.054004744562387e-004	9.999900e+000
9.057503224327156e-004	1.000003e+001
9.064500183856693e-004	9.999970e+000
9.074265808856693e-004	9.999983e+000
9.084031433856693e-004	9.999981e+000
9.093797058856693e-004	9.999983e+000
9.103562683856693e-004	9.999981e+000
9.113328308856693e-004	9.999983e+000
9.123093933856694e-004	9.999981e+000
9.132859558856694e-004	9.999983e+000
9.142625183856694e-004	9.999982e+000
9.152390808856694e-004	9.999983e+000
9.162156433856694e-004	9.999982e+000
9.171922058856694e-004	9.999983e+000
9.181687683856694e-004	9.999982e+000
9.191453308856694e-004	9.999983e+000
9.201218933856694e-004	9.999982e+000
9.210984558856694e-004	9.999983e+000
9.220750183856694e-004	9.999982e+000
9.230515808856694e-004	9.999983e+000
9.240281433856694e-004	9.999982e+000
9.250047058856694e-004	9.999983e+000
9.259812683856694e-004	9.999982e+000
9.269578308856694e-004	9.999983e+000
9.279343933856694e-004	9.999983e+000
9.289109558856694e-004	9.999983e+000
9.298875183856694e-004	9.999983e+000
9.308640808856694e-004	9.999983e+000
9.318406433856694e-004	9.999983e+000
9.328172058856694e-004	9.999983e+000
9.337937683856694e-004	9.999983e+000
9.347703308856694e-004	9.999983e+000
9.357468933856694e-004	9.999983e+000
9.367234558856694e-004	9.999982e+000
9.377000183856694e-004	9.999982e+000
9.386765808856694e-004	9.999982e+000
9.396531433856694e-004	9.999983e+000
9.406297058856694e-004	9.999983e+000
9.416062683856694e-004	9.999982e+000
9.425828308856694e-004	9.999982e+000
9.435593933856694e-004	9.999982e+000
9.445359558856694e-004	9.999983e+000
9.455125183856694e-004	9.999983e+000
9.464890808856694e-004	9.999983e+000
9.474656433856694e-004	9.999983e+000
9.484422058856694e-004	9.999983e+000
9.494187683856694e-004	9.999983e+000
9.503953308856694e-004	9.999982e+000
9.513718933856694e-004	9.999982e+000
9.523484558856694e-004	9.999982e+000
9.533250183856694e-004	9.999982e+000
9.540234375000001e-004	9.999982e+000
9.550000000000001e-004	9.999922e+000
9.550976562500001e-004	9.996378e+000
9.552929687500001e-004	9.993311e+000
9.556835937500000e-004	9.991663e+000
9.561962889024948e-004	9.988858e+000
9.571728514024948e-004	9.976426e+000
9.581494139024948e-004	9.939128e+000
9.585699744494811e-004	9.886744e+000
9.588336569493410e-004	9.793036e+000
9.589903231750510e-004	9.647044e+000
9.590882783096911e-004	9.406873e+000
9.591612362828110e-004	8.947151e+000
9.592124019529555e-004	8.333328e+000
9.592602386333981e-004	7.592069e+000
9.593289068033967e-004	6.493125e+000
9.594065114295448e-004	5.284935e+000
9.594938307696478e-004	4.049401e+000
9.596296410237959e-004	2.465292e+000
9.598056394762777e-004	1.023505e+000
9.600000000000001e-004	3.743799e-002
9.600012907957388e-004	3.626413e-002
9.600038723872161e-004	3.429260e-002
9.600090355701708e-004	3.172804e-002
9.600154896369939e-004	3.006734e-002
9.600234468575085e-004	2.919382e-002
9.600327768538034e-004	2.877261e-002
9.600462993154085e-004	2.847931e-002
9.600663380666121e-004	2.817514e-002
9.601035241545775e-004	2.768956e-002
9.601778963305082e-004	2.684202e-002
9.603266406823696e-004	2.525550e-002
9.605217332887418e-004	2.253876e-002
9.606512721567228e-004	1.907932e-002
9.607689442527820e-004	1.376975e-002
9.609086821275879e-004	6.293533e-003
9.609661724463682e-004	3.773421e-003
9.610176598652726e-004	2.336410e-003
9.610783382811163e-004	1.314998e-003
9.611479230890975e-004	6.225833e-004
9.611797444561484e-004	4.366449e-004
9.612208732619646e-004	2.907862e-004
9.612562794205779e-004	2.039347e-004
9.612973930670282e-004	1.358146e-004
9.613344431190718e-004	9.392112e-005
9.613759115471899e-004	6.253403e-005
9.614170623735135e-004	4.149389e-005
9.614561308611410e-004	2.815586e-005
9.614966890537050e-004	1.884557e-005
9.615349345873915e-004	1.290771e-005
9.615757257137046e-004	8.629109e-006
9.616137256703626e-004	5.924744e-006
9.616546767008235e-004	3.964353e-006
9.616951304243350e-004	2.670213e-006
9.617422605263284e-004	1.697901e-006
9.617961314591196e-004	1.016605e-006
9.618642940670207e-004	5.339763e-007
9.619457832269883e-004	2.495820e-007
9.620603847300253e-004	8.804215e-008
9.622134590153188e-004	2.226130e-008
9.624804859996714e-004	2.231612e-009
9.629473211005550e-004	-6.756787e-011
9.638809913023222e-004	1.164766e-010
9.648575538023222e-004	9.350742e-011
9.658341163023222e-004	1.070930e-010
9.668106788023222e-004	9.822543e-011
9.677872413023222e-004	1.037961e-010
9.687638038023222e-004	9.993073e-011
9.697403663023222e-004	1.024318e-010
9.990372413023196e-004	1.017052e-010
1.000000000000000e-003	1.272156e-010
