time	Id(M1)
0.000000000000000e+000	1.250555e-010
9.765625114122045e-011	-3.540122e-006
9.996968650957740e-011	-3.645600e-006
1.045965572462913e-010	-3.757475e-006
1.138502987197191e-010	-3.933401e-006
1.323577816665746e-010	-4.767579e-006
1.693727475602857e-010	-6.239205e-006
2.434026793477079e-010	-8.846128e-006
3.914625429225523e-010	-1.419822e-005
6.875822700722410e-010	-2.443385e-005
1.279821724371619e-009	-4.341675e-005
2.123015724748701e-009	-6.662829e-005
3.356186785937805e-009	-9.040951e-005
4.975831617871365e-009	-9.650648e-005
7.183016553450348e-009	-4.164654e-005
1.004082228018252e-008	1.742068e-004
1.387138638910282e-008	7.837270e-004
1.893397798161039e-008	2.246038e-003
2.595276370321879e-008	5.619840e-003
3.596895498116541e-008	1.326255e-002
5.164517559043380e-008	3.214478e-002
7.938551328715729e-008	8.687080e-002
1.348661886806043e-007	2.749059e-001
2.458275394674982e-007	9.402674e-001
4.677502410412861e-007	3.260103e+000
9.115956441888618e-007	9.874797e+000
1.151237657878740e-006	1.415059e+001
1.344713904319989e-006	1.788293e+001
1.511305724119081e-006	2.109200e+001
1.631315905943047e-006	2.312700e+001
1.693506390547036e-006	2.339166e+001
1.726858023145305e-006	2.218772e+001
1.744176942390890e-006	1.992079e+001
1.752572546627988e-006	1.751992e+001
1.758719442575372e-006	1.523624e+001
1.765732028664858e-006	1.305760e+001
1.772111632601307e-006	1.178899e+001
1.780013637698026e-006	1.090765e+001
1.787399173521324e-006	1.048011e+001
1.797266842651548e-006	1.022064e+001
1.808077825766724e-006	1.010121e+001
1.824255675152596e-006	1.004142e+001
1.843806414798154e-006	1.002094e+001
1.877766309001885e-006	1.001459e+001
1.923338499467347e-006	1.001300e+001
2.014482880398272e-006	1.001168e+001
2.196771642260121e-006	1.000957e+001
2.561349165983820e-006	1.000684e+001
3.181941007249776e-006	1.000425e+001
3.893086777552588e-006	1.000265e+001
4.093334718522740e-006	1.000236e+001
4.493830600463043e-006	1.000194e+001
5.000000000000000e-006	1.000099e+001
5.050616939953696e-006	1.000054e+001
5.151850819861087e-006	1.000007e+001
5.354318579675870e-006	9.999975e+000
5.675255639447828e-006	1.000000e+001
6.317129758991745e-006	9.999990e+000
7.293692258991745e-006	9.999992e+000
8.270254758991745e-006	9.999992e+000
9.246817258991746e-006	9.999992e+000
1.022337975899175e-005	9.999992e+000
1.119994225899175e-005	9.999992e+000
1.217650475899175e-005	9.999992e+000
1.315306725899175e-005	9.999992e+000
1.412962975899175e-005	9.999992e+000
1.510619225899175e-005	9.999992e+000
1.608275475899175e-005	9.999992e+000
1.705931725899175e-005	9.999992e+000
1.803587975899175e-005	9.999992e+000
1.901244225899176e-005	9.999992e+000
1.998900475899176e-005	9.999992e+000
2.096556725899176e-005	9.999992e+000
2.194212975899176e-005	9.999992e+000
2.291869225899176e-005	9.999992e+000
2.389525475899176e-005	9.999992e+000
2.487181725899176e-005	9.999992e+000
2.584837975899176e-005	9.999992e+000
2.682494225899176e-005	9.999992e+000
2.780150475899176e-005	9.999992e+000
2.877806725899176e-005	9.999992e+000
2.975462975899176e-005	9.999992e+000
3.073119225899176e-005	9.999992e+000
3.170775475899176e-005	9.999992e+000
3.268431725899176e-005	9.999992e+000
3.366087975899176e-005	9.999992e+000
3.463744225899177e-005	9.999992e+000
3.561400475899177e-005	9.999992e+000
3.659056725899177e-005	9.999992e+000
3.756712975899177e-005	9.999992e+000
3.854369225899177e-005	9.999992e+000
3.952025475899177e-005	9.999992e+000
4.049681725899177e-005	9.999992e+000
4.147337975899177e-005	9.999992e+000
4.244994225899177e-005	9.999992e+000
4.342650475899177e-005	9.999992e+000
4.440306725899177e-005	9.999992e+000
4.537962975899178e-005	9.999992e+000
4.635619225899178e-005	9.999992e+000
4.733275475899178e-005	9.999992e+000
4.830931725899178e-005	9.999992e+000
4.928587975899178e-005	9.999992e+000
5.026244225899178e-005	9.999992e+000
5.123900475899178e-005	9.999992e+000
5.221556725899178e-005	9.999992e+000
5.319212975899178e-005	9.999992e+000
5.402343750000000e-005	9.999992e+000
5.500000000000000e-005	9.999968e+000
5.509765625000001e-005	9.999040e+000
5.529296875000000e-005	9.998296e+000
5.568359375000000e-005	9.997905e+000
5.619659413171165e-005	9.997190e+000
5.717315663171165e-005	9.994032e+000
5.814971913171165e-005	9.984533e+000
5.853887669636606e-005	9.972600e+000
5.878528518539325e-005	9.951978e+000
5.892879626377189e-005	9.922996e+000
5.901593656557810e-005	9.882542e+000
5.907562700963122e-005	9.819424e+000
5.911814659403785e-005	9.715128e+000
5.914820940266158e-005	9.547696e+000
5.917083771967555e-005	9.335073e+000
5.919214477274177e-005	9.088689e+000
5.922988668796423e-005	8.599221e+000
5.928638292282314e-005	7.762215e+000
5.933877242466182e-005	6.931795e+000
5.941321512442283e-005	5.796396e+000
5.951816079130270e-005	4.367967e+000
5.964179482794716e-005	2.945189e+000
5.980344594417485e-005	1.520937e+000
6.000000000000000e-005	2.466502e-001
6.000411115253535e-005	2.387448e-001
6.001233345760606e-005	2.288760e-001
6.002877806774747e-005	2.207375e-001
6.004553327568644e-005	2.170501e-001
6.006375807701218e-005	2.129798e-001
6.010020767966365e-005	1.984952e-001
6.017310688496660e-005	1.479708e-001
6.024080051509304e-005	8.360425e-002
6.029228840320059e-005	3.524582e-002
6.031605073527011e-005	2.024613e-002
6.034734953111258e-005	9.983704e-003
6.038015661792548e-005	4.296335e-003
6.040267911334659e-005	2.338663e-003
6.042006324244604e-005	1.544496e-003
6.044050528268016e-005	9.879289e-004
6.046361031723408e-005	5.979374e-004
6.048494959144229e-005	3.771688e-004
6.050573030947398e-005	2.440359e-004
6.052555632812657e-005	1.623870e-004
6.054555236511996e-005	1.084434e-004
6.056554234621815e-005	7.258174e-005
6.058515616735614e-005	4.909932e-005
6.060541547990944e-005	3.280773e-005
6.062440909185650e-005	2.242620e-005
6.064240884525981e-005	1.571740e-005
6.066173140810628e-005	1.072137e-005
6.067863350278366e-005	7.672677e-006
6.069757686271395e-005	5.306455e-006
6.071645476140488e-005	3.654101e-006
6.073447795744401e-005	2.578328e-006
6.075706076536364e-005	1.661776e-006
6.077756837853216e-005	1.121202e-006
6.080654455663411e-005	6.417128e-007
6.083313512376105e-005	3.902766e-007
6.087649015285287e-005	1.720300e-007
6.091744451403849e-005	8.326060e-008
6.099935323640973e-005	1.909045e-008
6.108303731494847e-005	4.773180e-009
6.125040547202592e-005	-4.286053e-010
6.150602148011432e-005	7.586702e-010
6.201725349629112e-005	-1.832382e-010
6.299381599629112e-005	1.248281e-010
9.902343750000000e-005	8.465219e-011
1.000000000000000e-004	-1.247025e-005
1.000021484398612e-004	-4.781006e-005
1.000064453195837e-004	8.135796e-005
1.000150390790287e-004	1.197369e-003
1.000207018180425e-004	2.878023e-003
1.000272000283390e-004	6.228178e-003
1.000362149690623e-004	1.350618e-002
1.000542448505090e-004	3.661960e-002
1.000860833611907e-004	1.047834e-001
1.001497603825541e-004	3.436213e-001
1.002771144252808e-004	1.194686e+000
1.005318225107343e-004	4.013990e+000
1.009168800560850e-004	9.901108e+000
1.011420098257712e-004	1.396844e+001
1.013343927871485e-004	1.768208e+001
1.015063865046682e-004	2.100231e+001
1.016244732298590e-004	2.304665e+001
1.016887840457114e-004	2.347277e+001
1.017236191963511e-004	2.245299e+001
1.017423692096668e-004	2.035185e+001
1.017518957070143e-004	1.794530e+001
1.017575977114550e-004	1.586797e+001
1.017645388223969e-004	1.351666e+001
1.017708241726993e-004	1.209508e+001
1.017787551266236e-004	1.106281e+001
1.017859886131900e-004	1.056381e+001
1.017951816135088e-004	1.026980e+001
1.018057575446493e-004	1.012274e+001
1.018198738039646e-004	1.005266e+001
1.018395655158865e-004	1.002387e+001
1.018661256676794e-004	1.001551e+001
1.019108572325287e-004	1.001331e+001
1.019837429179343e-004	1.001210e+001
1.021295142887455e-004	1.001026e+001
1.024210570303678e-004	1.000775e+001
1.030041425136125e-004	1.000490e+001
1.038979854717052e-004	1.000259e+001
1.040234375000000e-004	1.000241e+001
1.042743415565897e-004	1.000214e+001
1.044981918868207e-004	1.000197e+001
1.046605142449725e-004	1.000178e+001
1.047835701891309e-004	1.000169e+001
1.050000000000000e-004	1.000265e+001
1.050216429810869e-004	1.000134e+001
1.050649289432607e-004	1.000027e+001
1.051515008676084e-004	9.999968e+000
1.053246447163037e-004	9.999996e+000
1.055810804800852e-004	9.999990e+000
1.060939520076483e-004	9.999992e+000
1.070705145076483e-004	9.999992e+000
1.080470770076483e-004	9.999992e+000
1.090236395076483e-004	9.999992e+000
1.100002020076483e-004	9.999992e+000
1.109767645076483e-004	9.999992e+000
1.119533270076483e-004	9.999992e+000
1.129298895076483e-004	9.999992e+000
1.139064520076483e-004	9.999992e+000
1.148830145076483e-004	9.999992e+000
1.158595770076483e-004	9.999992e+000
1.168361395076483e-004	9.999992e+000
1.178127020076483e-004	9.999992e+000
1.187892645076484e-004	9.999992e+000
1.197658270076484e-004	9.999992e+000
1.207423895076484e-004	9.999992e+000
1.217189520076484e-004	9.999992e+000
1.226955145076484e-004	9.999992e+000
1.236720770076484e-004	9.999992e+000
1.246486395076484e-004	9.999992e+000
1.256252020076484e-004	9.999992e+000
1.266017645076484e-004	9.999992e+000
1.275783270076484e-004	9.999992e+000
1.285548895076484e-004	9.999992e+000
1.295314520076484e-004	9.999992e+000
1.305080145076484e-004	9.999992e+000
1.314845770076484e-004	9.999992e+000
1.324611395076484e-004	9.999992e+000
1.334377020076484e-004	9.999992e+000
1.344142645076484e-004	9.999992e+000
1.353908270076484e-004	9.999992e+000
1.363673895076484e-004	9.999992e+000
1.373439520076484e-004	9.999992e+000
1.383205145076484e-004	9.999992e+000
1.392970770076484e-004	9.999992e+000
1.402736395076484e-004	9.999992e+000
1.412502020076484e-004	9.999992e+000
1.422267645076484e-004	9.999992e+000
1.432033270076484e-004	9.999992e+000
1.441798895076484e-004	9.999992e+000
1.451564520076484e-004	9.999992e+000
1.461330145076484e-004	9.999992e+000
1.471095770076484e-004	9.999992e+000
1.480861395076484e-004	9.999992e+000
1.490627020076484e-004	9.999992e+000
1.500392645076484e-004	9.999992e+000
1.510158270076484e-004	9.999992e+000
1.519923895076484e-004	9.999992e+000
1.529689520076484e-004	9.999992e+000
1.539455145076484e-004	9.999989e+000
1.540234375000000e-004	9.999990e+000
1.541792834847033e-004	9.999993e+000
1.544909754541098e-004	9.999992e+000
1.550000000000000e-004	9.999978e+000
1.550509024545890e-004	9.999170e+000
1.551527073637670e-004	9.998454e+000
1.553563171821231e-004	9.998203e+000
1.556736259562575e-004	9.997931e+000
1.563082435045263e-004	9.996957e+000
1.572848060045263e-004	9.993345e+000
1.582613685045263e-004	9.981810e+000
1.586286245547456e-004	9.966300e+000
1.588642082651192e-004	9.937147e+000
1.590009974383998e-004	9.886644e+000
1.590834854561069e-004	9.794215e+000
1.591348649810908e-004	9.614979e+000
1.591668078704298e-004	9.366979e+000
1.591956472222625e-004	9.046681e+000
1.592258465352668e-004	8.657866e+000
1.592763845629579e-004	7.917453e+000
1.593289915643022e-004	7.086082e+000
1.593987915674420e-004	6.009808e+000
1.595047681908624e-004	4.538402e+000
1.596203252372196e-004	3.185156e+000
1.598070135256347e-004	1.513219e+000
1.600000000000000e-004	2.473639e-001
1.600041910960265e-004	2.391202e-001
1.600125732880796e-004	2.289229e-001
1.600293376721856e-004	2.206314e-001
1.600462099990029e-004	2.169372e-001
1.600644106263917e-004	2.128510e-001
1.601008118811695e-004	1.982945e-001
1.601736143907250e-004	1.476492e-001
1.602410997303875e-004	8.336084e-002
1.602920742398641e-004	3.543258e-002
1.603158412086032e-004	2.039709e-002
1.603472798378946e-004	1.003710e-002
1.603802007947720e-004	4.295815e-003
1.604022827679554e-004	2.362373e-003
1.604195579727024e-004	1.565972e-003
1.604400433066300e-004	1.000810e-003
1.604632133896803e-004	6.046233e-004
1.604845988505678e-004	3.808206e-004
1.605053703297798e-004	2.463714e-004
1.605252058784743e-004	1.638897e-004
1.605451888098191e-004	1.094676e-004
1.605652021632372e-004	7.322842e-005
1.605847917503838e-004	4.955882e-005
1.606050921099201e-004	3.308638e-005
1.606240359921766e-004	2.263277e-005
1.606419398441863e-004	1.589266e-005
1.606612362891724e-004	1.085876e-005
1.606786794183887e-004	7.686322e-006
1.606972585944137e-004	5.358870e-006
1.607174769455493e-004	3.604579e-006
1.607368578100556e-004	2.483001e-006
1.607626595509027e-004	1.507922e-006
1.607864688897592e-004	9.593273e-007
1.608229452509189e-004	4.795875e-007
1.608572309282157e-004	2.578781e-007
1.609258022828095e-004	7.475955e-008
1.609896429378304e-004	2.168599e-008
1.611173242478724e-004	1.744065e-009
1.612885031259155e-004	9.351121e-010
1.616308608820018e-004	-3.668295e-010
1.623155763941744e-004	2.763023e-010
1.632921388941744e-004	1.264198e-010
1.990234375000000e-004	3.829413e-010
2.000000000000000e-004	1.324670e-005
2.000021484388567e-004	-3.918368e-005
2.000064453165700e-004	8.135822e-005
2.000150390719967e-004	1.197184e-003
2.000206987776920e-004	2.876732e-003
2.000271980552331e-004	6.226975e-003
2.000362105673887e-004	1.350178e-002
2.000542355916998e-004	3.660427e-002
2.000860624697184e-004	1.047260e-001
2.001497162257556e-004	3.434085e-001
2.002770237378299e-004	1.193912e+000
2.005316387619785e-004	4.011876e+000
2.009170027932036e-004	9.903607e+000
2.011422261008444e-004	1.397261e+001
2.013346309253929e-004	1.768671e+001
2.015065410199138e-004	2.100517e+001
2.016246581302904e-004	2.304903e+001
2.016889122137301e-004	2.347125e+001
2.017237078124421e-004	2.244691e+001
2.017424212959678e-004	2.034121e+001
2.017519253606955e-004	1.793266e+001
2.017576343844918e-004	1.585176e+001
2.017645766722863e-004	1.350482e+001
2.017708660044798e-004	1.208672e+001
2.017787933899801e-004	1.105878e+001
2.017860319619851e-004	1.056157e+001
2.017952371781254e-004	1.026854e+001
2.018058234032931e-004	1.012215e+001
2.018199769121717e-004	1.005236e+001
2.018396775608617e-004	1.002379e+001
2.018663622812958e-004	1.001548e+001
2.019111376740193e-004	1.001330e+001
2.019844699820085e-004	1.001209e+001
2.021311345979869e-004	1.001024e+001
2.024244638299437e-004	1.000772e+001
2.030111222938573e-004	1.000487e+001
2.039045222485180e-004	1.000257e+001
2.040234375000000e-004	1.000241e+001
2.045243389940721e-004	1.000190e+001
2.050000000000000e-004	1.000021e+001
2.050475661005928e-004	1.000028e+001
2.051426983017784e-004	1.000008e+001
2.053329627041496e-004	9.999973e+000
2.056404942870642e-004	1.000000e+001
2.062519960485210e-004	9.999990e+000
2.072285585485210e-004	9.999992e+000
2.082051210485210e-004	9.999992e+000
2.091816835485210e-004	9.999992e+000
2.101582460485210e-004	9.999992e+000
2.111348085485210e-004	9.999992e+000
2.121113710485210e-004	9.999992e+000
2.130879335485210e-004	9.999992e+000
2.140644960485210e-004	9.999992e+000
2.150410585485210e-004	9.999992e+000
2.160176210485210e-004	9.999992e+000
2.169941835485210e-004	9.999992e+000
2.179707460485210e-004	9.999992e+000
2.189473085485210e-004	9.999992e+000
2.199238710485210e-004	9.999992e+000
2.209004335485210e-004	9.999992e+000
2.218769960485210e-004	9.999992e+000
2.228535585485210e-004	9.999992e+000
2.238301210485210e-004	9.999992e+000
2.248066835485210e-004	9.999992e+000
2.257832460485210e-004	9.999992e+000
2.267598085485210e-004	9.999992e+000
2.277363710485210e-004	9.999992e+000
2.287129335485210e-004	9.999992e+000
2.296894960485210e-004	9.999992e+000
2.306660585485210e-004	9.999992e+000
2.316426210485210e-004	9.999992e+000
2.326191835485210e-004	9.999992e+000
2.335957460485211e-004	9.999992e+000
2.345723085485211e-004	9.999992e+000
2.355488710485211e-004	9.999992e+000
2.365254335485211e-004	9.999992e+000
2.375019960485211e-004	9.999992e+000
2.384785585485211e-004	9.999992e+000
2.394551210485211e-004	9.999992e+000
2.404316835485211e-004	9.999992e+000
2.414082460485211e-004	9.999992e+000
2.423848085485211e-004	9.999992e+000
2.433613710485211e-004	9.999992e+000
2.443379335485211e-004	9.999992e+000
2.453144960485211e-004	9.999992e+000
2.462910585485211e-004	9.999992e+000
2.472676210485211e-004	9.999992e+000
2.482441835485211e-004	9.999992e+000
2.492207460485211e-004	9.999992e+000
2.501973085485211e-004	9.999992e+000
2.511738710485211e-004	9.999992e+000
2.521504335485211e-004	9.999992e+000
2.531269960485211e-004	9.999992e+000
2.541035585485211e-004	9.999992e+000
2.550000000000000e-004	9.999964e+000
2.550896441451479e-004	9.999053e+000
2.552689324354437e-004	9.998319e+000
2.556275090160353e-004	9.997964e+000
2.561071103527023e-004	9.997341e+000
2.570663130260363e-004	9.994588e+000
2.580428755260363e-004	9.986146e+000
2.585389535166425e-004	9.971735e+000
2.588129833556182e-004	9.945956e+000
2.589757504640564e-004	9.899696e+000
2.590726745774153e-004	9.811565e+000
2.591302071150879e-004	9.634188e+000
2.591652640564355e-004	9.377327e+000
2.591972838487338e-004	9.026694e+000
2.592266901198915e-004	8.646465e+000
2.592777916590826e-004	7.895260e+000
2.593305550261150e-004	7.061044e+000
2.594012074326597e-004	5.973587e+000
2.595069525398597e-004	4.510272e+000
2.596238329420795e-004	3.148465e+000
2.598121142207838e-004	1.471573e+000
2.600000000000000e-004	2.474841e-001
2.600042214906323e-004	2.391327e-001
2.600126644718968e-004	2.288652e-001
2.600295504344260e-004	2.205641e-001
2.600465088205254e-004	2.168600e-001
2.600647605721879e-004	2.127390e-001
2.601012640755129e-004	1.980352e-001
2.601742710821630e-004	1.469973e-001
2.602414893579751e-004	8.280570e-002
2.602916139239151e-004	3.563530e-002
2.603153674532886e-004	2.058861e-002
2.603471350251151e-004	1.007607e-002
2.603803005260451e-004	4.264315e-003
2.604016282464175e-004	2.386512e-003
2.604187142999320e-004	1.592476e-003
2.604392895851782e-004	1.016095e-003
2.604625436571570e-004	6.123718e-004
2.604839978748456e-004	3.848953e-004
2.605047469815233e-004	2.490261e-004
2.605245943446522e-004	1.655989e-004
2.605445630645214e-004	1.106302e-004
2.605645974647809e-004	7.397110e-005
2.605841729124787e-004	5.007224e-005
2.606044950343614e-004	3.341371e-005
2.606234170282199e-004	2.286358e-005
2.606412849097254e-004	1.606628e-005
2.606605725515177e-004	1.099147e-005
2.606786276043060e-004	7.684975e-006
2.606969061408326e-004	5.390300e-006
2.607181362779424e-004	3.562799e-006
2.607384748064842e-004	2.412774e-006
2.607666170276134e-004	1.404162e-006
2.607928450402298e-004	8.559893e-007
2.608351320172436e-004	3.864544e-007
2.608754219135813e-004	1.854740e-007
2.609560017062568e-004	4.456404e-008
2.610380078018122e-004	8.958978e-009
2.612020199929227e-004	-2.979459e-010
2.614605521492229e-004	7.701904e-010
2.619776164618232e-004	-1.953560e-010
2.629541789618232e-004	1.243734e-010
2.922510539618232e-004	1.250555e-010
2.990869914618232e-004	1.514275e-010
3.000000000000000e-004	-1.356556e-005
3.000020086214101e-004	-4.839703e-005
3.000060258642303e-004	4.470206e-005
3.000140603498707e-004	9.426976e-004
3.000192758050140e-004	2.320850e-003
3.000254826165565e-004	5.213600e-003
3.000337828326819e-004	1.133236e-002
3.000503832649328e-004	3.059517e-002
3.000771641872624e-004	8.159280e-002
3.001307260319215e-004	2.576117e-001
3.002378497212396e-004	8.806992e-001
3.004520970998760e-004	3.060604e+000
3.008805918571489e-004	9.314759e+000
3.011128106823446e-004	1.341356e+001
3.013035983454141e-004	1.708322e+001
3.014825821722663e-004	2.055342e+001
3.016007829974590e-004	2.269967e+001
3.016731652969661e-004	2.353569e+001
3.017132290023039e-004	2.299917e+001
3.017361410853926e-004	2.139949e+001
3.017480759275366e-004	1.923281e+001
3.017545073070251e-004	1.708099e+001
3.017616719786279e-004	1.443562e+001
3.017696227304651e-004	1.234929e+001
3.017771475731184e-004	1.120821e+001
3.017845732618683e-004	1.063019e+001
3.017927484787784e-004	1.032382e+001
3.018037108158851e-004	1.014215e+001
3.018159942920232e-004	1.006409e+001
3.018358745787045e-004	1.002678e+001
3.018578616354952e-004	1.001646e+001
3.019018357490764e-004	1.001357e+001
3.019566329365888e-004	1.001248e+001
3.020662273116135e-004	1.001099e+001
3.022854160616630e-004	1.000876e+001
3.027237935617620e-004	1.000604e+001
3.036005485619598e-004	1.000321e+001
3.040992771039546e-004	1.000239e+001
3.050000000000000e-004	9.998182e+000
3.050900722896046e-004	9.999483e+000
3.052702168688137e-004	1.000002e+001
3.056305060272318e-004	9.999987e+000
3.061270411847896e-004	9.999998e+000
3.071036036847896e-004	9.999992e+000
3.080801661847896e-004	9.999992e+000
3.090567286847896e-004	9.999992e+000
3.100332911847896e-004	9.999992e+000
3.110098536847896e-004	9.999992e+000
3.119864161847896e-004	9.999992e+000
3.129629786847896e-004	9.999992e+000
3.139395411847896e-004	9.999992e+000
3.149161036847896e-004	9.999992e+000
3.158926661847896e-004	9.999992e+000
3.168692286847896e-004	9.999992e+000
3.178457911847896e-004	9.999992e+000
3.188223536847896e-004	9.999992e+000
3.197989161847896e-004	9.999992e+000
3.207754786847896e-004	9.999992e+000
3.217520411847896e-004	9.999992e+000
3.227286036847896e-004	9.999992e+000
3.237051661847896e-004	9.999992e+000
3.246817286847896e-004	9.999992e+000
3.256582911847896e-004	9.999992e+000
3.266348536847896e-004	9.999992e+000
3.276114161847896e-004	9.999992e+000
3.285879786847896e-004	9.999992e+000
3.295645411847896e-004	9.999992e+000
3.305411036847896e-004	9.999992e+000
3.315176661847896e-004	9.999992e+000
3.324942286847896e-004	9.999992e+000
3.334707911847896e-004	9.999992e+000
3.344473536847896e-004	9.999992e+000
3.354239161847896e-004	9.999992e+000
3.364004786847896e-004	9.999992e+000
3.373770411847896e-004	9.999992e+000
3.383536036847896e-004	9.999992e+000
3.393301661847896e-004	9.999992e+000
3.403067286847896e-004	9.999992e+000
3.412832911847896e-004	9.999992e+000
3.422598536847896e-004	9.999992e+000
3.432364161847896e-004	9.999992e+000
3.442129786847896e-004	9.999992e+000
3.451895411847896e-004	9.999992e+000
3.461661036847896e-004	9.999992e+000
3.471426661847896e-004	9.999992e+000
3.481192286847896e-004	9.999992e+000
3.490957911847896e-004	9.999992e+000
3.500723536847896e-004	9.999992e+000
3.510489161847896e-004	9.999992e+000
3.520254786847896e-004	9.999992e+000
3.530020411847896e-004	9.999992e+000
3.539786036847896e-004	9.999989e+000
3.540234375000001e-004	9.999990e+000
3.541131051304210e-004	9.999993e+000
3.542924403912627e-004	9.999992e+000
3.546511109129462e-004	9.999992e+000
3.550000000000000e-004	1.000000e+001
3.550348889087054e-004	9.999275e+000
3.551046667261161e-004	9.998550e+000
3.552442223609377e-004	9.998281e+000
3.554948275188019e-004	9.998110e+000
3.559067422365494e-004	9.997629e+000
3.567305716720443e-004	9.995907e+000
3.577071341720443e-004	9.990372e+000
3.584093335394041e-004	9.977260e+000
3.587244801441400e-004	9.958107e+000
3.589191945535954e-004	9.922771e+000
3.590335822618898e-004	9.862139e+000
3.591028648030942e-004	9.748627e+000
3.591467174919826e-004	9.542394e+000
3.591747608783583e-004	9.288754e+000
3.592008789238418e-004	8.981555e+000
3.592393882749138e-004	8.466985e+000
3.592971615923687e-004	7.591548e+000
3.593513326351228e-004	6.733430e+000
3.594330237316974e-004	5.509637e+000
3.595376684461375e-004	4.125879e+000
3.596736585401049e-004	2.595245e+000
3.597892078935417e-004	1.597492e+000
3.600000000000000e-004	2.453551e-001
3.600039546970009e-004	2.380979e-001
3.600118640910027e-004	2.288423e-001
3.600276828790063e-004	2.209852e-001
3.600441949625399e-004	2.173161e-001
3.600624401462389e-004	2.132959e-001
3.600989305136367e-004	1.990339e-001
3.601719112484325e-004	1.489683e-001
3.602401572718454e-004	8.441541e-002
3.602932078483762e-004	3.473207e-002
3.603169660720569e-004	1.981910e-002
3.603478053703935e-004	9.843090e-003
3.603802431371891e-004	4.308575e-003
3.604040786527575e-004	2.275812e-003
3.604217730951637e-004	1.486545e-003
3.604420755647297e-004	9.534808e-004
3.604650005150953e-004	5.800375e-004
3.604862042814502e-004	3.674385e-004
3.605070217293749e-004	2.377586e-004
3.605268173029180e-004	1.583550e-004
3.605468534836717e-004	1.056874e-004
3.605667768849014e-004	7.084270e-005
3.605864578403531e-004	4.786427e-005
3.606066076985539e-004	3.205550e-005
3.606257342750834e-004	2.187036e-005
3.606439888385079e-004	1.524967e-005
3.606633769573259e-004	1.039054e-005
3.606806790344518e-004	7.378611e-006
3.606997529168023e-004	5.051616e-006
3.607148887836381e-004	3.741270e-006
3.607330039900295e-004	2.619902e-006
3.607476065082702e-004	1.959685e-006
3.607627302677674e-004	1.448448e-006
3.607748648346746e-004	1.140681e-006
3.607884600494784e-004	8.742504e-007
3.608006533972417e-004	6.890003e-007
3.608131390675014e-004	5.393178e-007
3.608251438147959e-004	4.266559e-007
3.608372975980596e-004	3.378649e-007
3.608499269314307e-004	2.643091e-007
3.608619303677669e-004	2.098545e-007
3.608748227683951e-004	1.629211e-007
3.608871090747623e-004	1.286097e-007
3.609000929255212e-004	9.929763e-008
3.609127978829529e-004	7.796024e-008
3.609259637637048e-004	5.972217e-008
3.609390883318786e-004	4.682105e-008
3.609525730042144e-004	3.540079e-008
3.609661346633399e-004	2.784182e-008
3.609800413891203e-004	2.060351e-008
3.609940977251540e-004	1.637108e-008
3.610085084047029e-004	1.170019e-008
3.610231351121814e-004	9.528613e-009
3.610381316188905e-004	6.430843e-009
3.610534097780595e-004	5.526513e-009
3.610690812598062e-004	3.379287e-009
3.610850972101966e-004	3.232655e-009
3.611015405782951e-004	1.652463e-009
3.611183889391147e-004	1.950908e-009
3.611357066160068e-004	7.042444e-010
3.611534901575665e-004	1.251851e-009
3.611717931774202e-004	2.040885e-010
3.611906257384511e-004	8.827289e-010
3.612100350690416e-004	-4.836844e-011
3.612300411528931e-004	6.867909e-010
3.612506882187833e-004	-2.862474e-010
3.612722214288888e-004	9.574600e-010
3.612952490453739e-004	-7.061606e-010
3.613202811998617e-004	1.193521e-009
3.613482223315857e-004	-1.025007e-009
3.613803822635084e-004	1.377495e-009
3.614187346031389e-004	-1.143268e-009
3.614665441950243e-004	1.358291e-009
3.615293811006633e-004	-9.945877e-010
3.616174459993336e-004	1.073215e-009
3.617509286024932e-004	-6.101515e-010
3.619734528232553e-004	6.386163e-010
3.990234375000000e-004	-4.251620e-012
4.000000000000000e-004	-9.377990e-006
4.000021484395512e-004	-4.677211e-005
4.000064453186537e-004	8.135795e-005
4.000150390768586e-004	1.197341e-003
4.000207013625815e-004	2.877830e-003
4.000271997315735e-004	6.227997e-003
4.000362143093372e-004	1.350552e-002
4.000542434648646e-004	3.661731e-002
4.000860802415169e-004	1.047749e-001
4.001497537948214e-004	3.435895e-001
4.002771009014304e-004	1.194571e+000
4.005317951146484e-004	4.013675e+000
4.009168983323084e-004	9.901480e+000
4.011420420395887e-004	1.396906e+001
4.013344282579667e-004	1.768277e+001
4.015064095250534e-004	2.100274e+001
4.016245007597254e-004	2.304701e+001
4.016888031252959e-004	2.347255e+001
4.017236323855883e-004	2.245209e+001
4.017423769600027e-004	2.035027e+001
4.017519001204774e-004	1.794342e+001
4.017576031591650e-004	1.586556e+001
4.017645444366438e-004	1.351490e+001
4.017708303839784e-004	1.209384e+001
4.017787607977349e-004	1.106221e+001
4.017859950435183e-004	1.056348e+001
4.017951898438502e-004	1.026961e+001
4.018057673130789e-004	1.012266e+001
4.018198890678520e-004	1.005261e+001
4.018395821307392e-004	1.002386e+001
4.018661606521290e-004	1.001550e+001
4.019108987579321e-004	1.001330e+001
4.019838502824106e-004	1.001210e+001
4.021297533313677e-004	1.001026e+001
4.024215594292817e-004	1.000774e+001
4.030051716251098e-004	1.000489e+001
4.038989484383101e-004	1.000258e+001
4.040234375000000e-004	1.000241e+001
4.042724156233799e-004	1.000214e+001
4.045020437532404e-004	1.000199e+001
4.045407437402789e-004	1.000193e+001
4.046181437143560e-004	1.000180e+001
4.047729436625102e-004	1.000170e+001
4.050000000000000e-004	1.000262e+001
4.050227056337490e-004	1.000131e+001
4.050681169012470e-004	1.000025e+001
4.051589394362429e-004	9.999966e+000
4.053405845062347e-004	9.999997e+000
4.056087642874622e-004	9.999990e+000
4.061451238499171e-004	9.999993e+000
4.071216863499171e-004	9.999992e+000
4.080982488499171e-004	9.999992e+000
4.090748113499171e-004	9.999992e+000
4.100513738499171e-004	9.999992e+000
4.110279363499171e-004	9.999992e+000
4.120044988499171e-004	9.999992e+000
4.129810613499171e-004	9.999992e+000
4.139576238499171e-004	9.999992e+000
4.149341863499171e-004	9.999992e+000
4.159107488499171e-004	9.999992e+000
4.168873113499171e-004	9.999992e+000
4.178638738499171e-004	9.999992e+000
4.188404363499171e-004	9.999992e+000
4.198169988499171e-004	9.999992e+000
4.207935613499171e-004	9.999992e+000
4.217701238499171e-004	9.999992e+000
4.227466863499171e-004	9.999992e+000
4.237232488499171e-004	9.999992e+000
4.246998113499171e-004	9.999992e+000
4.256763738499171e-004	9.999992e+000
4.266529363499171e-004	9.999992e+000
4.276294988499171e-004	9.999992e+000
4.286060613499171e-004	9.999992e+000
4.295826238499171e-004	9.999992e+000
4.305591863499171e-004	9.999992e+000
4.315357488499171e-004	9.999992e+000
4.325123113499171e-004	9.999992e+000
4.334888738499171e-004	9.999992e+000
4.344654363499171e-004	9.999992e+000
4.354419988499171e-004	9.999992e+000
4.364185613499171e-004	9.999992e+000
4.373951238499171e-004	9.999992e+000
4.383716863499171e-004	9.999992e+000
4.393482488499171e-004	9.999992e+000
4.403248113499171e-004	9.999992e+000
4.413013738499171e-004	9.999992e+000
4.422779363499171e-004	9.999992e+000
4.432544988499171e-004	9.999992e+000
4.442310613499171e-004	9.999992e+000
4.452076238499171e-004	9.999992e+000
4.461841863499171e-004	9.999992e+000
4.471607488499171e-004	9.999992e+000
4.481373113499171e-004	9.999992e+000
4.491138738499171e-004	9.999992e+000
4.500904363499171e-004	9.999992e+000
4.510669988499171e-004	9.999992e+000
4.520435613499171e-004	9.999992e+000
4.530201238499171e-004	9.999992e+000
4.539966863499171e-004	9.999984e+000
4.540234375000001e-004	9.999988e+000
4.540769398001659e-004	9.999993e+000
4.541839444004976e-004	9.999991e+000
4.543979536011609e-004	9.999992e+000
4.545719815986734e-004	9.999992e+000
4.546519440049752e-004	9.999992e+000
4.548118688175789e-004	9.999992e+000
4.550000000000000e-004	9.999991e+000
4.550188131182421e-004	9.999464e+000
4.550564393547264e-004	9.998770e+000
4.551316918276949e-004	9.998376e+000
4.552821967736318e-004	9.998282e+000
4.555053127337941e-004	9.998092e+000
4.559515446541189e-004	9.997565e+000
4.568440084947683e-004	9.995516e+000
4.578205709947683e-004	9.989175e+000
4.584563321247209e-004	9.975471e+000
4.587573663940626e-004	9.954093e+000
4.589413895820252e-004	9.914904e+000
4.590498966844473e-004	9.843900e+000
4.591155485644154e-004	9.701505e+000
4.591555582270845e-004	9.469617e+000
4.591831444924113e-004	9.195596e+000
4.592091114903093e-004	8.875905e+000
4.592610454861052e-004	8.150147e+000
4.593114581252896e-004	7.365750e+000
4.593748094045902e-004	6.369670e+000
4.594669770738007e-004	5.036890e+000
4.595754683755287e-004	3.678672e+000
4.597342471454389e-004	1.963221e+000
4.597604518651664e-004	1.720912e+000
4.598128613046213e-004	1.313645e+000
4.598951811210902e-004	7.848132e-001
4.600000000000000e-004	2.458963e-001
4.600048645932258e-004	2.374931e-001
4.600145937796774e-004	2.272971e-001
4.600340521525805e-004	2.192200e-001
4.600548208484728e-004	2.148180e-001
4.600742342756045e-004	2.097337e-001
4.601130611298680e-004	1.923020e-001
4.601751811911269e-004	1.457994e-001
4.602439235350274e-004	7.778370e-002
4.602866686954702e-004	3.746096e-002
4.603110125450372e-004	2.192254e-002
4.603445096797068e-004	1.041227e-002
4.603789543765658e-004	4.214867e-003
4.603996587922243e-004	2.380914e-003
4.604165758501934e-004	1.598052e-003
4.604371488045646e-004	1.020011e-003
4.604603354440953e-004	6.157820e-004
4.604819742798593e-004	3.854609e-004
4.605025622750337e-004	2.501625e-004
4.605226129550825e-004	1.656531e-004
4.605422771853935e-004	1.113684e-004
4.605627984494254e-004	7.372573e-005
4.605817259172830e-004	5.027056e-005
4.605993612258811e-004	3.542640e-005
4.606186095821232e-004	2.427977e-005
4.606376695676282e-004	1.664297e-005
4.606563647071438e-004	1.158555e-005
4.606796472900335e-004	7.371264e-006
4.607017346554121e-004	4.834364e-006
4.607339043870644e-004	2.613998e-006
4.607641453330781e-004	1.485997e-006
4.608166727210102e-004	5.626550e-007
4.608675216086552e-004	2.194138e-007
4.609692193839451e-004	3.713725e-008
4.610878761744261e-004	4.394072e-009
4.613251897553881e-004	-1.902057e-009
4.617998169173120e-004	1.136868e-009
4.637490407492903e-004	6.838775e-010
4.656982645812685e-004	3.337236e-010
4.676474884132468e-004	8.640683e-011
4.695967122452251e-004	-5.807290e-011
4.715459360772034e-004	-9.971557e-011
4.734951599091816e-004	-3.852118e-011
4.754443837411599e-004	1.255103e-010
4.979053212411599e-004	1.264198e-010
4.988818837411599e-004	-5.644462e-009
4.990234375000000e-004	-3.248715e-009
4.994337849646394e-004	-3.627671e-009
4.996882648585575e-004	8.146268e-010
5.000000000000000e-004	3.494495e-005
5.000006858166761e-004	-1.083377e-005
5.000020574500284e-004	-6.280660e-005
5.000033383481438e-004	-9.032209e-005
5.000045405845413e-004	-9.792602e-005
5.000068271799099e-004	-5.575293e-005
5.000093539490174e-004	1.079558e-004
5.000132616338298e-004	6.596326e-004
5.000178225604528e-004	1.858868e-003
5.000247300128221e-004	4.912083e-003
5.000337616866560e-004	1.129436e-002
5.000486112342852e-004	2.777771e-002
5.000727416694509e-004	7.105930e-002
5.001210025397822e-004	2.180832e-001
5.002175242804448e-004	7.351130e-001
5.004105677617699e-004	2.551651e+000
5.007966547244201e-004	7.835504e+000
5.010093732418367e-004	1.145816e+001
5.012179710203554e-004	1.542420e+001
5.014243430103585e-004	1.943157e+001
5.015606255742953e-004	2.200613e+001
5.016552928801477e-004	2.341865e+001
5.017047356721698e-004	2.325877e+001
5.017323555743322e-004	2.186552e+001
5.017466991033445e-004	1.965995e+001
5.017541021825104e-004	1.734438e+001
5.017608968568678e-004	1.479486e+001
5.017680147473220e-004	1.273802e+001
5.017747827927171e-004	1.153663e+001
5.017824841485870e-004	1.078915e+001
5.017901589903838e-004	1.041291e+001
5.018005107310207e-004	1.018489e+001
5.018117266219667e-004	1.008482e+001
5.018297143280653e-004	1.003398e+001
5.018495752406603e-004	1.001870e+001
5.018889218663089e-004	1.001405e+001
5.019365871613566e-004	1.001276e+001
5.020319177514519e-004	1.001144e+001
5.022225789316425e-004	1.000932e+001
5.026039012920237e-004	1.000664e+001
5.033665460127861e-004	1.000380e+001
5.041131994484996e-004	1.000242e+001
5.050000000000000e-004	9.999115e+000
5.050886800551501e-004	9.999804e+000
5.052660401654502e-004	1.000002e+001
5.056207603860503e-004	9.999987e+000
5.061110414368127e-004	9.999998e+000
5.070876039368127e-004	9.999992e+000
5.080641664368127e-004	9.999992e+000
5.090407289368127e-004	9.999992e+000
5.100172914368127e-004	9.999992e+000
5.109938539368127e-004	9.999992e+000
5.119704164368127e-004	9.999992e+000
5.129469789368127e-004	9.999992e+000
5.139235414368127e-004	9.999992e+000
5.149001039368127e-004	9.999992e+000
5.158766664368127e-004	9.999992e+000
5.168532289368127e-004	9.999992e+000
5.178297914368127e-004	9.999992e+000
5.188063539368127e-004	9.999992e+000
5.197829164368127e-004	9.999992e+000
5.207594789368127e-004	9.999992e+000
5.217360414368127e-004	9.999992e+000
5.227126039368127e-004	9.999992e+000
5.236891664368127e-004	9.999992e+000
5.246657289368127e-004	9.999992e+000
5.256422914368127e-004	9.999992e+000
5.266188539368127e-004	9.999992e+000
5.275954164368127e-004	9.999992e+000
5.285719789368127e-004	9.999992e+000
5.295485414368127e-004	9.999992e+000
5.305251039368127e-004	9.999992e+000
5.315016664368127e-004	9.999992e+000
5.324782289368127e-004	9.999992e+000
5.334547914368127e-004	9.999992e+000
5.344313539368127e-004	9.999992e+000
5.354079164368127e-004	9.999992e+000
5.363844789368127e-004	9.999992e+000
5.373610414368127e-004	9.999992e+000
5.383376039368127e-004	9.999992e+000
5.393141664368127e-004	9.999992e+000
5.402907289368127e-004	9.999992e+000
5.412672914368127e-004	9.999992e+000
5.422438539368127e-004	9.999992e+000
5.432204164368127e-004	9.999992e+000
5.441969789368127e-004	9.999992e+000
5.451735414368127e-004	9.999992e+000
5.461501039368127e-004	9.999992e+000
5.471266664368127e-004	9.999992e+000
5.481032289368127e-004	9.999992e+000
5.490797914368127e-004	9.999992e+000
5.500563539368127e-004	9.999992e+000
5.510329164368127e-004	9.999992e+000
5.520094789368127e-004	9.999992e+000
5.529860414368127e-004	9.999992e+000
5.539626039368127e-004	9.999990e+000
5.540234375000001e-004	9.999991e+000
5.541451046263747e-004	9.999993e+000
5.543884388791239e-004	9.999993e+000
5.545133314945016e-004	9.999993e+000
5.547631167252572e-004	9.999992e+000
5.550000000000001e-004	9.999981e+000
5.550236883274743e-004	9.999382e+000
5.550710649824228e-004	9.998676e+000
5.551658182923200e-004	9.998339e+000
5.553553249121144e-004	9.998227e+000
5.556296419282913e-004	9.997967e+000
5.561782759606452e-004	9.997206e+000
5.571548384606452e-004	9.994129e+000
5.581314009606452e-004	9.984761e+000
5.585527139489509e-004	9.971310e+000
5.588144274168576e-004	9.946525e+000
5.589668525756311e-004	9.905919e+000
5.590583013726773e-004	9.837750e+000
5.591150681789021e-004	9.714171e+000
5.591516128137315e-004	9.511004e+000
5.591770277792683e-004	9.266032e+000
5.592009375342352e-004	8.979801e+000
5.592471374393140e-004	8.355877e+000
5.592989150501749e-004	7.565217e+000
5.593570120652541e-004	6.644153e+000
5.594387493767190e-004	5.428047e+000
5.595446020242819e-004	4.041862e+000
5.596841776168699e-004	2.481701e+000
5.597834884926638e-004	1.531194e+000
5.598013782484123e-004	1.383633e+000
5.598371577599093e-004	1.127175e+000
5.599087167829033e-004	6.965154e-001
5.600000000000001e-004	2.467122e-001
5.600051778308999e-004	2.375379e-001
5.600155334926994e-004	2.268548e-001
5.600362448162985e-004	2.186837e-001
5.600569248758615e-004	2.142992e-001
5.600772829909306e-004	2.086964e-001
5.601179992210687e-004	1.895544e-001
5.601786735790478e-004	1.426881e-001
5.602475254781228e-004	7.360993e-002
5.602860722891946e-004	3.747438e-002
5.603103967096143e-004	2.224145e-002
5.603467819427226e-004	1.001713e-002
5.603829669266380e-004	3.791971e-003
5.604028183798712e-004	2.174296e-003
5.604193504022506e-004	1.480770e-003
5.604403154020029e-004	9.402722e-004
5.604632081749742e-004	5.719331e-004
5.604849001486390e-004	3.584594e-004
5.605052093357688e-004	2.343070e-004
5.605254152611640e-004	1.548599e-004
5.605448575396995e-004	1.042572e-004
5.605634286811435e-004	7.186908e-005
5.605830217467267e-004	4.863666e-005
5.606011951298447e-004	3.385745e-005
5.606201423350801e-004	2.340953e-005
5.606417073459187e-004	1.535348e-005
5.606629305906759e-004	1.022391e-005
5.606924046939575e-004	5.805658e-006
5.607203822187616e-004	3.426677e-006
5.607666057447010e-004	1.446934e-006
5.608111377149168e-004	6.342725e-007
5.609002016553484e-004	1.347692e-007
5.609963058281299e-004	1.760660e-008
5.611885141736929e-004	-2.364129e-009
5.615364397991504e-004	1.754112e-009
5.622322910500655e-004	-3.463681e-010
5.632088535500655e-004	1.255103e-010
5.990234375000001e-004	-4.490342e-010
6.000000000000001e-004	-4.214980e-005
6.000021484458053e-004	-5.776707e-005
6.000064453374159e-004	8.135897e-005
6.000150391206369e-004	1.197603e-003
6.000207055591212e-004	2.879612e-003
6.000272024854238e-004	6.229676e-003
6.000362203987304e-004	1.351161e-002
6.000542562253436e-004	3.663844e-002
6.000861090338576e-004	1.048541e-001
6.001498146508856e-004	3.438829e-001
6.002772258849417e-004	1.195637e+000
6.005320483530537e-004	4.016589e+000
6.009167296206424e-004	9.898043e+000
6.011417445666303e-004	1.396332e+001
6.013341006987391e-004	1.767640e+001
6.015061968672906e-004	2.099880e+001
6.016242465969729e-004	2.304374e+001
6.016886270070271e-004	2.347462e+001
6.017235106651815e-004	2.246040e+001
6.017423054444572e-004	2.036485e+001
6.017518593769330e-004	1.796076e+001
6.017575530048123e-004	1.588775e+001
6.017644928555132e-004	1.353107e+001
6.017707732343995e-004	1.210530e+001
6.017787087556649e-004	1.106771e+001
6.017859359603817e-004	1.056655e+001
6.017951143862171e-004	1.027133e+001
6.018056775707574e-004	1.012347e+001
6.018197492471156e-004	1.005302e+001
6.018394295308581e-004	1.002397e+001
6.018658407563448e-004	1.001554e+001
6.019105181738238e-004	1.001332e+001
6.019828702704892e-004	1.001211e+001
6.021275744638199e-004	1.001028e+001
6.024169828504813e-004	1.000777e+001
6.029957996238040e-004	1.000493e+001
6.038901893815087e-004	1.000260e+001
6.040234375000001e-004	1.000241e+001
6.042899337369829e-004	1.000212e+001
6.044670075260345e-004	1.000195e+001
6.046458524218968e-004	1.000181e+001
6.050000000000001e-004	1.000285e+001
6.050354147578104e-004	1.000127e+001
6.051062442734311e-004	1.000013e+001
6.052479033046724e-004	9.999964e+000
6.055034393914008e-004	1.000000e+001
6.059330597934609e-004	9.999987e+000
6.067923005975811e-004	9.999993e+000
6.077688630975811e-004	9.999992e+000
6.087454255975811e-004	9.999992e+000
6.097219880975811e-004	9.999992e+000
6.106985505975811e-004	9.999992e+000
6.116751130975811e-004	9.999992e+000
6.126516755975811e-004	9.999992e+000
6.136282380975811e-004	9.999992e+000
6.146048005975811e-004	9.999992e+000
6.155813630975811e-004	9.999992e+000
6.165579255975811e-004	9.999992e+000
6.175344880975811e-004	9.999992e+000
6.185110505975811e-004	9.999992e+000
6.194876130975811e-004	9.999992e+000
6.204641755975811e-004	9.999992e+000
6.214407380975811e-004	9.999992e+000
6.224173005975811e-004	9.999992e+000
6.233938630975811e-004	9.999992e+000
6.243704255975811e-004	9.999992e+000
6.253469880975811e-004	9.999992e+000
6.263235505975811e-004	9.999992e+000
6.273001130975811e-004	9.999992e+000
6.282766755975811e-004	9.999992e+000
6.292532380975811e-004	9.999992e+000
6.302298005975811e-004	9.999992e+000
6.312063630975811e-004	9.999992e+000
6.321829255975811e-004	9.999992e+000
6.331594880975811e-004	9.999992e+000
6.341360505975811e-004	9.999992e+000
6.351126130975811e-004	9.999992e+000
6.360891755975811e-004	9.999992e+000
6.370657380975811e-004	9.999992e+000
6.380423005975811e-004	9.999992e+000
6.390188630975811e-004	9.999992e+000
6.399954255975811e-004	9.999992e+000
6.409719880975811e-004	9.999992e+000
6.419485505975811e-004	9.999992e+000
6.429251130975811e-004	9.999992e+000
6.439016755975811e-004	9.999992e+000
6.448782380975811e-004	9.999992e+000
6.458548005975811e-004	9.999992e+000
6.468313630975811e-004	9.999992e+000
6.478079255975811e-004	9.999992e+000
6.487844880975811e-004	9.999992e+000
6.497610505975811e-004	9.999992e+000
6.507376130975811e-004	9.999992e+000
6.517141755975811e-004	9.999992e+000
6.526907380975811e-004	9.999992e+000
6.536673005975811e-004	9.999992e+000
6.540234375000001e-004	9.999992e+000
6.542877261951622e-004	9.999992e+000
6.544714226096759e-004	9.999992e+000
6.546326071709727e-004	9.999994e+000
6.546776308774064e-004	9.999994e+000
6.547676782902738e-004	9.999992e+000
6.548199051742654e-004	9.999993e+000
6.548955462320169e-004	9.999992e+000
6.550000000000001e-004	9.999990e+000
6.550104453767984e-004	9.999668e+000
6.550313361303950e-004	9.999076e+000
6.550731176375883e-004	9.998528e+000
6.551566806519748e-004	9.998360e+000
6.553017320848893e-004	9.998271e+000
6.555918349507182e-004	9.998002e+000
6.561720406823761e-004	9.997210e+000
6.571486031823761e-004	9.994162e+000
6.581251656823761e-004	9.984861e+000
6.585544794155575e-004	9.971065e+000
6.588200229852219e-004	9.945315e+000
6.589747147657247e-004	9.901275e+000
6.590673793422053e-004	9.823156e+000
6.591234215703781e-004	9.673777e+000
6.591587773228008e-004	9.443840e+000
6.591852829267012e-004	9.170981e+000
6.592106686126479e-004	8.857075e+000
6.592614399845413e-004	8.144704e+000
6.593118570053449e-004	7.359442e+000
6.593753864160666e-004	6.361094e+000
6.594682722979008e-004	5.019402e+000
6.595767829075300e-004	3.663591e+000
6.597364505414701e-004	1.941152e+000
6.597595593601175e-004	1.727053e+000
6.598057769974122e-004	1.367538e+000
6.598982122720018e-004	7.712927e-001
6.600000000000001e-004	2.461252e-001
6.600049396983674e-004	2.375370e-001
6.600148190951020e-004	2.272127e-001
6.600345778885712e-004	2.191042e-001
6.600552900806418e-004	2.147200e-001
6.600749184883260e-004	2.095277e-001
6.601141753036944e-004	1.917383e-001
6.601759351692033e-004	1.452038e-001
6.602447236911038e-004	7.693446e-002
6.602865755062364e-004	3.749561e-002
6.603109242236024e-004	2.214030e-002
6.603479917045780e-004	9.738512e-003
6.603819715454493e-004	3.876146e-003
6.604018194796336e-004	2.245648e-003
6.604183519867088e-004	1.529572e-003
6.604398310250848e-004	9.605265e-004
6.604630352871324e-004	5.787890e-004
6.604845653411426e-004	3.635381e-004
6.605049359837364e-004	2.373270e-004
6.605250151105461e-004	1.572452e-004
6.605446124990696e-004	1.059160e-004
6.605652354417057e-004	6.999657e-005
6.605840422415277e-004	4.782648e-005
6.606014855809512e-004	3.384081e-005
6.606206724596595e-004	2.325719e-005
6.606403464886729e-004	1.576878e-005
6.606596403955471e-004	1.086175e-005
6.606843722125731e-004	6.727141e-006
6.607077874518317e-004	4.307375e-006
6.607429751774514e-004	2.205958e-006
6.607762479344158e-004	1.201751e-006
6.608427934483448e-004	3.611214e-007
6.609035897576158e-004	1.062150e-007
6.610251823761578e-004	1.166356e-008
6.611852456134708e-004	2.114878e-009
6.615053720880966e-004	-1.288451e-009
6.621456250373483e-004	6.301434e-010
6.631221875373483e-004	1.273293e-010
6.640987500373483e-004	1.218723e-010
6.650753125373483e-004	1.273293e-010
6.660518750373483e-004	1.236913e-010
6.990234375000001e-004	4.415727e-010
7.000000000000001e-004	3.625044e-005
7.000021484381053e-004	-3.146676e-005
7.000064453143155e-004	8.135852e-005
7.000150390667359e-004	1.197013e-003
7.000206959782204e-004	2.875543e-003
7.000271962401580e-004	6.225870e-003
7.000362065163790e-004	1.349772e-002
7.000542270688209e-004	3.659016e-002
7.000860432594010e-004	1.046732e-001
7.001496756405613e-004	3.432130e-001
7.002769404028817e-004	1.193201e+000
7.005314699275225e-004	4.009934e+000
7.009171158285704e-004	9.905910e+000
7.011424251692193e-004	1.397646e+001
7.013348501079149e-004	1.769098e+001
7.015066831597787e-004	2.100781e+001
7.016248284029782e-004	2.305121e+001
7.016890302769440e-004	2.346983e+001
7.017237894709541e-004	2.244129e+001
7.017424693080303e-004	2.033139e+001
7.017519526764091e-004	1.792102e+001
7.017576683138675e-004	1.583676e+001
7.017646118053345e-004	1.349385e+001
7.017709047453814e-004	1.207900e+001
7.017788289708174e-004	1.105505e+001
7.017860721941827e-004	1.055950e+001
7.017952889221778e-004	1.026737e+001
7.018058845415104e-004	1.012161e+001
7.018200730633955e-004	1.005208e+001
7.018397816299831e-004	1.002372e+001
7.018665835675608e-004	1.001546e+001
7.019113990414680e-004	1.001329e+001
7.019851518954052e-004	1.001208e+001
7.021326576032796e-004	1.001023e+001
7.024276690190285e-004	1.000770e+001
7.030176918505262e-004	1.000485e+001
7.039106867043272e-004	1.000256e+001
7.040234375000000e-004	1.000241e+001
7.042489390913457e-004	1.000218e+001
7.045489968173087e-004	1.000188e+001
7.050000000000000e-004	1.000026e+001
7.050451003182692e-004	1.000031e+001
7.051353009548075e-004	1.000008e+001
7.053157022278840e-004	9.999972e+000
7.056124836485126e-004	1.000000e+001
7.061855054441620e-004	9.999989e+000
7.071620679441620e-004	9.999992e+000
7.081386304441620e-004	9.999992e+000
7.091151929441620e-004	9.999992e+000
7.100917554441620e-004	9.999992e+000
7.110683179441620e-004	9.999992e+000
7.120448804441620e-004	9.999992e+000
7.130214429441620e-004	9.999992e+000
7.139980054441620e-004	9.999992e+000
7.149745679441620e-004	9.999992e+000
7.159511304441620e-004	9.999992e+000
7.169276929441620e-004	9.999992e+000
7.179042554441620e-004	9.999992e+000
7.188808179441620e-004	9.999992e+000
7.198573804441620e-004	9.999992e+000
7.208339429441620e-004	9.999992e+000
7.218105054441620e-004	9.999992e+000
7.227870679441620e-004	9.999992e+000
7.237636304441620e-004	9.999992e+000
7.247401929441620e-004	9.999992e+000
7.257167554441620e-004	9.999992e+000
7.266933179441620e-004	9.999992e+000
7.276698804441620e-004	9.999992e+000
7.286464429441620e-004	9.999992e+000
7.296230054441620e-004	9.999992e+000
7.305995679441620e-004	9.999992e+000
7.315761304441620e-004	9.999992e+000
7.325526929441620e-004	9.999992e+000
7.335292554441620e-004	9.999992e+000
7.345058179441620e-004	9.999992e+000
7.354823804441620e-004	9.999992e+000
7.364589429441620e-004	9.999992e+000
7.374355054441621e-004	9.999992e+000
7.384120679441621e-004	9.999992e+000
7.393886304441621e-004	9.999992e+000
7.403651929441621e-004	9.999992e+000
7.413417554441621e-004	9.999992e+000
7.423183179441621e-004	9.999992e+000
7.432948804441621e-004	9.999992e+000
7.442714429441621e-004	9.999992e+000
7.452480054441621e-004	9.999992e+000
7.462245679441621e-004	9.999992e+000
7.472011304441621e-004	9.999992e+000
7.481776929441621e-004	9.999992e+000
7.491542554441621e-004	9.999992e+000
7.501308179441621e-004	9.999992e+000
7.511073804441621e-004	9.999992e+000
7.520839429441621e-004	9.999992e+000
7.530605054441621e-004	9.999992e+000
7.540370679441621e-004	9.999992e+000
7.550000000000000e-004	9.999964e+000
7.550962932055839e-004	9.999041e+000
7.552888796167514e-004	9.998300e+000
7.556740524390866e-004	9.997915e+000
7.561814118201675e-004	9.997215e+000
7.571579743201675e-004	9.994115e+000
7.581345368201675e-004	9.984694e+000
7.585506450274243e-004	9.971560e+000
7.588098830983467e-004	9.947388e+000
7.589608353271548e-004	9.909166e+000
7.590515322255406e-004	9.847319e+000
7.591084694074777e-004	9.739982e+000
7.591458421082433e-004	9.557191e+000
7.591714484093773e-004	9.326349e+000
7.591951196483166e-004	9.052752e+000
7.592310454586926e-004	8.585392e+000
7.592827586679846e-004	7.819175e+000
7.593363235751689e-004	6.970006e+000
7.594088313984923e-004	5.860703e+000
7.595141450760319e-004	4.418686e+000
7.596352619376319e-004	3.018497e+000
7.598063341476100e-004	1.505078e+000
7.600000000000000e-004	2.467109e-001
7.600041373346346e-004	2.387805e-001
7.600124120039035e-004	2.288645e-001
7.600289613424414e-004	2.206950e-001
7.600457808240044e-004	2.170013e-001
7.600640171263692e-004	2.129165e-001
7.601004897310988e-004	1.983691e-001
7.601734349405579e-004	1.476919e-001
7.602409957821342e-004	8.337378e-002
7.602920929428548e-004	3.535575e-002
7.603158522029595e-004	2.034325e-002
7.603472851320677e-004	1.000986e-002
7.603801951438119e-004	4.287223e-003
7.604023787435617e-004	2.352038e-003
7.604196794812447e-004	1.557885e-003
7.604401610936492e-004	9.957529e-004
7.604633087760989e-004	6.019372e-004
7.604846786736254e-004	3.793256e-004
7.605054525896044e-004	2.454181e-004
7.605252807426522e-004	1.632904e-004
7.605452758035484e-004	1.090428e-004
7.605652671675482e-004	7.297919e-005
7.605848867592273e-004	4.936046e-005
7.606051365711014e-004	3.298817e-005
7.606241454421660e-004	2.254423e-005
7.606421785865218e-004	1.578945e-005
7.606615110044127e-004	1.076865e-005
7.606784693431252e-004	7.698089e-006
7.606974321665580e-004	5.314418e-006
7.607155557662058e-004	3.710117e-006
7.607327888599383e-004	2.645721e-006
7.607514852757812e-004	1.834898e-006
7.607697283111495e-004	1.294285e-006
7.607934667118117e-004	8.161542e-007
7.608148608145430e-004	5.426986e-007
7.608451815165004e-004	3.022577e-007
7.608737801095095e-004	1.796190e-007
7.609208534358395e-004	7.341220e-008
7.609664524182550e-004	3.371794e-008
7.610493493536400e-004	6.801558e-009
7.611443329703782e-004	2.662328e-009
7.613296587732935e-004	-5.050113e-010
7.616201745461261e-004	6.919739e-010
7.622012060917914e-004	-1.047871e-010
7.990234375000000e-004	-1.525002e-011
8.000000000000000e-004	-1.227116e-005
8.000021484398067e-004	-4.774319e-005
8.000064453194201e-004	8.135795e-005
8.000150390786468e-004	1.197367e-003
8.000207017835017e-004	2.878009e-003
8.000272000056548e-004	6.228164e-003
8.000362149190815e-004	1.350613e-002
8.000542447459349e-004	3.661943e-002
8.000860831242987e-004	1.047828e-001
8.001497598810263e-004	3.436189e-001
8.002771133944814e-004	1.194677e+000
8.005318204213916e-004	4.013966e+000
8.009168814503639e-004	9.901135e+000
8.011420122833700e-004	1.396848e+001
8.013343954932959e-004	1.768213e+001
8.015063882610446e-004	2.100235e+001
8.016244753299266e-004	2.304668e+001
8.016887855010959e-004	2.347276e+001
8.017236202023801e-004	2.245292e+001
8.017423698007873e-004	2.035173e+001
8.017518960436393e-004	1.794516e+001
8.017575981268335e-004	1.586779e+001
8.017645392503670e-004	1.351652e+001
8.017708246462622e-004	1.209499e+001
8.017787555588770e-004	1.106277e+001
8.017859891033758e-004	1.056379e+001
8.017951822407686e-004	1.026978e+001
8.018057582892819e-004	1.012274e+001
8.018198749671755e-004	1.005265e+001
8.018395667823380e-004	1.002387e+001
8.018661283332208e-004	1.001551e+001
8.019108603970595e-004	1.001331e+001
8.019837510965755e-004	1.001210e+001
8.021295324956077e-004	1.001026e+001
8.024210952936720e-004	1.000775e+001
8.030042208898007e-004	1.000490e+001
8.038980588000627e-004	1.000259e+001
8.040234375000001e-004	1.000241e+001
8.042741948998747e-004	1.000214e+001
8.044984852002508e-004	1.000197e+001
8.046572877972417e-004	1.000178e+001
8.047882632040122e-004	1.000169e+001
8.050000000000001e-004	1.000265e+001
8.050211736795989e-004	1.000135e+001
8.050635210387965e-004	1.000028e+001
8.051482157571916e-004	9.999969e+000
8.053176051939819e-004	9.999996e+000
8.055689170047121e-004	9.999990e+000
8.060715406261725e-004	9.999992e+000
8.070481031261725e-004	9.999992e+000
8.080246656261725e-004	9.999992e+000
8.090012281261725e-004	9.999992e+000
8.099777906261725e-004	9.999992e+000
8.109543531261725e-004	9.999992e+000
8.119309156261725e-004	9.999992e+000
8.129074781261725e-004	9.999992e+000
8.138840406261725e-004	9.999992e+000
8.148606031261725e-004	9.999992e+000
8.158371656261725e-004	9.999992e+000
8.168137281261725e-004	9.999992e+000
8.177902906261725e-004	9.999992e+000
8.187668531261725e-004	9.999992e+000
8.197434156261725e-004	9.999992e+000
8.207199781261725e-004	9.999992e+000
8.216965406261725e-004	9.999992e+000
8.226731031261725e-004	9.999992e+000
8.236496656261725e-004	9.999992e+000
8.246262281261725e-004	9.999992e+000
8.256027906261725e-004	9.999992e+000
8.265793531261725e-004	9.999992e+000
8.275559156261725e-004	9.999992e+000
8.285324781261725e-004	9.999992e+000
8.295090406261725e-004	9.999992e+000
8.304856031261725e-004	9.999992e+000
8.314621656261725e-004	9.999992e+000
8.324387281261725e-004	9.999992e+000
8.334152906261725e-004	9.999992e+000
8.343918531261725e-004	9.999992e+000
8.353684156261726e-004	9.999992e+000
8.363449781261726e-004	9.999992e+000
8.373215406261726e-004	9.999992e+000
8.382981031261726e-004	9.999992e+000
8.392746656261726e-004	9.999992e+000
8.402512281261726e-004	9.999992e+000
8.412277906261726e-004	9.999992e+000
8.422043531261726e-004	9.999992e+000
8.431809156261726e-004	9.999992e+000
8.441574781261726e-004	9.999992e+000
8.451340406261726e-004	9.999992e+000
8.461106031261726e-004	9.999992e+000
8.470871656261726e-004	9.999992e+000
8.480637281261726e-004	9.999992e+000
8.490402906261726e-004	9.999992e+000
8.500168531261726e-004	9.999992e+000
8.509934156261726e-004	9.999992e+000
8.519699781261726e-004	9.999992e+000
8.529465406261726e-004	9.999992e+000
8.539231031261726e-004	9.999990e+000
8.540234375000001e-004	9.999990e+000
8.542241062476551e-004	9.999993e+000
8.546254437429651e-004	9.999992e+000
8.550000000000001e-004	9.999976e+000
8.550374556257035e-004	9.999245e+000
8.551123668771105e-004	9.998530e+000
8.552621893799245e-004	9.998269e+000
8.555232529476604e-004	9.998084e+000
8.559696599779900e-004	9.997537e+000
8.568624740386491e-004	9.995449e+000
8.578390365386491e-004	9.988975e+000
8.584656585082160e-004	9.974953e+000
8.587653123338200e-004	9.953103e+000
8.589481313594399e-004	9.911799e+000
8.590559548001217e-004	9.836743e+000
8.591182403058990e-004	9.691029e+000
8.591574000964345e-004	9.452605e+000
8.591850076006618e-004	9.173751e+000
8.592112647567990e-004	8.848501e+000
8.592637790690733e-004	8.108995e+000
8.593141054021373e-004	7.323523e+000
8.593786117786164e-004	6.311988e+000
8.594735371891399e-004	4.948355e+000
8.595827393655249e-004	3.595832e+000
8.597461984214955e-004	1.843253e+000
8.597551667718906e-004	1.759743e+000
8.597731034726808e-004	1.611248e+000
8.598089768742613e-004	1.334461e+000
8.598807236774222e-004	8.712774e-001
8.600000000000001e-004	2.465855e-001
8.600046597436230e-004	2.379461e-001
8.600139792308687e-004	2.276542e-001
8.600326182053601e-004	2.195685e-001
8.600512744817282e-004	2.156009e-001
8.600707127255451e-004	2.107428e-001
8.601095892131790e-004	1.940175e-001
8.601726304827111e-004	1.480067e-001
8.602422189329396e-004	7.994413e-002
8.602880948617185e-004	3.676159e-002
8.603124315116536e-004	2.126723e-002
8.603446903207980e-004	1.031450e-002
8.603782564165822e-004	4.304566e-003
8.603992557079880e-004	2.423552e-003
8.604162993891305e-004	1.619512e-003
8.604368090346451e-004	1.034403e-003
8.604600808613865e-004	6.231481e-004
8.604816766418189e-004	3.902347e-004
8.605023259089721e-004	2.529013e-004
8.605223434864237e-004	1.675365e-004
8.605420441460870e-004	1.125452e-004
8.605625338456647e-004	7.454277e-005
8.605814907419638e-004	5.080167e-005
8.605991550419729e-004	3.577743e-005
8.606184089199898e-004	2.456795e-005
8.606387694991166e-004	1.645252e-005
8.606588783456256e-004	1.116301e-005
8.606850762973052e-004	6.731149e-006
8.607103168125319e-004	4.174090e-006
8.607496349274718e-004	1.987679e-006
8.607871989000462e-004	9.970408e-007
8.608623268451950e-004	2.626249e-007
8.609356183415097e-004	5.736547e-008
8.610822013341389e-004	2.587504e-009
8.613022203539280e-004	1.609199e-009
8.617422583935063e-004	-8.233959e-010
8.626223344726629e-004	2.170697e-010
8.635988969726629e-004	1.327862e-010
8.645754594726629e-004	1.218723e-010
8.655520219726629e-004	1.291482e-010
8.665285844726629e-004	1.218723e-010
8.675051469726629e-004	1.273293e-010
8.684817094726629e-004	1.227818e-010
8.726669773298058e-004	1.239859e-010
8.768522451869486e-004	1.249619e-010
8.810375130440915e-004	1.257097e-010
8.852227809012343e-004	1.262295e-010
8.894080487583772e-004	1.265210e-010
8.935933166155201e-004	1.265845e-010
8.977785844726629e-004	1.264198e-010
8.987551469726629e-004	2.699384e-009
8.994634189453257e-004	-2.648062e-010
9.000000000000001e-004	-3.457480e-005
9.000011804854727e-004	-4.649962e-005
9.000035414564179e-004	-7.877434e-005
9.000063637145330e-004	-6.215429e-005
9.000089550835070e-004	7.034581e-005
9.000122810605200e-004	4.776155e-004
9.000166458636419e-004	1.487660e-003
9.000228636041116e-004	3.940166e-003
9.000314110930770e-004	9.369437e-003
9.000444330658078e-004	2.236578e-002
9.000657364747216e-004	5.665938e-002
9.001083432925492e-004	1.727920e-001
9.001935569282042e-004	5.816440e-001
9.003639841995143e-004	2.029951e+000
9.007048387421345e-004	6.339776e+000
9.009255105273380e-004	9.928817e+000
9.011467637107150e-004	1.405473e+001
9.013562766707544e-004	1.810872e+001
9.015261381715738e-004	2.136265e+001
9.016499744660711e-004	2.331373e+001
9.017074011231484e-004	2.306850e+001
9.017371984499399e-004	2.109555e+001
9.017510028382311e-004	1.833342e+001
9.017580386733233e-004	1.595379e+001
9.017662701409161e-004	1.321415e+001
9.017724352744234e-004	1.188427e+001
9.017796607344684e-004	1.101948e+001
9.017872654343330e-004	1.053146e+001
9.017961798118690e-004	1.026074e+001
9.018077321959466e-004	1.011168e+001
9.018209008041604e-004	1.005048e+001
9.018426290649477e-004	1.002247e+001
9.018667427209591e-004	1.001521e+001
9.019149700329820e-004	1.001324e+001
9.019769562559223e-004	1.001219e+001
9.021009287018030e-004	1.001056e+001
9.023488735935645e-004	1.000826e+001
9.028447633770875e-004	1.000551e+001
9.037862215319863e-004	1.000279e+001
9.040649625715390e-004	1.000237e+001
9.044425179208947e-004	1.000201e+001
9.050000000000001e-004	1.000536e+001
9.050557482079107e-004	1.000205e+001
9.051672446237318e-004	1.000007e+001
9.053902374553739e-004	9.999974e+000
9.057342882350919e-004	1.000000e+001
9.064223897945280e-004	9.999990e+000
9.073989522945280e-004	9.999992e+000
9.083755147945280e-004	9.999992e+000
9.093520772945280e-004	9.999992e+000
9.103286397945280e-004	9.999992e+000
9.113052022945280e-004	9.999992e+000
9.122817647945280e-004	9.999992e+000
9.132583272945280e-004	9.999992e+000
9.142348897945280e-004	9.999992e+000
9.152114522945280e-004	9.999992e+000
9.161880147945280e-004	9.999992e+000
9.171645772945280e-004	9.999992e+000
9.181411397945280e-004	9.999992e+000
9.191177022945280e-004	9.999992e+000
9.200942647945280e-004	9.999992e+000
9.210708272945280e-004	9.999992e+000
9.220473897945280e-004	9.999992e+000
9.230239522945280e-004	9.999992e+000
9.240005147945280e-004	9.999992e+000
9.249770772945280e-004	9.999992e+000
9.259536397945280e-004	9.999992e+000
9.269302022945280e-004	9.999992e+000
9.279067647945280e-004	9.999992e+000
9.288833272945280e-004	9.999992e+000
9.298598897945280e-004	9.999992e+000
9.308364522945280e-004	9.999992e+000
9.318130147945280e-004	9.999992e+000
9.327895772945280e-004	9.999992e+000
9.337661397945280e-004	9.999992e+000
9.347427022945280e-004	9.999992e+000
9.357192647945280e-004	9.999992e+000
9.366958272945280e-004	9.999992e+000
9.376723897945280e-004	9.999992e+000
9.386489522945280e-004	9.999992e+000
9.396255147945280e-004	9.999992e+000
9.406020772945280e-004	9.999992e+000
9.415786397945280e-004	9.999992e+000
9.425552022945280e-004	9.999992e+000
9.435317647945280e-004	9.999992e+000
9.445083272945280e-004	9.999992e+000
9.454848897945280e-004	9.999992e+000
9.464614522945280e-004	9.999992e+000
9.474380147945280e-004	9.999992e+000
9.484145772945280e-004	9.999992e+000
9.493911397945280e-004	9.999992e+000
9.503677022945280e-004	9.999992e+000
9.513442647945280e-004	9.999992e+000
9.523208272945280e-004	9.999992e+000
9.532973897945280e-004	9.999992e+000
9.540234375000001e-004	9.999992e+000
9.550000000000001e-004	9.999997e+000
9.550976562500001e-004	9.999050e+000
9.552929687500001e-004	9.998296e+000
9.556835937500000e-004	9.997906e+000
9.561965860332520e-004	9.997190e+000
9.571731485332520e-004	9.994032e+000
9.581497110332520e-004	9.984533e+000
9.585388775265098e-004	9.972599e+000
9.587852903260000e-004	9.951977e+000
9.589288038231422e-004	9.922992e+000
9.590159452813965e-004	9.882535e+000
9.590756337200623e-004	9.819412e+000
9.591181522481761e-004	9.715105e+000
9.591482138269567e-004	9.547662e+000
9.591708417244860e-004	9.335030e+000
9.591921486863294e-004	9.088640e+000
9.592298989884897e-004	8.599052e+000
9.592863866658432e-004	7.762157e+000
9.593387809212816e-004	6.931659e+000
9.594132243808849e-004	5.796259e+000
9.595181703624793e-004	4.367846e+000
9.596418100314068e-004	2.945018e+000
9.598034385503457e-004	1.520979e+000
9.600000000000001e-004	2.466489e-001
9.600041110217801e-004	2.387442e-001
9.600123330653400e-004	2.288759e-001
9.600287771524596e-004	2.207377e-001
9.600455321775708e-004	2.170503e-001
9.600637570095947e-004	2.129800e-001
9.601002066736425e-004	1.984956e-001
9.601731060017381e-004	1.479715e-001
9.602408000303877e-004	8.360480e-002
9.602922889961998e-004	3.524546e-002
9.603160513227992e-004	2.024583e-002
9.603473498051252e-004	9.983604e-003
9.603801566409490e-004	4.296342e-003
9.604026800550427e-004	2.338618e-003
9.604200644076444e-004	1.544454e-003
9.604405063544717e-004	9.879039e-004
9.604636112606414e-004	5.979244e-004
9.604849504406101e-004	3.771617e-004
9.605057311803985e-004	2.440314e-004
9.605255571758165e-004	1.623841e-004
9.605455532506639e-004	1.084414e-004
9.605655431664544e-004	7.258051e-005
9.605851570691279e-004	4.909841e-005
9.606054162360569e-004	3.280721e-005
9.606244100173501e-004	2.242579e-005
9.606424100505830e-004	1.571702e-005
9.606617326486547e-004	1.072111e-005
9.606786350674462e-004	7.672445e-006
9.606975785733377e-004	5.306240e-006
9.607164522678572e-004	3.654230e-006
9.607344711646468e-004	2.578616e-006
9.607570443689148e-004	1.662259e-006
9.607775421783856e-004	1.121724e-006
9.608064966093475e-004	6.422665e-007
9.608330648099452e-004	3.907648e-007
9.608763643833108e-004	1.724125e-007
9.609172608890015e-004	8.353496e-008
9.609990539003831e-004	1.919071e-008
9.610825562045029e-004	4.807892e-009
9.612495608127423e-004	-4.255922e-010
9.615042944631597e-004	7.600344e-010
9.620137617639943e-004	-1.856600e-010
9.629903242639943e-004	1.246008e-010
9.990234375000001e-004	8.564349e-011
1.000000000000000e-003	4.702088e-010
