time	V(n143)
0.000000000000000e+000	4.526701e+001
2.929687403590252e-014	4.526701e+001
5.859374807180504e-014	4.526701e+001
1.171874961436101e-013	4.526701e+001
2.343749922872201e-013	4.526701e+001
4.687499845744403e-013	4.526701e+001
9.374999691488806e-013	4.526701e+001
1.874999938297761e-012	4.526701e+001
3.749999876595522e-012	4.526701e+001
7.499999753191045e-012	4.526701e+001
1.499999950638209e-011	4.526701e+001
2.999999901276418e-011	4.526701e+001
5.999999802552836e-011	4.526701e+001
1.199999960510567e-010	4.526701e+001
2.399999921021134e-010	4.526701e+001
4.799999842042269e-010	4.526701e+001
9.599999684084537e-010	4.526701e+001
1.658213545237689e-009	4.526701e+001
2.701302889715968e-009	4.526701e+001
4.096446650815651e-009	4.526701e+001
6.011092800586506e-009	4.526701e+001
8.502436470361542e-009	4.526701e+001
1.143212397036154e-008	4.526700e+001
1.436181147036154e-008	4.526698e+001
1.729149897036154e-008	4.526694e+001
2.022118647036154e-008	4.526688e+001
2.315087397036154e-008	4.526680e+001
2.608056147036154e-008	4.526670e+001
2.901024897036154e-008	4.526656e+001
3.193993647036154e-008	4.526640e+001
3.486962397036154e-008	4.526619e+001
3.779931147036154e-008	4.526595e+001
4.072899897036153e-008	4.526566e+001
4.365868647036153e-008	4.526533e+001
4.658837397036153e-008	4.526496e+001
4.951806147036153e-008	4.526453e+001
5.244774897036153e-008	4.526406e+001
5.537743647036153e-008	4.526354e+001
5.830712397036152e-008	4.526296e+001
6.123681147036152e-008	4.526233e+001
6.416649897036153e-008	4.526165e+001
7.002587397036154e-008	4.526010e+001
7.588524897036155e-008	4.525832e+001
8.174462397036156e-008	4.525629e+001
8.760399897036157e-008	4.525400e+001
9.639306147036158e-008	4.525008e+001
1.051821239703616e-007	4.524554e+001
1.139711864703616e-007	4.524039e+001
1.227602489703616e-007	4.523459e+001
1.470348025417902e-007	4.521539e+001
1.713093561132188e-007	4.519092e+001
1.955839096846473e-007	4.516118e+001
2.198584632560759e-007	4.512618e+001
2.441330168275045e-007	4.508590e+001
2.684075703989331e-007	4.504036e+001
2.926821239703616e-007	4.498955e+001
3.223975257560760e-007	4.492048e+001
3.521129275417904e-007	4.484212e+001
3.818283293275048e-007	4.475446e+001
4.115437311132193e-007	4.465751e+001
4.412591328989337e-007	4.455125e+001
4.709745346846481e-007	4.443571e+001
5.006899364703624e-007	4.431086e+001
5.295682846846479e-007	4.418029e+001
5.584466328989332e-007	4.403658e+001
5.873249811132186e-007	4.387974e+001
6.162033293275039e-007	4.370975e+001
6.450816775417894e-007	4.352663e+001
6.739600257560747e-007	4.333037e+001
7.028383739703600e-007	4.312097e+001
7.195794453989313e-007	4.299125e+001
7.363205168275025e-007	4.285458e+001
7.530615882560738e-007	4.271098e+001
7.698026596846450e-007	4.256043e+001
7.865437311132163e-007	4.240294e+001
8.032848025417874e-007	4.223851e+001
8.200258739703586e-007	4.206715e+001
8.229555614703586e-007	4.203614e+001
8.480671686132155e-007	4.176486e+001
8.731787757560724e-007	4.146766e+001
8.982903828989292e-007	4.114454e+001
9.234019900417861e-007	4.079550e+001
9.485135971846430e-007	4.042054e+001
9.736252043274998e-007	4.001966e+001
9.987368114703566e-007	3.959286e+001
1.030963373970356e-006	3.900320e+001
1.063189936470356e-006	3.833362e+001
1.095416498970356e-006	3.758414e+001
1.127643061470355e-006	3.675475e+001
1.159869623970355e-006	3.584544e+001
1.192096186470354e-006	3.485623e+001
1.224322748970354e-006	3.378711e+001
1.233948865041783e-006	3.344366e+001
1.243574981113211e-006	3.309065e+001
1.253201097184639e-006	3.272810e+001
1.262827213256068e-006	3.235601e+001
1.272453329327496e-006	3.197437e+001
1.282079445398925e-006	3.158318e+001
1.291705561470353e-006	3.118245e+001
1.300494623970353e-006	3.080761e+001
1.309283686470353e-006	3.042441e+001
1.318072748970353e-006	3.003278e+001
1.326861811470353e-006	2.963266e+001
1.335650873970353e-006	2.922398e+001
1.344439936470353e-006	2.880669e+001
1.353228998970352e-006	2.838074e+001
1.362018061470352e-006	2.794607e+001
1.370807123970352e-006	2.750265e+001
1.379596186470352e-006	2.705042e+001
1.388385248970352e-006	2.658937e+001
1.397174311470352e-006	2.611945e+001
1.405963373970352e-006	2.564063e+001
1.414752436470352e-006	2.515289e+001
1.420611811470352e-006	2.482276e+001
1.426471186470352e-006	2.448865e+001
1.432330561470352e-006	2.415055e+001
1.438189936470351e-006	2.380847e+001
1.444049311470351e-006	2.346239e+001
1.449908686470351e-006	2.311231e+001
1.455768061470351e-006	2.275824e+001
1.461627436470351e-006	2.240017e+001
1.467486811470351e-006	2.203809e+001
1.473346186470351e-006	2.167202e+001
1.479205561470351e-006	2.130195e+001
1.485064936470351e-006	2.092788e+001
1.490924311470351e-006	2.054982e+001
1.496783686470351e-006	2.016777e+001
1.502643061470351e-006	1.978173e+001
1.508502436470351e-006	1.939172e+001
1.514361811470351e-006	1.899775e+001
1.520221186470351e-006	1.859980e+001
1.526080561470350e-006	1.819792e+001
1.531939936470350e-006	1.779209e+001
1.537799311470350e-006	1.738234e+001
1.543658686470350e-006	1.696868e+001
1.549518061470350e-006	1.655113e+001
1.555377436470350e-006	1.612972e+001
1.561236811470350e-006	1.570445e+001
1.567096186470350e-006	1.527537e+001
1.572955561470350e-006	1.484250e+001
1.578814936470350e-006	1.440588e+001
1.584674311470350e-006	1.396553e+001
1.590533686470350e-006	1.352151e+001
1.593463373970350e-006	1.329814e+001
1.596393061470350e-006	1.307386e+001
1.599322748970350e-006	1.284870e+001
1.602252436470350e-006	1.262264e+001
1.605182123970350e-006	1.239571e+001
1.608111811470349e-006	1.216792e+001
1.611041498970349e-006	1.193926e+001
1.613971186470349e-006	1.170975e+001
1.616900873970349e-006	1.147941e+001
1.619830561470349e-006	1.124824e+001
1.622760248970349e-006	1.101625e+001
1.625689936470349e-006	1.078346e+001
1.628619623970349e-006	1.054988e+001
1.631549311470349e-006	1.031553e+001
1.634478998970349e-006	1.008043e+001
1.637408686470349e-006	9.844585e+000
1.640338373970349e-006	9.608024e+000
1.643268061470349e-006	9.370765e+000
1.646197748970349e-006	9.132830e+000
1.649127436470349e-006	8.894245e+000
1.652057123970349e-006	8.655037e+000
1.654986811470349e-006	8.415235e+000
1.657916498970349e-006	8.174870e+000
1.660846186470349e-006	7.933979e+000
1.663775873970349e-006	7.692600e+000
1.666705561470349e-006	7.450776e+000
1.669635248970349e-006	7.208554e+000
1.672564936470349e-006	6.965986e+000
1.675494623970349e-006	6.723131e+000
1.678424311470349e-006	6.480052e+000
1.681353998970349e-006	6.236821e+000
1.684283686470349e-006	5.993520e+000
1.687213373970349e-006	5.750240e+000
1.690143061470349e-006	5.507082e+000
1.693072748970348e-006	5.264164e+000
1.696002436470348e-006	5.021617e+000
1.698932123970348e-006	4.779591e+000
1.701861811470348e-006	4.538260e+000
1.704791498970348e-006	4.297819e+000
1.707721186470348e-006	4.058499e+000
1.710650873970348e-006	3.820562e+000
1.713580561470348e-006	3.584314e+000
1.716510248970348e-006	3.350107e+000
1.719439936470348e-006	3.118349e+000
1.722369623970348e-006	2.889509e+000
1.725299311470348e-006	2.664120e+000
1.728228998970348e-006	2.442778e+000
1.731158686470348e-006	2.226131e+000
1.734088373970348e-006	2.014851e+000
1.737018061470348e-006	1.809583e+000
1.739947748970348e-006	1.610880e+000
1.742877436470348e-006	1.419115e+000
1.745807123970348e-006	1.234412e+000
1.748736811470348e-006	1.059565e+000
1.751666498970348e-006	9.025754e-001
1.754596186470348e-006	7.703858e-001
1.757525873970348e-006	6.632497e-001
1.760455561470348e-006	5.778759e-001
1.763385248970348e-006	5.106661e-001
1.766314936470348e-006	4.582029e-001
1.769244623970348e-006	4.174806e-001
1.772174311470348e-006	3.859772e-001
1.775103998970347e-006	3.616425e-001
1.778033686470347e-006	3.428450e-001
1.780963373970347e-006	3.283058e-001
1.783893061470347e-006	3.170332e-001
1.786822748970347e-006	3.082639e-001
1.789752436470347e-006	3.014129e-001
1.792682123970347e-006	2.960336e-001
1.795611811470347e-006	2.917852e-001
1.798541498970347e-006	2.884078e-001
1.801471186470347e-006	2.857035e-001
1.804400873970347e-006	2.835205e-001
1.807330561470347e-006	2.817430e-001
1.810260248970347e-006	2.802820e-001
1.813189936470347e-006	2.790687e-001
1.816119623970347e-006	2.780502e-001
1.819049311470347e-006	2.771854e-001
1.821978998970347e-006	2.764423e-001
1.824908686470347e-006	2.757958e-001
1.827838373970347e-006	2.752264e-001
1.830768061470347e-006	2.747186e-001
1.833697748970347e-006	2.742603e-001
1.836627436470347e-006	2.738418e-001
1.839557123970347e-006	2.734555e-001
1.842486811470347e-006	2.730952e-001
1.845416498970347e-006	2.727560e-001
1.848346186470347e-006	2.724342e-001
1.851275873970347e-006	2.721265e-001
1.854205561470347e-006	2.718304e-001
1.857135248970347e-006	2.715439e-001
1.860064936470346e-006	2.712653e-001
1.865924311470346e-006	2.707269e-001
1.871783686470346e-006	2.702075e-001
1.880572748970346e-006	2.694531e-001
1.886850650756060e-006	2.689295e-001
1.893128552541775e-006	2.684117e-001
1.899406454327489e-006	2.678997e-001
1.905684356113203e-006	2.673935e-001
1.911962257898917e-006	2.668930e-001
1.918240159684632e-006	2.663983e-001
1.924518061470346e-006	2.659095e-001
1.973485695398917e-006	2.622656e-001
2.022453329327488e-006	2.587990e-001
2.071420963256058e-006	2.555096e-001
2.120388597184629e-006	2.523975e-001
2.169356231113200e-006	2.494626e-001
2.218323865041771e-006	2.467049e-001
2.267291498970342e-006	2.441245e-001
2.311655338256055e-006	2.418798e-001
2.356019177541769e-006	2.397197e-001
2.400383016827483e-006	2.376440e-001
2.444746856113197e-006	2.356530e-001
2.489110695398911e-006	2.337465e-001
2.533474534684624e-006	2.319245e-001
2.577838373970338e-006	2.301871e-001
2.580768061470338e-006	2.300740e-001
2.640198865041766e-006	2.278570e-001
2.699629668613194e-006	2.257327e-001
2.759060472184622e-006	2.237010e-001
2.818491275756049e-006	2.217621e-001
2.877922079327478e-006	2.199158e-001
2.937352882898905e-006	2.181623e-001
2.996783686470333e-006	2.165014e-001
2.999713373970333e-006	2.164205e-001
3.000000000000000e-006	2.164126e-001
