time	V(n143)
0.000000000000000e+000	4.526701e+001
9.765625114122045e-011	4.526701e+001
9.996968650957740e-011	4.526701e+001
1.045965572462913e-010	4.526701e+001
1.138502987197191e-010	4.526701e+001
1.323577816665746e-010	4.526701e+001
1.693727475602857e-010	4.526701e+001
2.434026793477079e-010	4.526701e+001
3.914625429225523e-010	4.526701e+001
6.875822700722410e-010	4.526701e+001
1.279821724371619e-009	4.526701e+001
2.123015724748701e-009	4.526701e+001
3.356186785937805e-009	4.526701e+001
4.975831617871365e-009	4.526701e+001
7.183016553450348e-009	4.526701e+001
1.004082228018252e-008	4.526701e+001
1.387138638910282e-008	4.526698e+001
1.893397798161039e-008	4.526689e+001
2.595276370321879e-008	4.526664e+001
3.596895498116541e-008	4.526591e+001
5.164517559043380e-008	4.526351e+001
7.938551328715729e-008	4.525415e+001
1.348661886806043e-007	4.521216e+001
2.458275394674982e-007	4.502410e+001
4.677502410412861e-007	4.403796e+001
9.115956441888618e-007	3.977934e+001
1.151237657878740e-006	3.486093e+001
1.344713904319989e-006	2.755012e+001
1.511305724119081e-006	1.825354e+001
1.631315905943047e-006	9.793752e+000
1.693506390547036e-006	4.902660e+000
1.726858023145305e-006	2.310182e+000
1.744176942390890e-006	1.142996e+000
1.752572546627988e-006	7.286155e-001
1.758719442575372e-006	5.432698e-001
1.765732028664858e-006	4.226693e-001
1.772111632601307e-006	3.608758e-001
1.780013637698026e-006	3.201795e-001
1.787399173521324e-006	3.002189e-001
1.797266842651548e-006	2.872521e-001
1.808077825766724e-006	2.804171e-001
1.824255675152596e-006	2.758042e-001
1.843806414798154e-006	2.729473e-001
1.877766309001885e-006	2.697439e-001
1.923338499467347e-006	2.660988e-001
2.014482880398272e-006	2.596433e-001
2.196771642260121e-006	2.488747e-001
2.561349165983820e-006	2.326790e-001
3.181941007249776e-006	2.135932e-001
3.893086777552588e-006	1.982419e-001
4.093334718522740e-006	1.950494e-001
4.493830600463043e-006	1.900740e-001
5.000000000000000e-006	1.845783e-001
5.050616939953696e-006	1.844735e-001
5.151850819861087e-006	1.844010e-001
5.354318579675870e-006	1.843945e-001
5.675255639447828e-006	1.843965e-001
6.317129758991745e-006	1.843955e-001
7.293692258991745e-006	1.843957e-001
8.270254758991745e-006	1.843957e-001
9.246817258991746e-006	1.843957e-001
1.022337975899175e-005	1.843957e-001
1.119994225899175e-005	1.843957e-001
1.217650475899175e-005	1.843957e-001
1.315306725899175e-005	1.843957e-001
1.412962975899175e-005	1.843957e-001
1.510619225899175e-005	1.843957e-001
1.608275475899175e-005	1.843957e-001
1.705931725899175e-005	1.843957e-001
1.803587975899175e-005	1.843957e-001
1.901244225899176e-005	1.843957e-001
1.998900475899176e-005	1.843957e-001
2.096556725899176e-005	1.843957e-001
2.194212975899176e-005	1.843957e-001
2.291869225899176e-005	1.843957e-001
2.389525475899176e-005	1.843957e-001
2.487181725899176e-005	1.843957e-001
2.584837975899176e-005	1.843957e-001
2.682494225899176e-005	1.843957e-001
2.780150475899176e-005	1.843957e-001
2.877806725899176e-005	1.843957e-001
2.975462975899176e-005	1.843957e-001
3.073119225899176e-005	1.843957e-001
3.170775475899176e-005	1.843957e-001
3.268431725899176e-005	1.843957e-001
3.366087975899176e-005	1.843957e-001
3.463744225899177e-005	1.843957e-001
3.561400475899177e-005	1.843957e-001
3.659056725899177e-005	1.843957e-001
3.756712975899177e-005	1.843957e-001
3.854369225899177e-005	1.843957e-001
3.952025475899177e-005	1.843957e-001
4.049681725899177e-005	1.843957e-001
4.147337975899177e-005	1.843957e-001
4.244994225899177e-005	1.843957e-001
4.342650475899177e-005	1.843957e-001
4.440306725899177e-005	1.843957e-001
4.537962975899178e-005	1.843957e-001
4.635619225899178e-005	1.843957e-001
4.733275475899178e-005	1.843957e-001
4.830931725899178e-005	1.843957e-001
4.928587975899178e-005	1.843957e-001
5.026244225899178e-005	1.843957e-001
5.123900475899178e-005	1.843957e-001
5.221556725899178e-005	1.843957e-001
5.319212975899178e-005	1.843957e-001
5.402343750000000e-005	1.843957e-001
5.500000000000000e-005	1.843959e-001
5.509765625000001e-005	1.852132e-001
5.529296875000000e-005	1.871497e-001
5.568359375000000e-005	1.917807e-001
5.619659413171165e-005	2.000669e-001
5.717315663171165e-005	2.270583e-001
5.814971913171165e-005	2.772796e-001
5.853887669636606e-005	3.186326e-001
5.878528518539325e-005	3.678153e-001
5.892879626377189e-005	4.162170e-001
5.901593656557810e-005	4.636160e-001
5.907562700963122e-005	5.146487e-001
5.911814659403785e-005	5.721783e-001
5.914820940266158e-005	6.381621e-001
5.917083771967555e-005	7.166600e-001
5.919214477274177e-005	8.291740e-001
5.922988668796423e-005	1.128651e+000
5.928638292282314e-005	1.782023e+000
5.933877242466182e-005	2.658457e+000
5.941321512442283e-005	4.398471e+000
5.951816079130270e-005	7.636353e+000
5.964179482794716e-005	1.249235e+001
5.980344594417485e-005	2.020368e+001
6.000000000000000e-005	3.068984e+001
6.000411115253535e-005	3.092848e+001
6.001233345760606e-005	3.140526e+001
6.002877806774747e-005	3.235648e+001
6.004553327568644e-005	3.332135e+001
6.006375807701218e-005	3.435982e+001
6.010020767966365e-005	3.635789e+001
6.017310688496660e-005	3.996603e+001
6.024080051509304e-005	4.265143e+001
6.029228840320059e-005	4.407829e+001
6.031605073527011e-005	4.448767e+001
6.034734953111258e-005	4.480891e+001
6.038015661792548e-005	4.502282e+001
6.040267911334659e-005	4.511331e+001
6.042006324244604e-005	4.515749e+001
6.044050528268016e-005	4.519250e+001
6.046361031723408e-005	4.521940e+001
6.048494959144229e-005	4.523584e+001
6.050573030947398e-005	4.524634e+001
6.052555632812657e-005	4.525303e+001
6.054555236511996e-005	4.525757e+001
6.056554234621815e-005	4.526064e+001
6.058515616735614e-005	4.526268e+001
6.060541547990944e-005	4.526410e+001
6.062440909185650e-005	4.526502e+001
6.064240884525981e-005	4.526561e+001
6.066173140810628e-005	4.526605e+001
6.067863350278366e-005	4.526632e+001
6.069757686271395e-005	4.526654e+001
6.071645476140488e-005	4.526668e+001
6.073447795744401e-005	4.526678e+001
6.075706076536364e-005	4.526686e+001
6.077756837853216e-005	4.526691e+001
6.080654455663411e-005	4.526695e+001
6.083313512376105e-005	4.526697e+001
6.087649015285287e-005	4.526699e+001
6.091744451403849e-005	4.526700e+001
6.099935323640973e-005	4.526701e+001
6.108303731494847e-005	4.526701e+001
6.125040547202592e-005	4.526701e+001
6.150602148011432e-005	4.526701e+001
6.201725349629112e-005	4.526701e+001
6.299381599629112e-005	4.526701e+001
9.902343750000000e-005	4.526701e+001
1.000000000000000e-004	4.526701e+001
1.000021484398612e-004	4.526701e+001
1.000064453195837e-004	4.526700e+001
1.000150390790287e-004	4.526695e+001
1.000207018180425e-004	4.526685e+001
1.000272000283390e-004	4.526659e+001
1.000362149690623e-004	4.526588e+001
1.000542448505090e-004	4.526281e+001
1.000860833611907e-004	4.525058e+001
1.001497603825541e-004	4.519483e+001
1.002771144252808e-004	4.494191e+001
1.005318225107343e-004	4.373095e+001
1.009168800560850e-004	3.989308e+001
1.011420098257712e-004	3.524329e+001
1.013343927871485e-004	2.807048e+001
1.015063865046682e-004	1.861654e+001
1.016244732298590e-004	1.037127e+001
1.016887840457114e-004	5.318368e+000
1.017236191963511e-004	2.582626e+000
1.017423692096668e-004	1.281219e+000
1.017518957070143e-004	7.754344e-001
1.017575977114550e-004	5.820588e-001
1.017645388223969e-004	4.461065e-001
1.017708241726993e-004	3.751808e-001
1.017787551266236e-004	3.272635e-001
1.017859886131900e-004	3.041447e-001
1.017951816135088e-004	2.897708e-001
1.018057575446493e-004	2.817102e-001
1.018198738039646e-004	2.768086e-001
1.018395655158865e-004	2.734791e-001
1.018661256676794e-004	2.707487e-001
1.019108572325287e-004	2.670649e-001
1.019837429179343e-004	2.617081e-001
1.021295142887455e-004	2.525392e-001
1.024210570303678e-004	2.383522e-001
1.030041425136125e-004	2.188203e-001
1.038979854717052e-004	1.981115e-001
1.040234375000000e-004	1.959696e-001
1.042743415565897e-004	1.925667e-001
1.044981918868207e-004	1.897714e-001
1.046605142449725e-004	1.879663e-001
1.047835701891309e-004	1.866981e-001
1.050000000000000e-004	1.845543e-001
1.050216429810869e-004	1.844841e-001
1.050649289432607e-004	1.844149e-001
1.051515008676084e-004	1.843935e-001
1.053246447163037e-004	1.843962e-001
1.055810804800852e-004	1.843954e-001
1.060939520076483e-004	1.843958e-001
1.070705145076483e-004	1.843957e-001
1.080470770076483e-004	1.843957e-001
1.090236395076483e-004	1.843957e-001
1.100002020076483e-004	1.843957e-001
1.109767645076483e-004	1.843957e-001
1.119533270076483e-004	1.843957e-001
1.129298895076483e-004	1.843957e-001
1.139064520076483e-004	1.843957e-001
1.148830145076483e-004	1.843957e-001
1.158595770076483e-004	1.843957e-001
1.168361395076483e-004	1.843957e-001
1.178127020076483e-004	1.843957e-001
1.187892645076484e-004	1.843957e-001
1.197658270076484e-004	1.843957e-001
1.207423895076484e-004	1.843957e-001
1.217189520076484e-004	1.843957e-001
1.226955145076484e-004	1.843957e-001
1.236720770076484e-004	1.843957e-001
1.246486395076484e-004	1.843957e-001
1.256252020076484e-004	1.843957e-001
1.266017645076484e-004	1.843957e-001
1.275783270076484e-004	1.843957e-001
1.285548895076484e-004	1.843957e-001
1.295314520076484e-004	1.843957e-001
1.305080145076484e-004	1.843957e-001
1.314845770076484e-004	1.843957e-001
1.324611395076484e-004	1.843957e-001
1.334377020076484e-004	1.843957e-001
1.344142645076484e-004	1.843957e-001
1.353908270076484e-004	1.843957e-001
1.363673895076484e-004	1.843957e-001
1.373439520076484e-004	1.843957e-001
1.383205145076484e-004	1.843957e-001
1.392970770076484e-004	1.843957e-001
1.402736395076484e-004	1.843957e-001
1.412502020076484e-004	1.843957e-001
1.422267645076484e-004	1.843957e-001
1.432033270076484e-004	1.843957e-001
1.441798895076484e-004	1.843957e-001
1.451564520076484e-004	1.843957e-001
1.461330145076484e-004	1.843957e-001
1.471095770076484e-004	1.843957e-001
1.480861395076484e-004	1.843957e-001
1.490627020076484e-004	1.843957e-001
1.500392645076484e-004	1.843957e-001
1.510158270076484e-004	1.843957e-001
1.519923895076484e-004	1.843957e-001
1.529689520076484e-004	1.843957e-001
1.539455145076484e-004	1.843957e-001
1.540234375000000e-004	1.843957e-001
1.541792834847033e-004	1.843957e-001
1.544909754541098e-004	1.843957e-001
1.550000000000000e-004	1.843955e-001
1.550509024545890e-004	1.847674e-001
1.551527073637670e-004	1.856803e-001
1.553563171821231e-004	1.877975e-001
1.556736259562575e-004	1.916749e-001
1.563082435045263e-004	2.023724e-001
1.572848060045263e-004	2.317774e-001
1.582613685045263e-004	2.886029e-001
1.586286245547456e-004	3.352264e-001
1.588642082651192e-004	3.947382e-001
1.590009974383998e-004	4.583686e-001
1.590834854561069e-004	5.293290e-001
1.591348649810908e-004	6.127219e-001
1.591668078704298e-004	7.097710e-001
1.591956472222625e-004	8.540250e-001
1.592258465352668e-004	1.084733e+000
1.592763845629579e-004	1.645375e+000
1.593289915643022e-004	2.478190e+000
1.593987915674420e-004	4.034537e+000
1.595047681908624e-004	7.179431e+000
1.596203252372196e-004	1.161730e+001
1.598070135256347e-004	2.043393e+001
1.600000000000000e-004	3.068376e+001
1.600041910960265e-004	3.092704e+001
1.600125732880796e-004	3.141307e+001
1.600293376721856e-004	3.238271e+001
1.600462099990029e-004	3.335417e+001
1.600644106263917e-004	3.439098e+001
1.601008118811695e-004	3.638529e+001
1.601736143907250e-004	3.998533e+001
1.602410997303875e-004	4.266055e+001
1.602920742398641e-004	4.407322e+001
1.603158412086032e-004	4.448335e+001
1.603472798378946e-004	4.480722e+001
1.603802007947720e-004	4.502279e+001
1.604022827679554e-004	4.511199e+001
1.604195579727024e-004	4.515620e+001
1.604400433066300e-004	4.519166e+001
1.604632133896803e-004	4.521892e+001
1.604845988505678e-004	4.523555e+001
1.605053703297798e-004	4.524615e+001
1.605252058784743e-004	4.525291e+001
1.605451888098191e-004	4.525748e+001
1.605652021632372e-004	4.526059e+001
1.605847917503838e-004	4.526264e+001
1.606050921099201e-004	4.526408e+001
1.606240359921766e-004	4.526500e+001
1.606419398441863e-004	4.526559e+001
1.606612362891724e-004	4.526604e+001
1.606786794183887e-004	4.526632e+001
1.606972585944137e-004	4.526653e+001
1.607174769455493e-004	4.526669e+001
1.607368578100556e-004	4.526678e+001
1.607626595509027e-004	4.526687e+001
1.607864688897592e-004	4.526692e+001
1.608229452509189e-004	4.526696e+001
1.608572309282157e-004	4.526698e+001
1.609258022828095e-004	4.526700e+001
1.609896429378304e-004	4.526701e+001
1.611173242478724e-004	4.526701e+001
1.612885031259155e-004	4.526701e+001
1.616308608820018e-004	4.526701e+001
1.623155763941744e-004	4.526701e+001
1.632921388941744e-004	4.526701e+001
1.990234375000000e-004	4.526701e+001
2.000000000000000e-004	4.526701e+001
2.000021484388567e-004	4.526701e+001
2.000064453165700e-004	4.526700e+001
2.000150390719967e-004	4.526695e+001
2.000206987776920e-004	4.526685e+001
2.000271980552331e-004	4.526659e+001
2.000362105673887e-004	4.526588e+001
2.000542355916998e-004	4.526281e+001
2.000860624697184e-004	4.525059e+001
2.001497162257556e-004	4.519489e+001
2.002770237378299e-004	4.494216e+001
2.005316387619785e-004	4.373162e+001
2.009170027932036e-004	3.988976e+001
2.011422261008444e-004	3.523596e+001
2.013346309253929e-004	2.805904e+001
2.015065410199138e-004	1.860601e+001
2.016246581302904e-004	1.035650e+001
2.016889122137301e-004	5.307763e+000
2.017237078124421e-004	2.575726e+000
2.017424212959678e-004	1.277787e+000
2.017519253606955e-004	7.740760e-001
2.017576343844918e-004	5.810106e-001
2.017645766722863e-004	4.454879e-001
2.017708660044798e-004	3.747852e-001
2.017787933899801e-004	3.270782e-001
2.017860319619851e-004	3.040391e-001
2.017952371781254e-004	2.897063e-001
2.018058234032931e-004	2.816747e-001
2.018199769121717e-004	2.767833e-001
2.018396775608617e-004	2.734649e-001
2.018663622812958e-004	2.707277e-001
2.019111376740193e-004	2.670431e-001
2.019844699820085e-004	2.616582e-001
2.021311345979869e-004	2.524474e-001
2.024244638299437e-004	2.382117e-001
2.030111222938573e-004	2.186279e-001
2.039045222485180e-004	1.979921e-001
2.040234375000000e-004	1.959637e-001
2.045243389940721e-004	1.896123e-001
2.050000000000000e-004	1.845914e-001
2.050475661005928e-004	1.844787e-001
2.051426983017784e-004	1.844015e-001
2.053329627041496e-004	1.843944e-001
2.056404942870642e-004	1.843965e-001
2.062519960485210e-004	1.843955e-001
2.072285585485210e-004	1.843957e-001
2.082051210485210e-004	1.843957e-001
2.091816835485210e-004	1.843957e-001
2.101582460485210e-004	1.843957e-001
2.111348085485210e-004	1.843957e-001
2.121113710485210e-004	1.843957e-001
2.130879335485210e-004	1.843957e-001
2.140644960485210e-004	1.843957e-001
2.150410585485210e-004	1.843957e-001
2.160176210485210e-004	1.843957e-001
2.169941835485210e-004	1.843957e-001
2.179707460485210e-004	1.843957e-001
2.189473085485210e-004	1.843957e-001
2.199238710485210e-004	1.843957e-001
2.209004335485210e-004	1.843957e-001
2.218769960485210e-004	1.843957e-001
2.228535585485210e-004	1.843957e-001
2.238301210485210e-004	1.843957e-001
2.248066835485210e-004	1.843957e-001
2.257832460485210e-004	1.843957e-001
2.267598085485210e-004	1.843957e-001
2.277363710485210e-004	1.843957e-001
2.287129335485210e-004	1.843957e-001
2.296894960485210e-004	1.843957e-001
2.306660585485210e-004	1.843957e-001
2.316426210485210e-004	1.843957e-001
2.326191835485210e-004	1.843957e-001
2.335957460485211e-004	1.843957e-001
2.345723085485211e-004	1.843957e-001
2.355488710485211e-004	1.843957e-001
2.365254335485211e-004	1.843957e-001
2.375019960485211e-004	1.843957e-001
2.384785585485211e-004	1.843957e-001
2.394551210485211e-004	1.843957e-001
2.404316835485211e-004	1.843957e-001
2.414082460485211e-004	1.843957e-001
2.423848085485211e-004	1.843957e-001
2.433613710485211e-004	1.843957e-001
2.443379335485211e-004	1.843957e-001
2.453144960485211e-004	1.843957e-001
2.462910585485211e-004	1.843957e-001
2.472676210485211e-004	1.843957e-001
2.482441835485211e-004	1.843957e-001
2.492207460485211e-004	1.843957e-001
2.501973085485211e-004	1.843957e-001
2.511738710485211e-004	1.843957e-001
2.521504335485211e-004	1.843957e-001
2.531269960485211e-004	1.843957e-001
2.541035585485211e-004	1.843957e-001
2.550000000000000e-004	1.843959e-001
2.550896441451479e-004	1.851350e-001
2.552689324354437e-004	1.868874e-001
2.556275090160353e-004	1.910408e-001
2.561071103527023e-004	1.984527e-001
2.570663130260363e-004	2.229708e-001
2.580428755260363e-004	2.703445e-001
2.585389535166425e-004	3.211968e-001
2.588129833556182e-004	3.788155e-001
2.589757504640564e-004	4.445547e-001
2.590726745774153e-004	5.185677e-001
2.591302071150879e-004	6.044831e-001
2.591652640564355e-004	7.073790e-001
2.591972838487338e-004	8.661408e-001
2.592266901198915e-004	1.092384e+000
2.592777916590826e-004	1.665553e+000
2.593305550261150e-004	2.508694e+000
2.594012074326597e-004	4.096298e+000
2.595069525398597e-004	7.254977e+000
2.596238329420795e-004	1.176931e+001
2.598121142207838e-004	2.069058e+001
2.600000000000000e-004	3.068957e+001
2.600042214906323e-004	3.093460e+001
2.600126644718968e-004	3.142414e+001
2.600295504344260e-004	3.240075e+001
2.600465088205254e-004	3.337704e+001
2.600647605721879e-004	3.441650e+001
2.601012640755129e-004	3.641494e+001
2.601742710821630e-004	4.001973e+001
2.602414893579751e-004	4.268016e+001
2.602916139239151e-004	4.406771e+001
2.603153674532886e-004	4.447788e+001
2.603471350251151e-004	4.480619e+001
2.603803005260451e-004	4.502409e+001
2.604016282464175e-004	4.511060e+001
2.604187142999320e-004	4.515462e+001
2.604392895851782e-004	4.519067e+001
2.604625436571570e-004	4.521837e+001
2.604839978748456e-004	4.523524e+001
2.605047469815233e-004	4.524593e+001
2.605245943446522e-004	4.525276e+001
2.605445630645214e-004	4.525739e+001
2.605645974647809e-004	4.526052e+001
2.605841729124787e-004	4.526260e+001
2.606044950343614e-004	4.526405e+001
2.606234170282199e-004	4.526498e+001
2.606412849097254e-004	4.526558e+001
2.606605725515177e-004	4.526603e+001
2.606786276043060e-004	4.526632e+001
2.606969061408326e-004	4.526653e+001
2.607181362779424e-004	4.526669e+001
2.607384748064842e-004	4.526679e+001
2.607666170276134e-004	4.526688e+001
2.607928450402298e-004	4.526693e+001
2.608351320172436e-004	4.526697e+001
2.608754219135813e-004	4.526699e+001
2.609560017062568e-004	4.526700e+001
2.610380078018122e-004	4.526701e+001
2.612020199929227e-004	4.526701e+001
2.614605521492229e-004	4.526701e+001
2.619776164618232e-004	4.526701e+001
2.629541789618232e-004	4.526701e+001
2.922510539618232e-004	4.526701e+001
2.990869914618232e-004	4.526701e+001
3.000000000000000e-004	4.526701e+001
3.000020086214101e-004	4.526701e+001
3.000060258642303e-004	4.526701e+001
3.000140603498707e-004	4.526696e+001
3.000192758050140e-004	4.526688e+001
3.000254826165565e-004	4.526668e+001
3.000337828326819e-004	4.526611e+001
3.000503832649328e-004	4.526371e+001
3.000771641872624e-004	4.525513e+001
3.001307260319215e-004	4.521635e+001
3.002378497212396e-004	4.504251e+001
3.004520970998760e-004	4.415069e+001
3.008805918571489e-004	4.038374e+001
3.011128106823446e-004	3.607863e+001
3.013035983454141e-004	2.947127e+001
3.014825821722663e-004	2.015297e+001
3.016007829974590e-004	1.219116e+001
3.016731652969661e-004	6.579757e+000
3.017132290023039e-004	3.381276e+000
3.017361410853926e-004	1.682890e+000
3.017480759275366e-004	9.498714e-001
3.017545073070251e-004	6.760131e-001
3.017616719786279e-004	4.979036e-001
3.017696227304651e-004	3.881301e-001
3.017771475731184e-004	3.341053e-001
3.017845732618683e-004	3.073250e-001
3.017927484787784e-004	2.925446e-001
3.018037108158851e-004	2.828584e-001
3.018159942920232e-004	2.777761e-001
3.018358745787045e-004	2.739634e-001
3.018578616354952e-004	2.714923e-001
3.019018357490764e-004	2.677696e-001
3.019566329365888e-004	2.636007e-001
3.020662273116135e-004	2.562687e-001
3.022854160616630e-004	2.443489e-001
3.027237935617620e-004	2.273118e-001
3.036005485619598e-004	2.042889e-001
3.040992771039546e-004	1.955848e-001
3.050000000000000e-004	1.845961e-001
3.050900722896046e-004	1.844717e-001
3.052702168688137e-004	1.843976e-001
3.056305060272318e-004	1.843953e-001
3.061270411847896e-004	1.843962e-001
3.071036036847896e-004	1.843957e-001
3.080801661847896e-004	1.843957e-001
3.090567286847896e-004	1.843957e-001
3.100332911847896e-004	1.843957e-001
3.110098536847896e-004	1.843957e-001
3.119864161847896e-004	1.843957e-001
3.129629786847896e-004	1.843957e-001
3.139395411847896e-004	1.843957e-001
3.149161036847896e-004	1.843957e-001
3.158926661847896e-004	1.843957e-001
3.168692286847896e-004	1.843957e-001
3.178457911847896e-004	1.843957e-001
3.188223536847896e-004	1.843957e-001
3.197989161847896e-004	1.843957e-001
3.207754786847896e-004	1.843957e-001
3.217520411847896e-004	1.843957e-001
3.227286036847896e-004	1.843957e-001
3.237051661847896e-004	1.843957e-001
3.246817286847896e-004	1.843957e-001
3.256582911847896e-004	1.843957e-001
3.266348536847896e-004	1.843957e-001
3.276114161847896e-004	1.843957e-001
3.285879786847896e-004	1.843957e-001
3.295645411847896e-004	1.843957e-001
3.305411036847896e-004	1.843957e-001
3.315176661847896e-004	1.843957e-001
3.324942286847896e-004	1.843957e-001
3.334707911847896e-004	1.843957e-001
3.344473536847896e-004	1.843957e-001
3.354239161847896e-004	1.843957e-001
3.364004786847896e-004	1.843957e-001
3.373770411847896e-004	1.843957e-001
3.383536036847896e-004	1.843957e-001
3.393301661847896e-004	1.843957e-001
3.403067286847896e-004	1.843957e-001
3.412832911847896e-004	1.843957e-001
3.422598536847896e-004	1.843957e-001
3.432364161847896e-004	1.843957e-001
3.442129786847896e-004	1.843957e-001
3.451895411847896e-004	1.843957e-001
3.461661036847896e-004	1.843957e-001
3.471426661847896e-004	1.843957e-001
3.481192286847896e-004	1.843957e-001
3.490957911847896e-004	1.843957e-001
3.500723536847896e-004	1.843957e-001
3.510489161847896e-004	1.843957e-001
3.520254786847896e-004	1.843957e-001
3.530020411847896e-004	1.843957e-001
3.539786036847896e-004	1.843959e-001
3.540234375000001e-004	1.843959e-001
3.541131051304210e-004	1.843957e-001
3.542924403912627e-004	1.843957e-001
3.546511109129462e-004	1.843957e-001
3.550000000000000e-004	1.843959e-001
3.550348889087054e-004	1.846232e-001
3.551046667261161e-004	1.852109e-001
3.552442223609377e-004	1.865967e-001
3.554948275188019e-004	1.893785e-001
3.559067422365494e-004	1.950746e-001
3.567305716720443e-004	2.122665e-001
3.577071341720443e-004	2.497796e-001
3.584093335394041e-004	3.040233e-001
3.587244801441400e-004	3.550123e-001
3.589191945535954e-004	4.158297e-001
3.590335822618898e-004	4.812481e-001
3.591028648030942e-004	5.545907e-001
3.591467174919826e-004	6.414484e-001
3.591747608783583e-004	7.403569e-001
3.592008789238418e-004	8.884023e-001
3.592393882749138e-004	1.220333e+000
3.592971615923687e-004	1.943462e+000
3.593513326351228e-004	2.916834e+000
3.594330237316974e-004	4.940231e+000
3.595376684461375e-004	8.338451e+000
3.596736585401049e-004	1.382742e+001
3.597892078935417e-004	1.939932e+001
3.600000000000000e-004	3.068812e+001
3.600039546970009e-004	3.091769e+001
3.600118640910027e-004	3.137638e+001
3.600276828790063e-004	3.229161e+001
3.600441949625399e-004	3.324283e+001
3.600624401462389e-004	3.428318e+001
3.600989305136367e-004	3.628647e+001
3.601719112484325e-004	3.990821e+001
3.602401572718454e-004	4.262156e+001
3.602932078483762e-004	4.409228e+001
3.603169660720569e-004	4.449995e+001
3.603478053703935e-004	4.481330e+001
3.603802431371891e-004	4.502242e+001
3.604040786527575e-004	4.511685e+001
3.604217730951637e-004	4.516098e+001
3.604420755647297e-004	4.519477e+001
3.604650005150953e-004	4.522069e+001
3.604862042814502e-004	4.523659e+001
3.605070217293749e-004	4.524685e+001
3.605268173029180e-004	4.525336e+001
3.605468534836717e-004	4.525780e+001
3.605667768849014e-004	4.526079e+001
3.605864578403531e-004	4.526279e+001
3.606066076985539e-004	4.526417e+001
3.606257342750834e-004	4.526507e+001
3.606439888385079e-004	4.526565e+001
3.606633769573259e-004	4.526608e+001
3.606806790344518e-004	4.526635e+001
3.606997529168023e-004	4.526656e+001
3.607148887836381e-004	4.526667e+001
3.607330039900295e-004	4.526677e+001
3.607476065082702e-004	4.526683e+001
3.607627302677674e-004	4.526688e+001
3.607748648346746e-004	4.526691e+001
3.607884600494784e-004	4.526693e+001
3.608006533972417e-004	4.526694e+001
3.608131390675014e-004	4.526696e+001
3.608251438147959e-004	4.526697e+001
3.608372975980596e-004	4.526698e+001
3.608499269314307e-004	4.526698e+001
3.608619303677669e-004	4.526699e+001
3.608748227683951e-004	4.526699e+001
3.608871090747623e-004	4.526699e+001
3.609000929255212e-004	4.526700e+001
3.609127978829529e-004	4.526700e+001
3.609259637637048e-004	4.526700e+001
3.609390883318786e-004	4.526700e+001
3.609525730042144e-004	4.526700e+001
3.609661346633399e-004	4.526700e+001
3.609800413891203e-004	4.526701e+001
3.609940977251540e-004	4.526701e+001
3.610085084047029e-004	4.526701e+001
3.610231351121814e-004	4.526701e+001
3.610381316188905e-004	4.526701e+001
3.610534097780595e-004	4.526701e+001
3.610690812598062e-004	4.526701e+001
3.610850972101966e-004	4.526701e+001
3.611015405782951e-004	4.526701e+001
3.611183889391147e-004	4.526701e+001
3.611357066160068e-004	4.526701e+001
3.611534901575665e-004	4.526701e+001
3.611717931774202e-004	4.526701e+001
3.611906257384511e-004	4.526701e+001
3.612100350690416e-004	4.526701e+001
3.612300411528931e-004	4.526701e+001
3.612506882187833e-004	4.526701e+001
3.612722214288888e-004	4.526701e+001
3.612952490453739e-004	4.526701e+001
3.613202811998617e-004	4.526701e+001
3.613482223315857e-004	4.526701e+001
3.613803822635084e-004	4.526701e+001
3.614187346031389e-004	4.526701e+001
3.614665441950243e-004	4.526701e+001
3.615293811006633e-004	4.526701e+001
3.616174459993336e-004	4.526701e+001
3.617509286024932e-004	4.526701e+001
3.619734528232553e-004	4.526701e+001
3.990234375000000e-004	4.526701e+001
4.000000000000000e-004	4.526701e+001
4.000021484395512e-004	4.526701e+001
4.000064453186537e-004	4.526700e+001
4.000150390768586e-004	4.526695e+001
4.000207013625815e-004	4.526685e+001
4.000271997315735e-004	4.526659e+001
4.000362143093372e-004	4.526588e+001
4.000542434648646e-004	4.526281e+001
4.000860802415169e-004	4.525058e+001
4.001497537948214e-004	4.519484e+001
4.002771009014304e-004	4.494194e+001
4.005317951146484e-004	4.373104e+001
4.009168983323084e-004	3.989258e+001
4.011420420395887e-004	3.524220e+001
4.013344282579667e-004	2.806878e+001
4.015064095250534e-004	1.861497e+001
4.016245007597254e-004	1.036907e+001
4.016888031252959e-004	5.316789e+000
4.017236323855883e-004	2.581599e+000
4.017423769600027e-004	1.280708e+000
4.017519001204774e-004	7.752321e-001
4.017576031591650e-004	5.819029e-001
4.017645444366438e-004	4.460146e-001
4.017708303839784e-004	3.751219e-001
4.017787607977349e-004	3.272360e-001
4.017859950435183e-004	3.041290e-001
4.017951898438502e-004	2.897612e-001
4.018057673130789e-004	2.817049e-001
4.018198890678520e-004	2.768048e-001
4.018395821307392e-004	2.734770e-001
4.018661606521290e-004	2.707456e-001
4.019108987579321e-004	2.670617e-001
4.019838502824106e-004	2.617007e-001
4.021297533313677e-004	2.525257e-001
4.024215594292817e-004	2.383315e-001
4.030051716251098e-004	2.187918e-001
4.038989484383101e-004	1.980939e-001
4.040234375000000e-004	1.959687e-001
4.042724156233799e-004	1.925931e-001
4.045020437532404e-004	1.897230e-001
4.045407437402789e-004	1.892725e-001
4.046181437143560e-004	1.884226e-001
4.047729436625102e-004	1.868157e-001
4.050000000000000e-004	1.845539e-001
4.050227056337490e-004	1.844827e-001
4.050681169012470e-004	1.844137e-001
4.051589394362429e-004	1.843934e-001
4.053405845062347e-004	1.843962e-001
4.056087642874622e-004	1.843954e-001
4.061451238499171e-004	1.843958e-001
4.071216863499171e-004	1.843957e-001
4.080982488499171e-004	1.843957e-001
4.090748113499171e-004	1.843957e-001
4.100513738499171e-004	1.843957e-001
4.110279363499171e-004	1.843957e-001
4.120044988499171e-004	1.843957e-001
4.129810613499171e-004	1.843957e-001
4.139576238499171e-004	1.843957e-001
4.149341863499171e-004	1.843957e-001
4.159107488499171e-004	1.843957e-001
4.168873113499171e-004	1.843957e-001
4.178638738499171e-004	1.843957e-001
4.188404363499171e-004	1.843957e-001
4.198169988499171e-004	1.843957e-001
4.207935613499171e-004	1.843957e-001
4.217701238499171e-004	1.843957e-001
4.227466863499171e-004	1.843957e-001
4.237232488499171e-004	1.843957e-001
4.246998113499171e-004	1.843957e-001
4.256763738499171e-004	1.843957e-001
4.266529363499171e-004	1.843957e-001
4.276294988499171e-004	1.843957e-001
4.286060613499171e-004	1.843957e-001
4.295826238499171e-004	1.843957e-001
4.305591863499171e-004	1.843957e-001
4.315357488499171e-004	1.843957e-001
4.325123113499171e-004	1.843957e-001
4.334888738499171e-004	1.843957e-001
4.344654363499171e-004	1.843957e-001
4.354419988499171e-004	1.843957e-001
4.364185613499171e-004	1.843957e-001
4.373951238499171e-004	1.843957e-001
4.383716863499171e-004	1.843957e-001
4.393482488499171e-004	1.843957e-001
4.403248113499171e-004	1.843957e-001
4.413013738499171e-004	1.843957e-001
4.422779363499171e-004	1.843957e-001
4.432544988499171e-004	1.843957e-001
4.442310613499171e-004	1.843957e-001
4.452076238499171e-004	1.843957e-001
4.461841863499171e-004	1.843957e-001
4.471607488499171e-004	1.843957e-001
4.481373113499171e-004	1.843957e-001
4.491138738499171e-004	1.843957e-001
4.500904363499171e-004	1.843957e-001
4.510669988499171e-004	1.843957e-001
4.520435613499171e-004	1.843957e-001
4.530201238499171e-004	1.843957e-001
4.539966863499171e-004	1.843957e-001
4.540234375000001e-004	1.843957e-001
4.540769398001659e-004	1.843958e-001
4.541839444004976e-004	1.843957e-001
4.543979536011609e-004	1.843957e-001
4.545719815986734e-004	1.843957e-001
4.546519440049752e-004	1.843957e-001
4.548118688175789e-004	1.843957e-001
4.550000000000000e-004	1.843957e-001
4.550188131182421e-004	1.844887e-001
4.550564393547264e-004	1.847631e-001
4.551316918276949e-004	1.854599e-001
4.552821967736318e-004	1.869848e-001
4.555053127337941e-004	1.894945e-001
4.559515446541189e-004	1.958656e-001
4.568440084947683e-004	2.156050e-001
4.578205709947683e-004	2.560441e-001
4.584563321247209e-004	3.099485e-001
4.587573663940626e-004	3.632762e-001
4.589413895820252e-004	4.264030e-001
4.590498966844473e-004	4.957974e-001
4.591155485644154e-004	5.761065e-001
4.591555582270845e-004	6.698548e-001
4.591831444924113e-004	7.818699e-001
4.592091114903093e-004	9.521808e-001
4.592610454861052e-004	1.457449e+000
4.593114581252896e-004	2.168513e+000
4.593748094045902e-004	3.444690e+000
4.594669770738007e-004	5.944345e+000
4.595754683755287e-004	9.778979e+000
4.597342471454389e-004	1.647269e+001
4.597604518651664e-004	1.771622e+001
4.598128613046213e-004	2.042627e+001
4.598951811210902e-004	2.489264e+001
4.600000000000000e-004	3.078626e+001
4.600048645932258e-004	3.106851e+001
4.600145937796774e-004	3.163220e+001
4.600340521525805e-004	3.275575e+001
4.600548208484728e-004	3.394768e+001
4.600742342756045e-004	3.504592e+001
4.601130611298680e-004	3.715284e+001
4.601751811911269e-004	4.016548e+001
4.602439235350274e-004	4.284147e+001
4.602866686954702e-004	4.401880e+001
4.603110125450372e-004	4.444044e+001
4.603445096797068e-004	4.479641e+001
4.603789543765658e-004	4.502654e+001
4.603996587922243e-004	4.511081e+001
4.604165758501934e-004	4.515428e+001
4.604371488045646e-004	4.519041e+001
4.604603354440953e-004	4.521812e+001
4.604819742798593e-004	4.523520e+001
4.605025622750337e-004	4.524584e+001
4.605226129550825e-004	4.525276e+001
4.605422771853935e-004	4.525732e+001
4.605627984494254e-004	4.526054e+001
4.605817259172830e-004	4.526258e+001
4.605993612258811e-004	4.526387e+001
4.606186095821232e-004	4.526485e+001
4.606376695676282e-004	4.526553e+001
4.606563647071438e-004	4.526598e+001
4.606796472900335e-004	4.526635e+001
4.607017346554121e-004	4.526658e+001
4.607339043870644e-004	4.526677e+001
4.607641453330781e-004	4.526688e+001
4.608166727210102e-004	4.526696e+001
4.608675216086552e-004	4.526699e+001
4.609692193839451e-004	4.526700e+001
4.610878761744261e-004	4.526701e+001
4.613251897553881e-004	4.526701e+001
4.617998169173120e-004	4.526701e+001
4.637490407492903e-004	4.526701e+001
4.656982645812685e-004	4.526701e+001
4.676474884132468e-004	4.526701e+001
4.695967122452251e-004	4.526701e+001
4.715459360772034e-004	4.526701e+001
4.734951599091816e-004	4.526701e+001
4.754443837411599e-004	4.526701e+001
4.979053212411599e-004	4.526701e+001
4.988818837411599e-004	4.526701e+001
4.990234375000000e-004	4.526701e+001
4.994337849646394e-004	4.526701e+001
4.996882648585575e-004	4.526701e+001
5.000000000000000e-004	4.526701e+001
5.000006858166761e-004	4.526701e+001
5.000020574500284e-004	4.526701e+001
5.000033383481438e-004	4.526701e+001
5.000045405845413e-004	4.526701e+001
5.000068271799099e-004	4.526701e+001
5.000093539490174e-004	4.526701e+001
5.000132616338298e-004	4.526698e+001
5.000178225604528e-004	4.526691e+001
5.000247300128221e-004	4.526670e+001
5.000337616866560e-004	4.526611e+001
5.000486112342852e-004	4.526413e+001
5.000727416694509e-004	4.525711e+001
5.001210025397822e-004	4.522582e+001
5.002175242804448e-004	4.508650e+001
5.004105677617699e-004	4.440874e+001
5.007966547244201e-004	4.170652e+001
5.010093732418367e-004	3.862477e+001
5.012179710203554e-004	3.277646e+001
5.014243430103585e-004	2.353550e+001
5.015606255742953e-004	1.510598e+001
5.016552928801477e-004	8.032292e+000
5.017047356721698e-004	4.088553e+000
5.017323555743322e-004	1.978291e+000
5.017466991033445e-004	1.047691e+000
5.017541021825104e-004	7.055326e-001
5.017608968568678e-004	5.178778e-001
5.017680147473220e-004	4.066902e-001
5.017747827927171e-004	3.490892e-001
5.017824841485870e-004	3.146197e-001
5.017901589903838e-004	2.968830e-001
5.018005107310207e-004	2.852349e-001
5.018117266219667e-004	2.792463e-001
5.018297143280653e-004	2.749089e-001
5.018495752406603e-004	2.723249e-001
5.018889218663089e-004	2.688150e-001
5.019365871613566e-004	2.650828e-001
5.020319177514519e-004	2.584670e-001
5.022225789316425e-004	2.474879e-001
5.026039012920237e-004	2.313486e-001
5.033665460127861e-004	2.096180e-001
5.041131994484996e-004	1.958303e-001
5.050000000000000e-004	1.845885e-001
5.050886800551501e-004	1.844695e-001
5.052660401654502e-004	1.843977e-001
5.056207603860503e-004	1.843953e-001
5.061110414368127e-004	1.843962e-001
5.070876039368127e-004	1.843957e-001
5.080641664368127e-004	1.843957e-001
5.090407289368127e-004	1.843957e-001
5.100172914368127e-004	1.843957e-001
5.109938539368127e-004	1.843957e-001
5.119704164368127e-004	1.843957e-001
5.129469789368127e-004	1.843957e-001
5.139235414368127e-004	1.843957e-001
5.149001039368127e-004	1.843957e-001
5.158766664368127e-004	1.843957e-001
5.168532289368127e-004	1.843957e-001
5.178297914368127e-004	1.843957e-001
5.188063539368127e-004	1.843957e-001
5.197829164368127e-004	1.843957e-001
5.207594789368127e-004	1.843957e-001
5.217360414368127e-004	1.843957e-001
5.227126039368127e-004	1.843957e-001
5.236891664368127e-004	1.843957e-001
5.246657289368127e-004	1.843957e-001
5.256422914368127e-004	1.843957e-001
5.266188539368127e-004	1.843957e-001
5.275954164368127e-004	1.843957e-001
5.285719789368127e-004	1.843957e-001
5.295485414368127e-004	1.843957e-001
5.305251039368127e-004	1.843957e-001
5.315016664368127e-004	1.843957e-001
5.324782289368127e-004	1.843957e-001
5.334547914368127e-004	1.843957e-001
5.344313539368127e-004	1.843957e-001
5.354079164368127e-004	1.843957e-001
5.363844789368127e-004	1.843957e-001
5.373610414368127e-004	1.843957e-001
5.383376039368127e-004	1.843957e-001
5.393141664368127e-004	1.843957e-001
5.402907289368127e-004	1.843957e-001
5.412672914368127e-004	1.843957e-001
5.422438539368127e-004	1.843957e-001
5.432204164368127e-004	1.843957e-001
5.441969789368127e-004	1.843957e-001
5.451735414368127e-004	1.843957e-001
5.461501039368127e-004	1.843957e-001
5.471266664368127e-004	1.843957e-001
5.481032289368127e-004	1.843957e-001
5.490797914368127e-004	1.843957e-001
5.500563539368127e-004	1.843957e-001
5.510329164368127e-004	1.843957e-001
5.520094789368127e-004	1.843957e-001
5.529860414368127e-004	1.843957e-001
5.539626039368127e-004	1.843959e-001
5.540234375000001e-004	1.843958e-001
5.541451046263747e-004	1.843957e-001
5.543884388791239e-004	1.843957e-001
5.545133314945016e-004	1.843957e-001
5.547631167252572e-004	1.843957e-001
5.550000000000001e-004	1.843956e-001
5.550236883274743e-004	1.845276e-001
5.550710649824228e-004	1.848954e-001
5.551658182923200e-004	1.857975e-001
5.553553249121144e-004	1.877726e-001
5.556296419282913e-004	1.910435e-001
5.561782759606452e-004	1.998296e-001
5.571548384606452e-004	2.263438e-001
5.581314009606452e-004	2.764506e-001
5.585527139489509e-004	3.221703e-001
5.588144274168576e-004	3.781615e-001
5.589668525756311e-004	4.376221e-001
5.590583013726773e-004	5.010644e-001
5.591150681789021e-004	5.714812e-001
5.591516128137315e-004	6.528899e-001
5.591770277792683e-004	7.480143e-001
5.592009375342352e-004	8.900982e-001
5.592471374393140e-004	1.299274e+000
5.592989150501749e-004	1.965964e+000
5.593570120652541e-004	3.038366e+000
5.594387493767190e-004	5.098538e+000
5.595446020242819e-004	8.594274e+000
5.596841776168699e-004	1.427287e+001
5.597834884926638e-004	1.888883e+001
5.598013782484123e-004	1.979333e+001
5.598371577599093e-004	2.169564e+001
5.599087167829033e-004	2.563565e+001
5.600000000000001e-004	3.079855e+001
5.600051778308999e-004	3.109895e+001
5.600155334926994e-004	3.169878e+001
5.600362448162985e-004	3.289408e+001
5.600569248758615e-004	3.407971e+001
5.600772829909306e-004	3.522845e+001
5.601179992210687e-004	3.742664e+001
5.601786735790478e-004	4.033453e+001
5.602475254781228e-004	4.297360e+001
5.602860722891946e-004	4.401840e+001
5.603103967096143e-004	4.443202e+001
5.603467819427226e-004	4.481227e+001
5.603829669266380e-004	4.504574e+001
5.604028183798712e-004	4.512176e+001
5.604193504022506e-004	4.516126e+001
5.604403154020029e-004	4.519567e+001
5.604632081749742e-004	4.522129e+001
5.604849001486390e-004	4.523729e+001
5.605052093357688e-004	4.524712e+001
5.605254152611640e-004	4.525366e+001
5.605448575396995e-004	4.525792e+001
5.605634286811435e-004	4.526070e+001
5.605830217467267e-004	4.526272e+001
5.606011951298447e-004	4.526401e+001
5.606201423350801e-004	4.526493e+001
5.606417073459187e-004	4.526564e+001
5.606629305906759e-004	4.526610e+001
5.606924046939575e-004	4.526649e+001
5.607203822187616e-004	4.526670e+001
5.607666057447010e-004	4.526688e+001
5.608111377149168e-004	4.526695e+001
5.609002016553484e-004	4.526699e+001
5.609963058281299e-004	4.526701e+001
5.611885141736929e-004	4.526701e+001
5.615364397991504e-004	4.526701e+001
5.622322910500655e-004	4.526701e+001
5.632088535500655e-004	4.526701e+001
5.990234375000001e-004	4.526701e+001
6.000000000000001e-004	4.526701e+001
6.000021484458053e-004	4.526701e+001
6.000064453374159e-004	4.526700e+001
6.000150391206369e-004	4.526695e+001
6.000207055591212e-004	4.526685e+001
6.000272024854238e-004	4.526659e+001
6.000362203987304e-004	4.526588e+001
6.000542562253436e-004	4.526281e+001
6.000861090338576e-004	4.525056e+001
6.001498146508856e-004	4.519476e+001
6.002772258849417e-004	4.494159e+001
6.005320483530537e-004	4.373011e+001
6.009167296206424e-004	3.989715e+001
6.011417445666303e-004	3.525227e+001
6.013341006987391e-004	2.808451e+001
6.015061968672906e-004	1.862947e+001
6.016242465969729e-004	1.038937e+001
6.016886270070271e-004	5.331365e+000
6.017235106651815e-004	2.591081e+000
6.017423054444572e-004	1.285423e+000
6.017518593769330e-004	7.771000e-001
6.017575530048123e-004	5.833411e-001
6.017644928555132e-004	4.468604e-001
6.017707732343995e-004	3.756642e-001
6.017787087556649e-004	3.274891e-001
6.017859359603817e-004	3.042735e-001
6.017951143862171e-004	2.898492e-001
6.018056775707574e-004	2.817535e-001
6.018197492471156e-004	2.768393e-001
6.018394295308581e-004	2.734964e-001
6.018658407563448e-004	2.707740e-001
6.019105181738238e-004	2.670913e-001
6.019828702704892e-004	2.617680e-001
6.021275744638199e-004	2.526493e-001
6.024169828504813e-004	2.385209e-001
6.029957996238040e-004	2.190515e-001
6.038901893815087e-004	1.982545e-001
6.040234375000001e-004	1.959770e-001
6.042899337369829e-004	1.923531e-001
6.044670075260345e-004	1.901592e-001
6.046458524218968e-004	1.881824e-001
6.050000000000001e-004	1.845567e-001
6.050354147578104e-004	1.844733e-001
6.051062442734311e-004	1.844052e-001
6.052479033046724e-004	1.843937e-001
6.055034393914008e-004	1.843964e-001
6.059330597934609e-004	1.843953e-001
6.067923005975811e-004	1.843958e-001
6.077688630975811e-004	1.843957e-001
6.087454255975811e-004	1.843957e-001
6.097219880975811e-004	1.843957e-001
6.106985505975811e-004	1.843957e-001
6.116751130975811e-004	1.843957e-001
6.126516755975811e-004	1.843957e-001
6.136282380975811e-004	1.843957e-001
6.146048005975811e-004	1.843957e-001
6.155813630975811e-004	1.843957e-001
6.165579255975811e-004	1.843957e-001
6.175344880975811e-004	1.843957e-001
6.185110505975811e-004	1.843957e-001
6.194876130975811e-004	1.843957e-001
6.204641755975811e-004	1.843957e-001
6.214407380975811e-004	1.843957e-001
6.224173005975811e-004	1.843957e-001
6.233938630975811e-004	1.843957e-001
6.243704255975811e-004	1.843957e-001
6.253469880975811e-004	1.843957e-001
6.263235505975811e-004	1.843957e-001
6.273001130975811e-004	1.843957e-001
6.282766755975811e-004	1.843957e-001
6.292532380975811e-004	1.843957e-001
6.302298005975811e-004	1.843957e-001
6.312063630975811e-004	1.843957e-001
6.321829255975811e-004	1.843957e-001
6.331594880975811e-004	1.843957e-001
6.341360505975811e-004	1.843957e-001
6.351126130975811e-004	1.843957e-001
6.360891755975811e-004	1.843957e-001
6.370657380975811e-004	1.843957e-001
6.380423005975811e-004	1.843957e-001
6.390188630975811e-004	1.843957e-001
6.399954255975811e-004	1.843957e-001
6.409719880975811e-004	1.843957e-001
6.419485505975811e-004	1.843957e-001
6.429251130975811e-004	1.843957e-001
6.439016755975811e-004	1.843957e-001
6.448782380975811e-004	1.843957e-001
6.458548005975811e-004	1.843957e-001
6.468313630975811e-004	1.843957e-001
6.478079255975811e-004	1.843957e-001
6.487844880975811e-004	1.843957e-001
6.497610505975811e-004	1.843957e-001
6.507376130975811e-004	1.843957e-001
6.517141755975811e-004	1.843957e-001
6.526907380975811e-004	1.843957e-001
6.536673005975811e-004	1.843957e-001
6.540234375000001e-004	1.843957e-001
6.542877261951622e-004	1.843957e-001
6.544714226096759e-004	1.843957e-001
6.546326071709727e-004	1.843957e-001
6.546776308774064e-004	1.843957e-001
6.547676782902738e-004	1.843957e-001
6.548199051742654e-004	1.843957e-001
6.548955462320169e-004	1.843957e-001
6.550000000000001e-004	1.843957e-001
6.550104453767984e-004	1.844298e-001
6.550313361303950e-004	1.845507e-001
6.550731176375883e-004	1.849014e-001
6.551566806519748e-004	1.857038e-001
6.553017320848893e-004	1.871974e-001
6.555918349507182e-004	1.906144e-001
6.561720406823761e-004	1.997913e-001
6.571486031823761e-004	2.261047e-001
6.581251656823761e-004	2.760818e-001
6.585544794155575e-004	3.227848e-001
6.588200229852219e-004	3.803882e-001
6.589747147657247e-004	4.427987e-001
6.590673793422053e-004	5.111870e-001
6.591234215703781e-004	5.883833e-001
6.591587773228008e-004	6.788250e-001
6.591852829267012e-004	7.918458e-001
6.592106686126479e-004	9.616923e-001
6.592614399845413e-004	1.460317e+000
6.593118570053449e-004	2.174766e+000
6.593753864160666e-004	3.458368e+000
6.594682722979008e-004	5.984455e+000
6.595767829075300e-004	9.830066e+000
6.597364505414701e-004	1.657130e+001
6.597595593601175e-004	1.766678e+001
6.598057769974122e-004	2.005473e+001
6.598982122720018e-004	2.506524e+001
6.600000000000001e-004	3.078451e+001
6.600049396983674e-004	3.107112e+001
6.600148190951020e-004	3.164349e+001
6.600345778885712e-004	3.278428e+001
6.600552900806418e-004	3.397273e+001
6.600749184883260e-004	3.508257e+001
6.601141753036944e-004	3.721071e+001
6.601759351692033e-004	4.019885e+001
6.602447236911038e-004	4.286859e+001
6.602865755062364e-004	4.401788e+001
6.603109242236024e-004	4.443531e+001
6.603479917045780e-004	4.482153e+001
6.603819715454493e-004	4.504129e+001
6.604018194796336e-004	4.511789e+001
6.604183519867088e-004	4.515835e+001
6.604398310250848e-004	4.519436e+001
6.604630352871324e-004	4.522079e+001
6.604845653411426e-004	4.523689e+001
6.605049359837364e-004	4.524688e+001
6.605250151105461e-004	4.525346e+001
6.605446124990696e-004	4.525779e+001
6.605652354417057e-004	4.526086e+001
6.605840422415277e-004	4.526279e+001
6.606014855809512e-004	4.526402e+001
6.606206724596595e-004	4.526495e+001
6.606403464886729e-004	4.526561e+001
6.606596403955471e-004	4.526604e+001
6.606843722125731e-004	4.526641e+001
6.607077874518317e-004	4.526662e+001
6.607429751774514e-004	4.526681e+001
6.607762479344158e-004	4.526690e+001
6.608427934483448e-004	4.526698e+001
6.609035897576158e-004	4.526700e+001
6.610251823761578e-004	4.526701e+001
6.611852456134708e-004	4.526701e+001
6.615053720880966e-004	4.526701e+001
6.621456250373483e-004	4.526701e+001
6.631221875373483e-004	4.526701e+001
6.640987500373483e-004	4.526701e+001
6.650753125373483e-004	4.526701e+001
6.660518750373483e-004	4.526701e+001
6.990234375000001e-004	4.526701e+001
7.000000000000001e-004	4.526701e+001
7.000021484381053e-004	4.526701e+001
7.000064453143155e-004	4.526700e+001
7.000150390667359e-004	4.526695e+001
7.000206959782204e-004	4.526685e+001
7.000271962401580e-004	4.526660e+001
7.000362065163790e-004	4.526588e+001
7.000542270688209e-004	4.526282e+001
7.000860432594010e-004	4.525060e+001
7.001496756405613e-004	4.519493e+001
7.002769404028817e-004	4.494240e+001
7.005314699275225e-004	4.373225e+001
7.009171158285704e-004	3.988669e+001
7.011424251692193e-004	3.522921e+001
7.013348501079149e-004	2.804850e+001
7.015066831597787e-004	1.859632e+001
7.016248284029782e-004	1.034289e+001
7.016890302769440e-004	5.297994e+000
7.017237894709541e-004	2.569371e+000
7.017424693080303e-004	1.274627e+000
7.017519526764091e-004	7.728257e-001
7.017576683138675e-004	5.800439e-001
7.017646118053345e-004	4.449157e-001
7.017709047453814e-004	3.744202e-001
7.017788289708174e-004	3.269065e-001
7.017860721941827e-004	3.039413e-001
7.017952889221778e-004	2.896466e-001
7.018058845415104e-004	2.816418e-001
7.018200730633955e-004	2.767599e-001
7.018397816299831e-004	2.734517e-001
7.018665835675608e-004	2.707081e-001
7.019113990414680e-004	2.670228e-001
7.019851518954052e-004	2.616115e-001
7.021326576032796e-004	2.523614e-001
7.024276690190285e-004	2.380800e-001
7.030176918505262e-004	2.184477e-001
7.039106867043272e-004	1.978801e-001
7.040234375000000e-004	1.959584e-001
7.042489390913457e-004	1.929129e-001
7.045489968173087e-004	1.893456e-001
7.050000000000000e-004	1.845912e-001
7.050451003182692e-004	1.844795e-001
7.051353009548075e-004	1.844020e-001
7.053157022278840e-004	1.843943e-001
7.056124836485126e-004	1.843965e-001
7.061855054441620e-004	1.843954e-001
7.071620679441620e-004	1.843957e-001
7.081386304441620e-004	1.843957e-001
7.091151929441620e-004	1.843957e-001
7.100917554441620e-004	1.843957e-001
7.110683179441620e-004	1.843957e-001
7.120448804441620e-004	1.843957e-001
7.130214429441620e-004	1.843957e-001
7.139980054441620e-004	1.843957e-001
7.149745679441620e-004	1.843957e-001
7.159511304441620e-004	1.843957e-001
7.169276929441620e-004	1.843957e-001
7.179042554441620e-004	1.843957e-001
7.188808179441620e-004	1.843957e-001
7.198573804441620e-004	1.843957e-001
7.208339429441620e-004	1.843957e-001
7.218105054441620e-004	1.843957e-001
7.227870679441620e-004	1.843957e-001
7.237636304441620e-004	1.843957e-001
7.247401929441620e-004	1.843957e-001
7.257167554441620e-004	1.843957e-001
7.266933179441620e-004	1.843957e-001
7.276698804441620e-004	1.843957e-001
7.286464429441620e-004	1.843957e-001
7.296230054441620e-004	1.843957e-001
7.305995679441620e-004	1.843957e-001
7.315761304441620e-004	1.843957e-001
7.325526929441620e-004	1.843957e-001
7.335292554441620e-004	1.843957e-001
7.345058179441620e-004	1.843957e-001
7.354823804441620e-004	1.843957e-001
7.364589429441620e-004	1.843957e-001
7.374355054441621e-004	1.843957e-001
7.384120679441621e-004	1.843957e-001
7.393886304441621e-004	1.843957e-001
7.403651929441621e-004	1.843957e-001
7.413417554441621e-004	1.843957e-001
7.423183179441621e-004	1.843957e-001
7.432948804441621e-004	1.843957e-001
7.442714429441621e-004	1.843957e-001
7.452480054441621e-004	1.843957e-001
7.462245679441621e-004	1.843957e-001
7.472011304441621e-004	1.843957e-001
7.481776929441621e-004	1.843957e-001
7.491542554441621e-004	1.843957e-001
7.501308179441621e-004	1.843957e-001
7.511073804441621e-004	1.843957e-001
7.520839429441621e-004	1.843957e-001
7.530605054441621e-004	1.843957e-001
7.540370679441621e-004	1.843957e-001
7.550000000000000e-004	1.843958e-001
7.550962932055839e-004	1.851998e-001
7.552888796167514e-004	1.871047e-001
7.556740524390866e-004	1.916530e-001
7.561814118201675e-004	1.997914e-001
7.571579743201675e-004	2.264615e-001
7.581345368201675e-004	2.766046e-001
7.585506450274243e-004	3.216074e-001
7.588098830983467e-004	3.764401e-001
7.589608353271548e-004	4.338952e-001
7.590515322255406e-004	4.940379e-001
7.591084694074777e-004	5.595936e-001
7.591458421082433e-004	6.351072e-001
7.591714484093773e-004	7.224185e-001
7.591951196483166e-004	8.485866e-001
7.592310454586926e-004	1.134175e+000
7.592827586679846e-004	1.729638e+000
7.593363235751689e-004	2.614020e+000
7.594088313984923e-004	4.285126e+000
7.595141450760319e-004	7.498325e+000
7.596352619376319e-004	1.222664e+001
7.598063341476100e-004	2.036748e+001
7.600000000000000e-004	3.069002e+001
7.600041373346346e-004	3.093018e+001
7.600124120039035e-004	3.140998e+001
7.600289613424414e-004	3.236723e+001
7.600457808240044e-004	3.333573e+001
7.600640171263692e-004	3.437471e+001
7.601004897310988e-004	3.637334e+001
7.601734349405579e-004	3.998133e+001
7.602409957821342e-004	4.265973e+001
7.602920929428548e-004	4.407530e+001
7.603158522029595e-004	4.448489e+001
7.603472851320677e-004	4.480814e+001
7.603801951438119e-004	4.502319e+001
7.604023787435617e-004	4.511255e+001
7.604196794812447e-004	4.515669e+001
7.604401610936492e-004	4.519199e+001
7.604633087760989e-004	4.521912e+001
7.604846786736254e-004	4.523567e+001
7.605054525896044e-004	4.524622e+001
7.605252807426522e-004	4.525295e+001
7.605452758035484e-004	4.525752e+001
7.605652671675482e-004	4.526061e+001
7.605848867592273e-004	4.526266e+001
7.606051365711014e-004	4.526409e+001
7.606241454421660e-004	4.526501e+001
7.606421785865218e-004	4.526560e+001
7.606615110044127e-004	4.526605e+001
7.606784693431252e-004	4.526632e+001
7.606974321665580e-004	4.526653e+001
7.607155557662058e-004	4.526667e+001
7.607327888599383e-004	4.526677e+001
7.607514852757812e-004	4.526684e+001
7.607697283111495e-004	4.526689e+001
7.607934667118117e-004	4.526693e+001
7.608148608145430e-004	4.526696e+001
7.608451815165004e-004	4.526698e+001
7.608737801095095e-004	4.526699e+001
7.609208534358395e-004	4.526700e+001
7.609664524182550e-004	4.526701e+001
7.610493493536400e-004	4.526701e+001
7.611443329703782e-004	4.526701e+001
7.613296587732935e-004	4.526701e+001
7.616201745461261e-004	4.526701e+001
7.622012060917914e-004	4.526701e+001
7.990234375000000e-004	4.526701e+001
8.000000000000000e-004	4.526701e+001
8.000021484398067e-004	4.526701e+001
8.000064453194201e-004	4.526700e+001
8.000150390786468e-004	4.526695e+001
8.000207017835017e-004	4.526685e+001
8.000272000056548e-004	4.526659e+001
8.000362149190815e-004	4.526588e+001
8.000542447459349e-004	4.526281e+001
8.000860831242987e-004	4.525058e+001
8.001497598810263e-004	4.519483e+001
8.002771133944814e-004	4.494191e+001
8.005318204213916e-004	4.373095e+001
8.009168814503639e-004	3.989304e+001
8.011420122833700e-004	3.524321e+001
8.013343954932959e-004	2.807035e+001
8.015063882610446e-004	1.861643e+001
8.016244753299266e-004	1.037110e+001
8.016887855010959e-004	5.318248e+000
8.017236202023801e-004	2.582548e+000
8.017423698007873e-004	1.281180e+000
8.017518960436393e-004	7.754189e-001
8.017575981268335e-004	5.820469e-001
8.017645392503670e-004	4.460995e-001
8.017708246462622e-004	3.751763e-001
8.017787555588770e-004	3.272614e-001
8.017859891033758e-004	3.041435e-001
8.017951822407686e-004	2.897701e-001
8.018057582892819e-004	2.817098e-001
8.018198749671755e-004	2.768083e-001
8.018395667823380e-004	2.734790e-001
8.018661283332208e-004	2.707485e-001
8.019108603970595e-004	2.670646e-001
8.019837510965755e-004	2.617075e-001
8.021295324956077e-004	2.525382e-001
8.024210952936720e-004	2.383506e-001
8.030042208898007e-004	2.188181e-001
8.038980588000627e-004	1.981101e-001
8.040234375000001e-004	1.959695e-001
8.042741948998747e-004	1.925687e-001
8.044984852002508e-004	1.897677e-001
8.046572877972417e-004	1.880015e-001
8.047882632040122e-004	1.866518e-001
8.050000000000001e-004	1.845543e-001
8.050211736795989e-004	1.844847e-001
8.050635210387965e-004	1.844155e-001
8.051482157571916e-004	1.843935e-001
8.053176051939819e-004	1.843962e-001
8.055689170047121e-004	1.843955e-001
8.060715406261725e-004	1.843958e-001
8.070481031261725e-004	1.843957e-001
8.080246656261725e-004	1.843957e-001
8.090012281261725e-004	1.843957e-001
8.099777906261725e-004	1.843957e-001
8.109543531261725e-004	1.843957e-001
8.119309156261725e-004	1.843957e-001
8.129074781261725e-004	1.843957e-001
8.138840406261725e-004	1.843957e-001
8.148606031261725e-004	1.843957e-001
8.158371656261725e-004	1.843957e-001
8.168137281261725e-004	1.843957e-001
8.177902906261725e-004	1.843957e-001
8.187668531261725e-004	1.843957e-001
8.197434156261725e-004	1.843957e-001
8.207199781261725e-004	1.843957e-001
8.216965406261725e-004	1.843957e-001
8.226731031261725e-004	1.843957e-001
8.236496656261725e-004	1.843957e-001
8.246262281261725e-004	1.843957e-001
8.256027906261725e-004	1.843957e-001
8.265793531261725e-004	1.843957e-001
8.275559156261725e-004	1.843957e-001
8.285324781261725e-004	1.843957e-001
8.295090406261725e-004	1.843957e-001
8.304856031261725e-004	1.843957e-001
8.314621656261725e-004	1.843957e-001
8.324387281261725e-004	1.843957e-001
8.334152906261725e-004	1.843957e-001
8.343918531261725e-004	1.843957e-001
8.353684156261726e-004	1.843957e-001
8.363449781261726e-004	1.843957e-001
8.373215406261726e-004	1.843957e-001
8.382981031261726e-004	1.843957e-001
8.392746656261726e-004	1.843957e-001
8.402512281261726e-004	1.843957e-001
8.412277906261726e-004	1.843957e-001
8.422043531261726e-004	1.843957e-001
8.431809156261726e-004	1.843957e-001
8.441574781261726e-004	1.843957e-001
8.451340406261726e-004	1.843957e-001
8.461106031261726e-004	1.843957e-001
8.470871656261726e-004	1.843957e-001
8.480637281261726e-004	1.843957e-001
8.490402906261726e-004	1.843957e-001
8.500168531261726e-004	1.843957e-001
8.509934156261726e-004	1.843957e-001
8.519699781261726e-004	1.843957e-001
8.529465406261726e-004	1.843957e-001
8.539231031261726e-004	1.843957e-001
8.540234375000001e-004	1.843957e-001
8.542241062476551e-004	1.843957e-001
8.546254437429651e-004	1.843957e-001
8.550000000000001e-004	1.843955e-001
8.550374556257035e-004	1.846457e-001
8.551123668771105e-004	1.852849e-001
8.552621893799245e-004	1.867843e-001
8.555232529476604e-004	1.897246e-001
8.559696599779900e-004	1.961357e-001
8.568624740386491e-004	2.161469e-001
8.578390365386491e-004	2.571564e-001
8.584656585082160e-004	3.112983e-001
8.587653123338200e-004	3.655380e-001
8.589481313594399e-004	4.300438e-001
8.590559548001217e-004	5.012972e-001
8.591182403058990e-004	5.807139e-001
8.591574000964345e-004	6.763031e-001
8.591850076006618e-004	7.920130e-001
8.592112647567990e-004	9.685488e-001
8.592637790690733e-004	1.490144e+000
8.593141054021373e-004	2.213387e+000
8.593786117786164e-004	3.536162e+000
8.594735371891399e-004	6.150954e+000
8.595827393655249e-004	1.006762e+001
8.597461984214955e-004	1.701178e+001
8.597551667718906e-004	1.743467e+001
8.597731034726808e-004	1.833879e+001
8.598089768742613e-004	2.020192e+001
8.598807236774222e-004	2.409150e+001
8.600000000000001e-004	3.077736e+001
8.600046597436230e-004	3.104775e+001
8.600139792308687e-004	3.158780e+001
8.600326182053601e-004	3.266460e+001
8.600512744817282e-004	3.373643e+001
8.600707127255451e-004	3.483846e+001
8.601095892131790e-004	3.695702e+001
8.601726304827111e-004	4.003763e+001
8.602422189329396e-004	4.276771e+001
8.602880948617185e-004	4.403758e+001
8.603124315116536e-004	4.445885e+001
8.603446903207980e-004	4.479859e+001
8.603782564165822e-004	4.502239e+001
8.603992557079880e-004	4.510861e+001
8.604162993891305e-004	4.515302e+001
8.604368090346451e-004	4.518947e+001
8.604600808613865e-004	4.521760e+001
8.604816766418189e-004	4.523483e+001
8.605023259089721e-004	4.524562e+001
8.605223434864237e-004	4.525260e+001
8.605420441460870e-004	4.525722e+001
8.605625338456647e-004	4.526048e+001
8.605814907419638e-004	4.526253e+001
8.605991550419729e-004	4.526384e+001
8.606184089199898e-004	4.526483e+001
8.606387694991166e-004	4.526554e+001
8.606588783456256e-004	4.526601e+001
8.606850762973052e-004	4.526641e+001
8.607103168125319e-004	4.526664e+001
8.607496349274718e-004	4.526683e+001
8.607871989000462e-004	4.526692e+001
8.608623268451950e-004	4.526698e+001
8.609356183415097e-004	4.526700e+001
8.610822013341389e-004	4.526701e+001
8.613022203539280e-004	4.526701e+001
8.617422583935063e-004	4.526701e+001
8.626223344726629e-004	4.526701e+001
8.635988969726629e-004	4.526701e+001
8.645754594726629e-004	4.526701e+001
8.655520219726629e-004	4.526701e+001
8.665285844726629e-004	4.526701e+001
8.675051469726629e-004	4.526701e+001
8.684817094726629e-004	4.526701e+001
8.726669773298058e-004	4.526701e+001
8.768522451869486e-004	4.526701e+001
8.810375130440915e-004	4.526701e+001
8.852227809012343e-004	4.526701e+001
8.894080487583772e-004	4.526701e+001
8.935933166155201e-004	4.526701e+001
8.977785844726629e-004	4.526701e+001
8.987551469726629e-004	4.526701e+001
8.994634189453257e-004	4.526701e+001
9.000000000000001e-004	4.526701e+001
9.000011804854727e-004	4.526701e+001
9.000035414564179e-004	4.526701e+001
9.000063637145330e-004	4.526701e+001
9.000089550835070e-004	4.526701e+001
9.000122810605200e-004	4.526699e+001
9.000166458636419e-004	4.526694e+001
9.000228636041116e-004	4.526677e+001
9.000314110930770e-004	4.526631e+001
9.000444330658078e-004	4.526484e+001
9.000657364747216e-004	4.525962e+001
9.001083432925492e-004	4.523613e+001
9.001935569282042e-004	4.513068e+001
9.003639841995143e-004	4.463516e+001
9.007048387421345e-004	4.269019e+001
9.009255105273380e-004	4.013194e+001
9.011467637107150e-004	3.509993e+001
9.013562766707544e-004	2.698576e+001
9.015261381715738e-004	1.730741e+001
9.016499744660711e-004	8.405459e+000
9.017074011231484e-004	3.888119e+000
9.017371984499399e-004	1.669633e+000
9.017510028382311e-004	8.539140e-001
9.017580386733233e-004	5.936454e-001
9.017662701409161e-004	4.315552e-001
9.017724352744234e-004	3.653288e-001
9.017796607344684e-004	3.252347e-001
9.017872654343330e-004	3.025547e-001
9.017961798118690e-004	2.892520e-001
9.018077321959466e-004	2.809692e-001
9.018209008041604e-004	2.766058e-001
9.018426290649477e-004	2.731312e-001
9.018667427209591e-004	2.706789e-001
9.019149700329820e-004	2.667344e-001
9.019769562559223e-004	2.621381e-001
9.021009287018030e-004	2.541394e-001
9.023488735935645e-004	2.413834e-001
9.028447633770875e-004	2.235190e-001
9.037862215319863e-004	2.003836e-001
9.040649625715390e-004	1.955041e-001
9.044425179208947e-004	1.906900e-001
9.050000000000001e-004	1.845449e-001
9.050557482079107e-004	1.844622e-001
9.051672446237318e-004	1.844004e-001
9.053902374553739e-004	1.843946e-001
9.057342882350919e-004	1.843965e-001
9.064223897945280e-004	1.843955e-001
9.073989522945280e-004	1.843957e-001
9.083755147945280e-004	1.843957e-001
9.093520772945280e-004	1.843957e-001
9.103286397945280e-004	1.843957e-001
9.113052022945280e-004	1.843957e-001
9.122817647945280e-004	1.843957e-001
9.132583272945280e-004	1.843957e-001
9.142348897945280e-004	1.843957e-001
9.152114522945280e-004	1.843957e-001
9.161880147945280e-004	1.843957e-001
9.171645772945280e-004	1.843957e-001
9.181411397945280e-004	1.843957e-001
9.191177022945280e-004	1.843957e-001
9.200942647945280e-004	1.843957e-001
9.210708272945280e-004	1.843957e-001
9.220473897945280e-004	1.843957e-001
9.230239522945280e-004	1.843957e-001
9.240005147945280e-004	1.843957e-001
9.249770772945280e-004	1.843957e-001
9.259536397945280e-004	1.843957e-001
9.269302022945280e-004	1.843957e-001
9.279067647945280e-004	1.843957e-001
9.288833272945280e-004	1.843957e-001
9.298598897945280e-004	1.843957e-001
9.308364522945280e-004	1.843957e-001
9.318130147945280e-004	1.843957e-001
9.327895772945280e-004	1.843957e-001
9.337661397945280e-004	1.843957e-001
9.347427022945280e-004	1.843957e-001
9.357192647945280e-004	1.843957e-001
9.366958272945280e-004	1.843957e-001
9.376723897945280e-004	1.843957e-001
9.386489522945280e-004	1.843957e-001
9.396255147945280e-004	1.843957e-001
9.406020772945280e-004	1.843957e-001
9.415786397945280e-004	1.843957e-001
9.425552022945280e-004	1.843957e-001
9.435317647945280e-004	1.843957e-001
9.445083272945280e-004	1.843957e-001
9.454848897945280e-004	1.843957e-001
9.464614522945280e-004	1.843957e-001
9.474380147945280e-004	1.843957e-001
9.484145772945280e-004	1.843957e-001
9.493911397945280e-004	1.843957e-001
9.503677022945280e-004	1.843957e-001
9.513442647945280e-004	1.843957e-001
9.523208272945280e-004	1.843957e-001
9.532973897945280e-004	1.843957e-001
9.540234375000001e-004	1.843957e-001
9.550000000000001e-004	1.843964e-001
9.550976562500001e-004	1.852134e-001
9.552929687500001e-004	1.871497e-001
9.556835937500000e-004	1.917807e-001
9.561965860332520e-004	2.000667e-001
9.571731485332520e-004	2.270580e-001
9.581497110332520e-004	2.772790e-001
9.585388775265098e-004	3.186330e-001
9.587852903260000e-004	3.678171e-001
9.589288038231422e-004	4.162208e-001
9.590159452813965e-004	4.636224e-001
9.590756337200623e-004	5.146561e-001
9.591181522481761e-004	5.721884e-001
9.591482138269567e-004	6.381748e-001
9.591708417244860e-004	7.166768e-001
9.591921486863294e-004	8.292000e-001
9.592298989884897e-004	1.128761e+000
9.592863866658432e-004	1.782071e+000
9.593387809212816e-004	2.658626e+000
9.594132243808849e-004	4.398710e+000
9.595181703624793e-004	7.636691e+000
9.596418100314068e-004	1.249297e+001
9.598034385503457e-004	2.020327e+001
9.600000000000001e-004	3.068984e+001
9.600041110217801e-004	3.092847e+001
9.600123330653400e-004	3.140524e+001
9.600287771524596e-004	3.235643e+001
9.600455321775708e-004	3.332129e+001
9.600637570095947e-004	3.435976e+001
9.601002066736425e-004	3.635783e+001
9.601731060017381e-004	3.996599e+001
9.602408000303877e-004	4.265141e+001
9.602922889961998e-004	4.407830e+001
9.603160513227992e-004	4.448768e+001
9.603473498051252e-004	4.480892e+001
9.603801566409490e-004	4.502282e+001
9.604026800550427e-004	4.511331e+001
9.604200644076444e-004	4.515749e+001
9.604405063544717e-004	4.519250e+001
9.604636112606414e-004	4.521941e+001
9.604849504406101e-004	4.523584e+001
9.605057311803985e-004	4.524634e+001
9.605255571758165e-004	4.525303e+001
9.605455532506639e-004	4.525757e+001
9.605655431664544e-004	4.526064e+001
9.605851570691279e-004	4.526268e+001
9.606054162360569e-004	4.526410e+001
9.606244100173501e-004	4.526502e+001
9.606424100505830e-004	4.526561e+001
9.606617326486547e-004	4.526605e+001
9.606786350674462e-004	4.526632e+001
9.606975785733377e-004	4.526653e+001
9.607164522678572e-004	4.526668e+001
9.607344711646468e-004	4.526678e+001
9.607570443689148e-004	4.526686e+001
9.607775421783856e-004	4.526691e+001
9.608064966093475e-004	4.526695e+001
9.608330648099452e-004	4.526697e+001
9.608763643833108e-004	4.526699e+001
9.609172608890015e-004	4.526700e+001
9.609990539003831e-004	4.526701e+001
9.610825562045029e-004	4.526701e+001
9.612495608127423e-004	4.526701e+001
9.615042944631597e-004	4.526701e+001
9.620137617639943e-004	4.526701e+001
9.629903242639943e-004	4.526701e+001
9.990234375000001e-004	4.526701e+001
1.000000000000000e-003	4.526701e+001
