time	V(N141)*Id(M1)+V(N144)*Ig(M1)
0.000000000000000e+000	2.183859e-009
9.765624940649698e-012	-1.081496e-005
1.953124988129940e-011	-2.091732e-005
2.197265611646182e-011	-2.321951e-005
2.685546858678667e-011	-2.695104e-005
3.662109352743637e-011	-3.481407e-005
5.615234340873576e-011	-5.271211e-005
9.521484317133455e-011	-8.580351e-005
1.733398426965321e-010	-1.502246e-004
3.295898417469273e-010	-2.776756e-004
6.420898398477176e-010	-5.221825e-004
1.221512257274973e-009	-9.438822e-004
2.037628602913189e-009	-1.459171e-003
3.238230584271410e-009	-2.011190e-003
4.820297388414612e-009	-2.231805e-003
6.982926918135331e-009	-1.256873e-003
9.783275751471353e-009	2.946034e-003
1.353769408518237e-008	1.512765e-002
1.849002358862797e-008	4.469730e-002
2.533686546803010e-008	1.133360e-001
3.504869836660486e-008	2.687123e-001
5.009230143063499e-008	6.486710e-001
7.614293458159348e-008	1.723664e+000
1.282442008835104e-007	5.404369e+000
2.324467334873443e-007	1.836741e+001
4.408517986950122e-007	6.314125e+001
8.576619291103478e-007	1.839629e+002
1.124158958725293e-006	2.615273e+002
1.365485218465933e-006	3.019958e+002
1.592685558260156e-006	2.751438e+002
1.746531743857545e-006	1.995995e+002
1.842973964192907e-006	1.202310e+002
1.896719388480647e-006	6.526380e+001
1.929789465375834e-006	3.109497e+001
1.945670893755580e-006	1.802228e+001
1.961298152612753e-006	1.013396e+001
1.977933015908338e-006	5.966177e+000
1.991357424959363e-006	4.365748e+000
2.006350622429911e-006	3.502021e+000
2.022115800704910e-006	3.050581e+000
2.041417801679999e-006	2.790723e+000
2.063542490005488e-006	2.658700e+000
2.092865197985155e-006	2.586921e+000
2.130905340276894e-006	2.545178e+000
2.189207661866897e-006	2.506310e+000
2.282195309581962e-006	2.455515e+000
2.468170605012092e-006	2.370164e+000
2.840121195872351e-006	2.240525e+000
3.584022377592869e-006	2.056127e+000
4.128005888620687e-006	1.963709e+000
5.000000000000000e-006	1.857810e+000
5.087199411137932e-006	1.849430e+000
5.261598233413795e-006	1.844148e+000
5.610395877965520e-006	1.843909e+000
6.094157853657930e-006	1.843994e+000
7.061681805042749e-006	1.843951e+000
8.038244305042749e-006	1.843953e+000
9.014806805042749e-006	1.843951e+000
9.991369305042750e-006	1.843953e+000
1.096793180504275e-005	1.843951e+000
1.194449430504275e-005	1.843953e+000
1.292105680504275e-005	1.843951e+000
1.389761930504275e-005	1.843953e+000
1.487418180504276e-005	1.843951e+000
1.585074430504276e-005	1.843953e+000
1.682730680504276e-005	1.843952e+000
1.780386930504276e-005	1.843953e+000
1.878043180504276e-005	1.843952e+000
1.975699430504276e-005	1.843953e+000
2.073355680504276e-005	1.843952e+000
2.171011930504276e-005	1.843953e+000
2.268668180504276e-005	1.843952e+000
2.366324430504276e-005	1.843953e+000
2.463980680504276e-005	1.843952e+000
2.561636930504276e-005	1.843953e+000
2.659293180504277e-005	1.843952e+000
2.756949430504277e-005	1.843953e+000
2.854605680504277e-005	1.843952e+000
2.952261930504277e-005	1.843953e+000
3.049918180504277e-005	1.843952e+000
3.147574430504277e-005	1.843952e+000
3.245230680504277e-005	1.843952e+000
3.342886930504277e-005	1.843952e+000
3.440543180504277e-005	1.843952e+000
3.538199430504277e-005	1.843952e+000
3.635855680504277e-005	1.843952e+000
3.733511930504278e-005	1.843952e+000
3.831168180504278e-005	1.843952e+000
3.928824430504278e-005	1.843952e+000
4.026480680504278e-005	1.843952e+000
4.124136930504278e-005	1.843952e+000
4.221793180504278e-005	1.843952e+000
4.319449430504278e-005	1.843952e+000
4.417105680504278e-005	1.843952e+000
4.514761930504278e-005	1.843952e+000
4.612418180504278e-005	1.843952e+000
4.710074430504278e-005	1.843952e+000
4.807730680504278e-005	1.843952e+000
4.905386930504279e-005	1.843952e+000
5.003043180504279e-005	1.843952e+000
5.100699430504279e-005	1.843952e+000
5.198355680504279e-005	1.843952e+000
5.296011930504279e-005	1.843952e+000
5.393668180504279e-005	1.843962e+000
5.402343750000000e-005	1.843958e+000
5.419694888991443e-005	1.843951e+000
5.454397166974327e-005	1.843952e+000
5.500000000000000e-005	1.843960e+000
5.504560283302568e-005	1.840692e+000
5.513680849907702e-005	1.844048e+000
5.531921983117971e-005	1.862287e+000
5.561424946256770e-005	1.897485e+000
5.617357998214253e-005	1.986192e+000
5.715014248214253e-005	2.246517e+000
5.812670498214253e-005	2.733829e+000
5.857419370231349e-005	3.196798e+000
5.884653671688482e-005	3.740371e+000
5.900766903231616e-005	4.296474e+000
5.910801692907877e-005	4.852139e+000
5.917822834030482e-005	5.405223e+000
5.922815548959296e-005	5.933890e+000
5.927479288706830e-005	6.629613e+000
5.934425543992212e-005	7.824723e+000
5.941871111114392e-005	8.943669e+000
5.951383513453575e-005	9.822415e+000
5.966454948583565e-005	8.909911e+000
5.981951558399538e-005	5.593786e+000
6.000000000000000e-005	3.271134e-001
6.000130224163065e-005	3.178732e-001
6.000390672489193e-005	3.021581e-001
6.000911569141449e-005	2.822164e-001
6.001560512194811e-005	2.705860e-001
6.002361499380534e-005	2.663648e-001
6.003301724720940e-005	2.666303e-001
6.004669621948644e-005	2.697482e-001
6.006702386516114e-005	2.754029e-001
6.010500019670408e-005	2.862795e-001
6.018095285978995e-005	3.077634e-001
6.033285818596169e-005	3.459762e-001
6.052181333167622e-005	3.716064e-001
6.064961224579620e-005	3.484981e-001
6.076758456996958e-005	2.701618e-001
6.090753300314807e-005	1.312567e-001
6.096521500788269e-005	7.989945e-002
6.101686989095594e-005	4.982160e-002
6.107778162721559e-005	2.801565e-002
6.114303732617819e-005	1.395639e-002
6.117565665158617e-005	9.780143e-003
6.121778235966564e-005	6.454962e-003
6.125403486492958e-005	4.489187e-003
6.129590860314726e-005	2.967270e-003
6.133351068556288e-005	2.039425e-003
6.137480723958007e-005	1.359479e-003
6.141590540886051e-005	9.027607e-004
6.145484431980595e-005	6.135492e-004
6.149562870850417e-005	4.097660e-004
6.153363036808769e-005	2.813589e-004
6.157487263669595e-005	1.883606e-004
6.161963121580371e-005	1.223144e-004
6.167304967422383e-005	7.341624e-005
6.173554951514200e-005	4.061423e-005
6.181599817367467e-005	1.912847e-005
6.191669539414576e-005	7.575331e-006
6.206546104371301e-005	2.022014e-006
6.228296422111784e-005	2.782505e-007
6.271253112237196e-005	-4.054057e-009
6.357166492488022e-005	2.816364e-009
6.454822742488022e-005	2.020489e-009
6.552478992488022e-005	2.297571e-009
6.650135242488022e-005	2.121023e-009
6.747791492488022e-005	2.233818e-009
6.845447742488022e-005	2.155352e-009
7.138416492488022e-005	2.199489e-009
9.940895484976049e-005	3.263254e-009
1.000000000000000e-004	9.202152e-005
1.000013003003866e-004	-8.098340e-004
1.000039009011599e-004	-1.375594e-003
1.000091021027064e-004	2.802090e-003
1.000132588447677e-004	1.381082e-002
1.000175789139842e-004	3.716204e-002
1.000235120731421e-004	9.144246e-002
1.000326641083691e-004	2.248853e-001
1.000465019192423e-004	5.434547e-001
1.000698921653076e-004	1.423110e+000
1.001166726574382e-004	4.430126e+000
1.002102336416993e-004	1.503659e+001
1.003973556102217e-004	5.207018e+001
1.007715995472664e-004	1.561271e+002
1.010358021879021e-004	2.370592e+002
1.012906653089542e-004	2.948127e+002
1.015355604395927e-004	2.899489e+002
1.017090246621322e-004	2.229662e+002
1.018313927338326e-004	1.307854e+002
1.018929325433782e-004	6.938513e+001
1.019277402459964e-004	3.307735e+001
1.019453073045120e-004	1.825332e+001
1.019605994874699e-004	1.035113e+001
1.019773103530338e-004	6.052437e+000
1.019904165667997e-004	4.433627e+000
1.020051359585927e-004	3.549512e+000
1.020208952398295e-004	3.075181e+000
1.020399779620684e-004	2.803541e+000
1.020618571397618e-004	2.665182e+000
1.020905402483073e-004	2.590589e+000
1.021278114413705e-004	2.547721e+000
1.021842594828912e-004	2.509262e+000
1.022742020823724e-004	2.459654e+000
1.024540872813349e-004	2.376104e+000
1.028138576792599e-004	2.248422e+000
1.035333984751099e-004	2.066933e+000
1.041297125171866e-004	1.964370e+000
1.050000000000000e-004	1.857802e+000
1.050870287482814e-004	1.849430e+000
1.052610862448440e-004	1.844149e+000
1.056092012379694e-004	1.843909e+000
1.060921804078430e-004	1.843994e+000
1.070581387475901e-004	1.843951e+000
1.080347012475901e-004	1.843953e+000
1.090112637475901e-004	1.843951e+000
1.099878262475901e-004	1.843953e+000
1.109643887475901e-004	1.843951e+000
1.119409512475901e-004	1.843953e+000
1.129175137475901e-004	1.843951e+000
1.138940762475901e-004	1.843953e+000
1.148706387475901e-004	1.843952e+000
1.158472012475901e-004	1.843953e+000
1.168237637475901e-004	1.843952e+000
1.178003262475902e-004	1.843953e+000
1.187768887475902e-004	1.843952e+000
1.197534512475902e-004	1.843953e+000
1.207300137475902e-004	1.843952e+000
1.217065762475902e-004	1.843953e+000
1.226831387475901e-004	1.843952e+000
1.236597012475901e-004	1.843953e+000
1.246362637475901e-004	1.843952e+000
1.256128262475901e-004	1.843953e+000
1.265893887475901e-004	1.843952e+000
1.275659512475901e-004	1.843953e+000
1.285425137475901e-004	1.843952e+000
1.295190762475901e-004	1.843953e+000
1.304956387475901e-004	1.843952e+000
1.314722012475901e-004	1.843952e+000
1.324487637475901e-004	1.843952e+000
1.334253262475902e-004	1.843952e+000
1.344018887475902e-004	1.843952e+000
1.353784512475902e-004	1.843952e+000
1.363550137475902e-004	1.843952e+000
1.373315762475902e-004	1.843952e+000
1.383081387475902e-004	1.843952e+000
1.392847012475902e-004	1.843952e+000
1.402612637475902e-004	1.843952e+000
1.412378262475902e-004	1.843952e+000
1.422143887475902e-004	1.843952e+000
1.431909512475902e-004	1.843952e+000
1.441675137475902e-004	1.843952e+000
1.451440762475902e-004	1.843952e+000
1.461206387475902e-004	1.843952e+000
1.470972012475902e-004	1.843952e+000
1.480737637475902e-004	1.843952e+000
1.490503262475902e-004	1.843952e+000
1.500268887475902e-004	1.843952e+000
1.510034512475902e-004	1.843952e+000
1.519800137475902e-004	1.843952e+000
1.529565762475902e-004	1.843952e+000
1.539331387475902e-004	1.843961e+000
1.540234375000000e-004	1.843958e+000
1.542040350048197e-004	1.843951e+000
1.545652300144591e-004	1.843952e+000
1.550000000000000e-004	1.843960e+000
1.550434769985541e-004	1.840557e+000
1.551304309956623e-004	1.843455e+000
1.553043389898786e-004	1.860666e+000
1.555904766148043e-004	1.894383e+000
1.561193121814935e-004	1.976390e+000
1.570958746814935e-004	2.226522e+000
1.580724371814935e-004	2.696994e+000
1.585638934652034e-004	3.187040e+000
1.588419274569477e-004	3.731830e+000
1.590092521072098e-004	4.310953e+000
1.591127871081392e-004	4.892884e+000
1.591835917645081e-004	5.467527e+000
1.592348376393496e-004	6.032015e+000
1.592829157441823e-004	6.766672e+000
1.593529232411164e-004	7.969367e+000
1.594282041703493e-004	9.068042e+000
1.595278898005291e-004	9.892105e+000
1.596916190426044e-004	8.328632e+000
1.598169905111804e-004	5.457273e+000
1.600000000000000e-004	3.256746e-001
1.600012826426465e-004	3.168543e-001
1.600038479279394e-004	3.016491e-001
1.600089784985252e-004	2.822080e-001
1.600155262175719e-004	2.705584e-001
1.600235219693215e-004	2.663578e-001
1.600329929607035e-004	2.666463e-001
1.600466163855273e-004	2.697575e-001
1.600670942871188e-004	2.754575e-001
1.601050437127481e-004	2.863253e-001
1.601809425640068e-004	3.077932e-001
1.603327402665241e-004	3.459758e-001
1.605217606034145e-004	3.715993e-001
1.606495868011064e-004	3.484543e-001
1.607675595909217e-004	2.700818e-001
1.609074816269951e-004	1.311979e-001
1.609651854344077e-004	7.983763e-002
1.610168467376043e-004	4.977506e-002
1.610777452359620e-004	2.799597e-002
1.611431465573862e-004	1.392637e-002
1.611758103158647e-004	9.752576e-003
1.612179285128469e-004	6.436755e-003
1.612541488814241e-004	4.477877e-003
1.612959811244679e-004	2.961020e-003
1.613335421983136e-004	2.036050e-003
1.613748360104280e-004	1.357357e-003
1.614159537752201e-004	9.011718e-004
1.614548783511427e-004	6.125509e-004
1.614956821989204e-004	4.090192e-004
1.615336560073739e-004	2.809255e-004
1.615749422495979e-004	1.881628e-004
1.616208195558255e-004	1.210575e-004
1.616758935098842e-004	7.157506e-005
1.617406938825033e-004	3.877713e-005
1.618245440331984e-004	1.772515e-005
1.619306230609117e-004	6.705530e-006
1.620896727660242e-004	1.647025e-006
1.623275686836462e-004	1.785256e-007
1.628033605188903e-004	-6.677750e-009
1.637549441893783e-004	2.811713e-009
1.647315066893783e-004	1.866010e-009
1.657080691893783e-004	2.407913e-009
1.666846316893783e-004	2.049914e-009
1.676611941893783e-004	2.282859e-009
1.686377566893783e-004	2.130832e-009
1.696143191893783e-004	2.231366e-009
1.705908816893783e-004	2.165160e-009
1.995510267575134e-004	8.786651e-010
2.000000000000000e-004	-9.462592e-005
2.000009877420742e-004	-7.247916e-004
2.000029632262224e-004	-1.764563e-003
2.000049301148415e-004	-2.171588e-003
2.000068263394162e-004	-1.374056e-003
2.000096683495525e-004	2.701597e-003
2.000131786257876e-004	1.366862e-002
2.000182395382245e-004	4.282754e-002
2.000247448604247e-004	1.061273e-001
2.000344501014445e-004	2.569232e-001
2.000487043657586e-004	6.065722e-001
2.000741449097864e-004	1.628276e+000
2.001250259978420e-004	5.131802e+000
2.002267881739533e-004	1.750464e+001
2.004303125261757e-004	6.040987e+001
2.008373612306207e-004	1.773545e+002
2.010997641169333e-004	2.551230e+002
2.013455223102173e-004	3.006545e+002
2.015789609994490e-004	2.793825e+002
2.017356377966613e-004	2.070351e+002
2.018372781862337e-004	1.257105e+002
2.018932999415810e-004	6.906227e+001
2.019272663149590e-004	3.349125e+001
2.019442758134493e-004	1.888135e+001
2.019593265807762e-004	1.078249e+001
2.019757170910891e-004	6.297968e+000
2.019884559062793e-004	4.597137e+000
2.020028560489024e-004	3.649446e+000
2.020186021659841e-004	3.125675e+000
2.020372069314752e-004	2.830596e+000
2.020585936473591e-004	2.679053e+000
2.020860971801280e-004	2.598303e+000
2.021219331573903e-004	2.552821e+000
2.021749533287295e-004	2.514913e+000
2.022585913441600e-004	2.467833e+000
2.024258673750210e-004	2.388238e+000
2.027604194367431e-004	2.264991e+000
2.034295235601873e-004	2.089940e+000
2.041305399827096e-004	1.966174e+000
2.050000000000000e-004	1.857844e+000
2.050869460017291e-004	1.849447e+000
2.052608380051872e-004	1.844150e+000
2.056086220121033e-004	1.843909e+000
2.060911934547702e-004	1.843994e+000
2.070563363401038e-004	1.843951e+000
2.080328988401038e-004	1.843953e+000
2.090094613401038e-004	1.843951e+000
2.099860238401038e-004	1.843953e+000
2.109625863401038e-004	1.843951e+000
2.119391488401038e-004	1.843953e+000
2.129157113401038e-004	1.843951e+000
2.138922738401038e-004	1.843953e+000
2.148688363401038e-004	1.843952e+000
2.158453988401038e-004	1.843953e+000
2.168219613401038e-004	1.843952e+000
2.177985238401038e-004	1.843953e+000
2.187750863401038e-004	1.843952e+000
2.197516488401038e-004	1.843953e+000
2.207282113401038e-004	1.843952e+000
2.217047738401038e-004	1.843953e+000
2.226813363401038e-004	1.843952e+000
2.236578988401038e-004	1.843953e+000
2.246344613401039e-004	1.843952e+000
2.256110238401039e-004	1.843953e+000
2.265875863401039e-004	1.843952e+000
2.275641488401039e-004	1.843953e+000
2.285407113401039e-004	1.843952e+000
2.295172738401039e-004	1.843953e+000
2.304938363401039e-004	1.843952e+000
2.314703988401039e-004	1.843952e+000
2.324469613401039e-004	1.843952e+000
2.334235238401039e-004	1.843952e+000
2.344000863401039e-004	1.843952e+000
2.353766488401039e-004	1.843952e+000
2.363532113401039e-004	1.843952e+000
2.373297738401039e-004	1.843952e+000
2.383063363401039e-004	1.843952e+000
2.392828988401039e-004	1.843952e+000
2.402594613401039e-004	1.843952e+000
2.412360238401039e-004	1.843952e+000
2.422125863401039e-004	1.843952e+000
2.431891488401039e-004	1.843952e+000
2.441657113401039e-004	1.843952e+000
2.451422738401039e-004	1.843952e+000
2.461188363401039e-004	1.843952e+000
2.470953988401039e-004	1.843952e+000
2.480719613401039e-004	1.843952e+000
2.490485238401039e-004	1.843952e+000
2.500250863401039e-004	1.843952e+000
2.510016488401039e-004	1.843952e+000
2.519782113401039e-004	1.843952e+000
2.529547738401039e-004	1.843952e+000
2.539313363401039e-004	1.843961e+000
2.540234375000000e-004	1.843958e+000
2.542076398197923e-004	1.843951e+000
2.545760444593769e-004	1.843952e+000
2.550000000000000e-004	1.843960e+000
2.550423955540624e-004	1.840491e+000
2.551271866621870e-004	1.843157e+000
2.552967688784362e-004	1.859847e+000
2.555783933402357e-004	1.892826e+000
2.560918985726344e-004	1.971568e+000
2.570684610726344e-004	2.216814e+000
2.580450235726344e-004	2.678422e+000
2.585560917136014e-004	3.177398e+000
2.588372260814073e-004	3.720066e+000
2.590074222931619e-004	4.304442e+000
2.591124634699248e-004	4.892875e+000
2.591839472168835e-004	5.473724e+000
2.592355679743408e-004	6.044529e+000
2.592839907614427e-004	6.786119e+000
2.593541285825780e-004	7.990134e+000
2.594296256202684e-004	9.086427e+000
2.595299340831977e-004	9.901016e+000
2.596957600624937e-004	8.231168e+000
2.598166551951655e-004	5.434548e+000
2.600000000000000e-004	3.254776e-001
2.600012802010348e-004	3.167181e-001
2.600038406031043e-004	3.015811e-001
2.600089614072433e-004	2.822032e-001
2.600155166326431e-004	2.705519e-001
2.600235107007413e-004	2.663544e-001
2.600329906284911e-004	2.666461e-001
2.600466074439572e-004	2.697566e-001
2.600671053314688e-004	2.754627e-001
2.601050534364849e-004	2.863300e-001
2.601809496465171e-004	3.077970e-001
2.603327420665814e-004	3.459778e-001
2.605217597024847e-004	3.715991e-001
2.606495863743126e-004	3.484513e-001
2.607675596093478e-004	2.700758e-001
2.609074796622615e-004	1.311940e-001
2.609651886511066e-004	7.983081e-002
2.610168511504452e-004	4.976959e-002
2.610777486511173e-004	2.799312e-002
2.611431550588039e-004	1.392447e-002
2.611758304188066e-004	9.750003e-003
2.612179518471708e-004	6.434762e-003
2.612541706506913e-004	4.476536e-003
2.612959994381496e-004	2.960229e-003
2.613335561296228e-004	2.035601e-003
2.613748488078389e-004	1.357083e-003
2.614159695489249e-004	9.009629e-004
2.614548912584208e-004	6.124261e-004
2.614956992783432e-004	4.089187e-004
2.615336674710643e-004	2.808725e-004
2.615749629494272e-004	1.881454e-004
2.616210686319854e-004	1.208183e-004
2.616764821509665e-004	7.121352e-005
2.617417545931944e-004	3.841645e-005
2.618263078106833e-004	1.745233e-005
2.619335056587871e-004	6.539945e-006
2.620947260769386e-004	1.578375e-006
2.623369958111805e-004	1.617209e-007
2.628215352796641e-004	-6.749677e-009
2.637906142166315e-004	2.751220e-009
2.647671767166315e-004	1.834134e-009
2.657437392166315e-004	2.412817e-009
2.667203017166315e-004	2.037654e-009
2.676968642166315e-004	2.285311e-009
2.686734267166315e-004	2.125928e-009
2.696499892166315e-004	2.231366e-009
2.706265517166315e-004	2.162708e-009
2.747488839285714e-004	2.408459e-009
2.788712161405113e-004	2.495443e-009
2.829935483524513e-004	2.423660e-009
2.871158805643913e-004	2.193111e-009
2.912382127763312e-004	1.803796e-009
2.953605449882711e-004	1.255715e-009
2.994828772002111e-004	5.488671e-010
3.000000000000000e-004	-9.524244e-005
3.000011376712150e-004	-8.008447e-004
3.000034130136450e-004	-1.817070e-003
3.000059446903794e-004	-1.793717e-003
3.000083121087144e-004	2.810880e-004
3.000115060325311e-004	7.475308e-003
3.000156237804754e-004	2.564851e-002
3.000214966893235e-004	7.080844e-002
3.000293997199610e-004	1.699895e-001
3.000413381867008e-004	4.062507e-001
3.000601554430176e-004	1.002790e+000
3.000967308880971e-004	2.946780e+000
3.001698817782563e-004	9.733606e+000
3.003161835585746e-004	3.365869e+001
3.006087871192112e-004	1.082269e+002
3.009972806367379e-004	2.263174e+002
3.012628698221098e-004	2.904775e+002
3.014965742162319e-004	2.965328e+002
3.016834256399901e-004	2.355402e+002
3.018310131312578e-004	1.295785e+002
3.018975007526875e-004	6.343405e+001
3.019327844667090e-004	2.804974e+001
3.019495660776330e-004	1.558699e+001
3.019665863639648e-004	8.499049e+000
3.019845334490417e-004	5.077890e+000
3.019992584428969e-004	3.823153e+000
3.020149893393395e-004	3.204377e+000
3.020314543177840e-004	2.892358e+000
3.020527534481356e-004	2.708308e+000
3.020777784092432e-004	2.615163e+000
3.021122948148726e-004	2.562164e+000
3.021583996142248e-004	2.525344e+000
3.022345672722848e-004	2.480640e+000
3.023667228167481e-004	2.414336e+000
3.026310339056748e-004	2.307677e+000
3.031596560835280e-004	2.154050e+000
3.040383351809225e-004	1.968387e+000
3.040510292609938e-004	1.966509e+000
3.040679547010888e-004	1.964065e+000
3.041018055812789e-004	1.959294e+000
3.041695073416591e-004	1.950089e+000
3.043049108624193e-004	1.932811e+000
3.045757179039399e-004	1.901715e+000
3.050000000000000e-004	1.857378e+000
3.050424282096061e-004	1.850086e+000
3.051272846288181e-004	1.844594e+000
3.052969974672422e-004	1.843823e+000
3.055822029155480e-004	1.844011e+000
3.061128461573126e-004	1.843927e+000
3.070894086573126e-004	1.843953e+000
3.080659711573126e-004	1.843951e+000
3.090425336573126e-004	1.843953e+000
3.100190961573126e-004	1.843952e+000
3.109956586573126e-004	1.843953e+000
3.119722211573126e-004	1.843952e+000
3.129487836573126e-004	1.843953e+000
3.139253461573126e-004	1.843952e+000
3.149019086573126e-004	1.843953e+000
3.158784711573126e-004	1.843952e+000
3.168550336573126e-004	1.843953e+000
3.178315961573126e-004	1.843952e+000
3.188081586573126e-004	1.843953e+000
3.197847211573126e-004	1.843952e+000
3.207612836573126e-004	1.843953e+000
3.217378461573126e-004	1.843952e+000
3.227144086573126e-004	1.843953e+000
3.236909711573126e-004	1.843952e+000
3.246675336573126e-004	1.843953e+000
3.256440961573126e-004	1.843952e+000
3.266206586573126e-004	1.843953e+000
3.275972211573126e-004	1.843952e+000
3.285737836573126e-004	1.843952e+000
3.295503461573126e-004	1.843952e+000
3.305269086573126e-004	1.843952e+000
3.315034711573126e-004	1.843952e+000
3.324800336573126e-004	1.843952e+000
3.334565961573126e-004	1.843952e+000
3.344331586573126e-004	1.843952e+000
3.354097211573126e-004	1.843952e+000
3.363862836573126e-004	1.843952e+000
3.373628461573126e-004	1.843952e+000
3.383394086573126e-004	1.843952e+000
3.393159711573126e-004	1.843952e+000
3.402925336573126e-004	1.843952e+000
3.412690961573126e-004	1.843952e+000
3.422456586573126e-004	1.843952e+000
3.432222211573126e-004	1.843952e+000
3.441987836573126e-004	1.843952e+000
3.451753461573126e-004	1.843952e+000
3.461519086573126e-004	1.843952e+000
3.471284711573126e-004	1.843952e+000
3.481050336573126e-004	1.843952e+000
3.490815961573126e-004	1.843952e+000
3.500581586573126e-004	1.843952e+000
3.510347211573127e-004	1.843952e+000
3.520112836573127e-004	1.843952e+000
3.529878461573127e-004	1.843952e+000
3.539644086573127e-004	1.843943e+000
3.540234375000001e-004	1.843946e+000
3.541414951853749e-004	1.843953e+000
3.543776105561246e-004	1.843952e+000
3.545277692585008e-004	1.843952e+000
3.546996825952477e-004	1.843952e+000
3.550000000000000e-004	1.843951e+000
3.550300317404753e-004	1.839879e+000
3.550900952214258e-004	1.839939e+000
3.552102221833267e-004	1.850708e+000
3.554413854459024e-004	1.876038e+000
3.557893187426234e-004	1.921125e+000
3.564851853360652e-004	2.048961e+000
3.574617478360652e-004	2.365676e+000
3.583137191749339e-004	2.891039e+000
3.586639373581313e-004	3.330063e+000
3.588869618532166e-004	3.840709e+000
3.590206578411609e-004	4.337149e+000
3.591061334312761e-004	4.819814e+000
3.591714085254648e-004	5.322746e+000
3.592192454533412e-004	5.807414e+000
3.592642836724757e-004	6.458545e+000
3.593335920693655e-004	7.645124e+000
3.594071252866672e-004	8.783838e+000
3.594976693719278e-004	9.720173e+000
3.596344069519348e-004	9.390195e+000
3.598122886238247e-004	5.992879e+000
3.600000000000000e-004	3.283448e-001
3.600013029248543e-004	3.187703e-001
3.600039087745628e-004	3.027027e-001
3.600091204739798e-004	2.824142e-001
3.600155664661610e-004	2.706375e-001
3.600235501169750e-004	2.663073e-001
3.600328828415908e-004	2.665080e-001
3.600464890241915e-004	2.695827e-001
3.600665863637996e-004	2.751647e-001
3.601040968437174e-004	2.859081e-001
3.601791178035529e-004	3.071452e-001
3.603291597232240e-004	3.450087e-001
3.605217976253583e-004	3.713926e-001
3.606506397551271e-004	3.481633e-001
3.607684190392624e-004	2.698475e-001
3.609082655277473e-004	1.309743e-001
3.609658374605033e-004	7.975257e-002
3.610173862952523e-004	4.976946e-002
3.610781710112981e-004	2.809513e-002
3.611458070791625e-004	1.364217e-002
3.611779639499891e-004	9.573050e-003
3.612195298261527e-004	6.353893e-003
3.612553217670745e-004	4.440679e-003
3.612967892203717e-004	2.947820e-003
3.613340989932940e-004	2.032995e-003
3.613754916942011e-004	1.354436e-003
3.614166148102528e-004	8.991441e-004
3.614556289129373e-004	6.105638e-004
3.614962814174447e-004	4.083119e-004
3.615344288337896e-004	2.799481e-004
3.615754006460699e-004	1.868542e-004
3.616134303263233e-004	1.284640e-004
3.616568177146008e-004	8.456144e-005
3.617059618838522e-004	5.286011e-005
3.617666471207146e-004	2.970248e-005
3.618382898536496e-004	1.513346e-005
3.619343240744826e-004	6.231152e-006
3.620584602421438e-004	2.021511e-006
3.622566856121747e-004	3.627572e-007
3.625720657217725e-004	8.251966e-009
3.632028259409682e-004	1.270432e-009
3.641793884409682e-004	2.254660e-009
3.651559509409682e-004	2.149222e-009
3.661325134409682e-004	2.212975e-009
3.708312168779727e-004	2.138652e-009
3.755299203149773e-004	2.106326e-009
3.802286237519818e-004	2.115998e-009
3.849273271889864e-004	2.167669e-009
3.896260306259909e-004	2.261337e-009
3.943247340629955e-004	2.397004e-009
3.990234375000000e-004	2.574668e-009
4.000000000000000e-004	6.314107e-005
4.000021484392367e-004	-9.789994e-004
4.000064453177101e-004	1.598882e-003
4.000150390746569e-004	2.551998e-002
4.000206907928370e-004	6.171565e-002
4.000272173911796e-004	1.345781e-001
4.000362230425038e-004	2.925651e-001
4.000542343451524e-004	7.943157e-001
4.000854067056972e-004	2.241968e+000
4.001477514267868e-004	7.297612e+000
4.002724408689661e-004	2.519064e+001
4.005218197533246e-004	8.572938e+001
4.010205775220417e-004	2.335370e+002
4.013243155910692e-004	2.960052e+002
4.015531166623074e-004	2.841757e+002
4.017151901649045e-004	2.171332e+002
4.018250718586747e-004	1.339182e+002
4.018849051890213e-004	7.497756e+001
4.019204250783582e-004	3.743118e+001
4.019398757519956e-004	1.995194e+001
4.019542572109067e-004	1.165604e+001
4.019706366637573e-004	6.725940e+000
4.019835848907134e-004	4.803176e+000
4.019977317414146e-004	3.767644e+000
4.020134783441413e-004	3.185414e+000
4.020314801421696e-004	2.865384e+000
4.020524636681618e-004	2.697486e+000
4.020787457766689e-004	2.609278e+000
4.021132715758313e-004	2.560182e+000
4.021628194890970e-004	2.522461e+000
4.022413642085450e-004	2.477078e+000
4.023938559287892e-004	2.402410e+000
4.026988393692778e-004	2.284997e+000
4.033088062502549e-004	2.117559e+000
4.040904301624760e-004	1.974237e+000
4.050000000000000e-004	1.857772e+000
4.050909569837524e-004	1.849386e+000
4.052728709512572e-004	1.844134e+000
4.056366988862669e-004	1.843912e+000
4.061371329099654e-004	1.843991e+000
4.071136954099654e-004	1.843951e+000
4.080902579099654e-004	1.843953e+000
4.090668204099654e-004	1.843951e+000
4.100433829099654e-004	1.843953e+000
4.110199454099654e-004	1.843951e+000
4.119965079099654e-004	1.843953e+000
4.129730704099654e-004	1.843951e+000
4.139496329099654e-004	1.843953e+000
4.149261954099654e-004	1.843952e+000
4.159027579099654e-004	1.843953e+000
4.168793204099654e-004	1.843952e+000
4.178558829099654e-004	1.843953e+000
4.188324454099654e-004	1.843952e+000
4.198090079099654e-004	1.843953e+000
4.207855704099654e-004	1.843952e+000
4.217621329099654e-004	1.843953e+000
4.227386954099654e-004	1.843952e+000
4.237152579099654e-004	1.843953e+000
4.246918204099654e-004	1.843952e+000
4.256683829099654e-004	1.843953e+000
4.266449454099654e-004	1.843952e+000
4.276215079099654e-004	1.843953e+000
4.285980704099654e-004	1.843952e+000
4.295746329099654e-004	1.843953e+000
4.305511954099654e-004	1.843952e+000
4.315277579099654e-004	1.843952e+000
4.325043204099654e-004	1.843952e+000
4.334808829099654e-004	1.843952e+000
4.344574454099654e-004	1.843952e+000
4.354340079099654e-004	1.843952e+000
4.364105704099654e-004	1.843952e+000
4.373871329099654e-004	1.843952e+000
4.383636954099654e-004	1.843952e+000
4.393402579099654e-004	1.843952e+000
4.403168204099654e-004	1.843952e+000
4.412933829099654e-004	1.843952e+000
4.422699454099654e-004	1.843952e+000
4.432465079099654e-004	1.843952e+000
4.442230704099654e-004	1.843952e+000
4.451996329099654e-004	1.843952e+000
4.461761954099654e-004	1.843952e+000
4.471527579099654e-004	1.843952e+000
4.481293204099654e-004	1.843952e+000
4.491058829099654e-004	1.843952e+000
4.500824454099654e-004	1.843952e+000
4.510590079099654e-004	1.843952e+000
4.520355704099654e-004	1.843952e+000
4.530121329099654e-004	1.843952e+000
4.539886954099654e-004	1.843969e+000
4.540234375000001e-004	1.843964e+000
4.540929216800694e-004	1.843952e+000
4.542318900402080e-004	1.843952e+000
4.545098267604852e-004	1.843952e+000
4.550000000000000e-004	1.843952e+000
4.550490173239515e-004	1.840917e+000
4.551470519718544e-004	1.845014e+000
4.553431212676604e-004	1.864919e+000
4.556527027489390e-004	1.902621e+000
4.562623431421795e-004	2.002999e+000
4.572389056421795e-004	2.281670e+000
4.582154681421795e-004	2.800053e+000
4.585947332858337e-004	3.211875e+000
4.588388450526002e-004	3.700066e+000
4.589842521267989e-004	4.169894e+000
4.590760898362072e-004	4.623478e+000
4.591473012505913e-004	5.113898e+000
4.591985099654719e-004	5.580615e+000
4.592453521723156e-004	6.159078e+000
4.592972626924278e-004	7.001126e+000
4.593686976137317e-004	8.212460e+000
4.594460225622491e-004	9.271117e+000
4.595554769523737e-004	9.892279e+000
4.597230730028225e-004	7.430519e+000
4.598037980782569e-004	4.993678e+000
4.598385498491312e-004	4.012664e+000
4.599080533908798e-004	2.366336e+000
4.600000000000000e-004	3.311637e-001
4.600016654642113e-004	3.183841e-001
4.600049963926338e-004	2.992320e-001
4.600116582494788e-004	2.775373e-001
4.600180489312957e-004	2.688952e-001
4.600268406120599e-004	2.665276e-001
4.600365343087542e-004	2.676482e-001
4.600531040949587e-004	2.718626e-001
4.600760642044840e-004	2.783473e-001
4.601219844235346e-004	2.914959e-001
4.602138248616358e-004	3.170549e-001
4.603975057378382e-004	3.597081e-001
4.605503580267719e-004	3.722826e-001
4.606668422615545e-004	3.398149e-001
4.607933324657244e-004	2.454178e-001
4.609313368008607e-004	1.083675e-001
4.609817589477196e-004	6.745185e-002
4.610366985650195e-004	4.056449e-002
4.610969916136597e-004	2.270769e-002
4.611646793649479e-004	1.100995e-002
4.611975201203433e-004	7.706659e-003
4.612468878449126e-004	4.739485e-003
4.612829123168944e-004	3.272469e-003
4.613225087401128e-004	2.209551e-003
4.613578456113101e-004	1.555708e-003
4.613976258969522e-004	1.057372e-003
4.614410447641766e-004	6.883106e-004
4.614807974727221e-004	4.649636e-004
4.615274509429374e-004	2.965707e-004
4.615789573968813e-004	1.812501e-004
4.616449590476391e-004	9.714426e-005
4.617225998864861e-004	4.687849e-005
4.618303510653489e-004	1.750718e-005
4.619724179275094e-004	4.850011e-006
4.622110119609689e-004	6.133344e-007
4.626166401022506e-004	-2.762316e-008
4.634278963848139e-004	5.026956e-009
4.644044588848139e-004	1.221121e-009
4.653810213848139e-004	2.829666e-009
4.663575838848139e-004	1.775284e-009
4.673341463848139e-004	2.461858e-009
4.683107088848139e-004	2.015585e-009
4.692872713848139e-004	2.309831e-009
4.702638338848139e-004	2.118571e-009
4.712403963848139e-004	2.241174e-009
4.722169588848139e-004	2.152900e-009
4.731935213848139e-004	2.201941e-009
4.985841463848139e-004	5.786572e-009
4.991214177696279e-004	-1.246295e-008
4.996080789214886e-004	-3.576964e-010
5.000000000000000e-004	-2.223931e-004
5.000008622273074e-004	-6.975544e-004
5.000025866819222e-004	-1.640573e-003
5.000043572481698e-004	-2.213748e-003
5.000059743803478e-004	-1.911060e-003
5.000086541840724e-004	8.081664e-004
5.000117741261499e-004	8.453970e-003
5.000164492320353e-004	3.055226e-002
5.000221819684327e-004	7.763991e-002
5.000308514476455e-004	1.929166e-001
5.000429355880262e-004	4.465937e-001
5.000639165299136e-004	1.154679e+000
5.001030518204027e-004	3.369776e+000
5.001813224013808e-004	1.110037e+001
5.003378635633372e-004	3.820448e+001
5.006509458872499e-004	1.198766e+002
5.009942177298995e-004	2.251094e+002
5.012442130572663e-004	2.879735e+002
5.014788368454785e-004	2.991142e+002
5.016741681818237e-004	2.408982e+002
5.018211433621243e-004	1.393839e+002
5.018908591972232e-004	7.126179e+001
5.019284735874327e-004	3.234864e+001
5.019472348911499e-004	1.707853e+001
5.019630302713836e-004	9.553738e+000
5.019804075789387e-004	5.605615e+000
5.019942003043341e-004	4.154544e+000
5.020106289324542e-004	3.344341e+000
5.020259912396480e-004	2.975029e+000
5.020467517876945e-004	2.747406e+000
5.020692715447486e-004	2.638142e+000
5.021018184614483e-004	2.574396e+000
5.021420600542475e-004	2.536511e+000
5.022093886178847e-004	2.494631e+000
5.023150416999204e-004	2.438903e+000
5.025263478639916e-004	2.346501e+000
5.029489601921341e-004	2.209519e+000
5.037941848484190e-004	2.014022e+000
5.041198323355331e-004	1.958124e+000
5.043487050257719e-004	1.927471e+000
5.045422546195225e-004	1.904181e+000
5.046129008124988e-004	1.896315e+000
5.047541931984514e-004	1.881726e+000
5.050000000000000e-004	1.857822e+000
5.050245806801549e-004	1.851191e+000
5.050737420404645e-004	1.845377e+000
5.051720647610840e-004	1.843800e+000
5.053687102023229e-004	1.843981e+000
5.056577674316772e-004	1.843932e+000
5.062358818903859e-004	1.843959e+000
5.072124443903859e-004	1.843952e+000
5.081890068903859e-004	1.843952e+000
5.091655693903859e-004	1.843952e+000
5.101421318903859e-004	1.843952e+000
5.111186943903859e-004	1.843952e+000
5.120952568903859e-004	1.843953e+000
5.130718193903859e-004	1.843952e+000
5.140483818903859e-004	1.843953e+000
5.150249443903859e-004	1.843952e+000
5.160015068903859e-004	1.843952e+000
5.169780693903859e-004	1.843952e+000
5.179546318903859e-004	1.843952e+000
5.189311943903859e-004	1.843952e+000
5.199077568903859e-004	1.843952e+000
5.208843193903859e-004	1.843952e+000
5.218608818903859e-004	1.843952e+000
5.228374443903859e-004	1.843952e+000
5.238140068903859e-004	1.843952e+000
5.247905693903859e-004	1.843952e+000
5.257671318903859e-004	1.843952e+000
5.267436943903859e-004	1.843952e+000
5.277202568903859e-004	1.843952e+000
5.286968193903859e-004	1.843952e+000
5.296733818903859e-004	1.843952e+000
5.306499443903859e-004	1.843952e+000
5.316265068903859e-004	1.843952e+000
5.326030693903859e-004	1.843952e+000
5.335796318903859e-004	1.843952e+000
5.345561943903859e-004	1.843952e+000
5.355327568903859e-004	1.843952e+000
5.365093193903859e-004	1.843952e+000
5.374858818903859e-004	1.843952e+000
5.384624443903859e-004	1.843952e+000
5.394390068903859e-004	1.843952e+000
5.404155693903859e-004	1.843952e+000
5.413921318903859e-004	1.843952e+000
5.423686943903859e-004	1.843952e+000
5.433452568903859e-004	1.843952e+000
5.443218193903859e-004	1.843952e+000
5.452983818903859e-004	1.843952e+000
5.462749443903859e-004	1.843952e+000
5.472515068903859e-004	1.843952e+000
5.482280693903859e-004	1.843952e+000
5.492046318903859e-004	1.843952e+000
5.501811943903859e-004	1.843952e+000
5.511577568903859e-004	1.843952e+000
5.521343193903859e-004	1.843952e+000
5.531108818903859e-004	1.843952e+000
5.540874443903859e-004	1.843952e+000
5.550000000000001e-004	1.843945e+000
5.550912555609615e-004	1.844376e+000
5.552737666828843e-004	1.857986e+000
5.556387889267299e-004	1.900505e+000
5.561264304204008e-004	1.976750e+000
5.571017134077426e-004	2.228449e+000
5.580782759077426e-004	2.700231e+000
5.585625657752229e-004	3.182877e+000
5.588380948718387e-004	3.717735e+000
5.590040244063872e-004	4.282839e+000
5.591068425278604e-004	4.850183e+000
5.591795644400712e-004	5.426901e+000
5.592312040725141e-004	5.985823e+000
5.592804453729053e-004	6.727626e+000
5.593493927804689e-004	7.907613e+000
5.594240641673924e-004	9.015333e+000
5.595221976064151e-004	9.866802e+000
5.596802093110782e-004	8.584976e+000
5.598179062611516e-004	5.519402e+000
5.600000000000001e-004	3.262167e-001
5.600012898034958e-004	3.172415e-001
5.600038694104873e-004	3.018478e-001
5.600090286244703e-004	2.822204e-001
5.600155544130311e-004	2.705758e-001
5.600235550482526e-004	2.663662e-001
5.600329999579152e-004	2.666453e-001
5.600466427409001e-004	2.697584e-001
5.600670624947682e-004	2.754408e-001
5.601050156719864e-004	2.863101e-001
5.601809220264227e-004	3.077804e-001
5.603327347352956e-004	3.459686e-001
5.605217662564815e-004	3.715996e-001
5.606495922830313e-004	3.484636e-001
5.607675634319638e-004	2.701010e-001
5.609074917498302e-004	1.312122e-001
5.609651925917488e-004	7.985087e-002
5.610168518838580e-004	4.978521e-002
5.610777528030146e-004	2.800064e-002
5.611431297323138e-004	1.393209e-002
5.611757863624753e-004	9.757645e-003
5.612179056171764e-004	6.440113e-003
5.612541315941841e-004	4.479979e-003
5.612959711588757e-004	2.962194e-003
5.613335395993584e-004	2.036692e-003
5.613748340756911e-004	1.357759e-003
5.614159480022034e-004	9.014741e-004
5.614548757456281e-004	6.127380e-004
5.614956750446011e-004	4.091629e-004
5.615336553403087e-004	2.810056e-004
5.615749309344732e-004	1.882061e-004
5.616206174028657e-004	1.212760e-004
5.616753982268238e-004	7.189587e-005
5.617398049355216e-004	3.909027e-005
5.618230509022726e-004	1.796329e-005
5.619281971979992e-004	6.849736e-006
5.620854026272473e-004	1.707672e-006
5.623196709984697e-004	1.938019e-007
5.627882077409145e-004	-6.504472e-009
5.637252812258040e-004	2.847903e-009
5.647018437258040e-004	1.878271e-009
5.656784062258040e-004	2.390749e-009
5.666549687258040e-004	2.057270e-009
5.676315312258040e-004	2.277955e-009
5.686080937258040e-004	2.133284e-009
5.695846562258040e-004	2.228914e-009
5.705612187258040e-004	2.167612e-009
5.996826246128634e-004	3.214250e-009
6.000000000000001e-004	9.354473e-005
6.000006982264376e-004	-4.912297e-004
6.000020946793126e-004	-1.437401e-003
6.000034116227704e-004	-2.065948e-003
6.000046449888640e-004	-2.233151e-003
6.000069669917046e-004	-1.254447e-003
6.000095451632639e-004	2.500023e-003
6.000135187374191e-004	1.505080e-002
6.000181775917631e-004	4.238691e-002
6.000252239094947e-004	1.118437e-001
6.000344782851087e-004	2.578097e-001
6.000497067768081e-004	6.360511e-001
6.000745549383404e-004	1.636602e+000
6.001242512614051e-004	5.041337e+000
6.002236439075345e-004	1.698038e+001
6.004224291997933e-004	5.830533e+001
6.008199997843109e-004	1.716522e+002
6.010786515295776e-004	2.493331e+002
6.013286703511288e-004	2.991359e+002
6.015673349993490e-004	2.826388e+002
6.017263933725365e-004	2.130401e+002
6.018327232316932e-004	1.299791e+002
6.018906449664611e-004	7.197126e+001
6.019252866074577e-004	3.539394e+001
6.019433344124136e-004	1.946757e+001
6.019580242903611e-004	1.123979e+001
6.019743414402731e-004	6.526289e+000
6.019869820010703e-004	4.727107e+000
6.020011545325449e-004	3.727958e+000
6.020168940015548e-004	3.165079e+000
6.020351267651601e-004	2.852318e+000
6.020562001538420e-004	2.690097e+000
6.020828659501666e-004	2.604442e+000
6.021177457294243e-004	2.556689e+000
6.021683976411864e-004	2.518996e+000
6.022482476902698e-004	2.473351e+000
6.024073965886026e-004	2.396383e+000
6.027256943852682e-004	2.276176e+000
6.033622899785993e-004	2.105510e+000
6.041306047479935e-004	1.967475e+000
6.050000000000001e-004	1.857836e+000
6.050869395252007e-004	1.849446e+000
6.052608185756020e-004	1.844150e+000
6.056085766764047e-004	1.843909e+000
6.060910749903358e-004	1.843994e+000
6.070560716181982e-004	1.843951e+000
6.080326341181982e-004	1.843953e+000
6.090091966181982e-004	1.843951e+000
6.099857591181982e-004	1.843953e+000
6.109623216181982e-004	1.843951e+000
6.119388841181982e-004	1.843953e+000
6.129154466181982e-004	1.843951e+000
6.138920091181982e-004	1.843953e+000
6.148685716181982e-004	1.843952e+000
6.158451341181982e-004	1.843953e+000
6.168216966181982e-004	1.843952e+000
6.177982591181982e-004	1.843953e+000
6.187748216181982e-004	1.843952e+000
6.197513841181982e-004	1.843953e+000
6.207279466181982e-004	1.843952e+000
6.217045091181982e-004	1.843953e+000
6.226810716181982e-004	1.843952e+000
6.236576341181982e-004	1.843953e+000
6.246341966181982e-004	1.843952e+000
6.256107591181982e-004	1.843953e+000
6.265873216181982e-004	1.843952e+000
6.275638841181982e-004	1.843953e+000
6.285404466181982e-004	1.843952e+000
6.295170091181982e-004	1.843953e+000
6.304935716181982e-004	1.843952e+000
6.314701341181982e-004	1.843952e+000
6.324466966181982e-004	1.843952e+000
6.334232591181982e-004	1.843952e+000
6.343998216181982e-004	1.843952e+000
6.353763841181982e-004	1.843952e+000
6.363529466181982e-004	1.843952e+000
6.373295091181982e-004	1.843952e+000
6.383060716181982e-004	1.843952e+000
6.392826341181982e-004	1.843952e+000
6.402591966181982e-004	1.843952e+000
6.412357591181982e-004	1.843952e+000
6.422123216181982e-004	1.843952e+000
6.431888841181982e-004	1.843952e+000
6.441654466181982e-004	1.843952e+000
6.451420091181982e-004	1.843952e+000
6.461185716181982e-004	1.843952e+000
6.470951341181982e-004	1.843952e+000
6.480716966181982e-004	1.843952e+000
6.490482591181982e-004	1.843952e+000
6.500248216181982e-004	1.843952e+000
6.510013841181982e-004	1.843952e+000
6.519779466181982e-004	1.843952e+000
6.529545091181982e-004	1.843952e+000
6.539310716181982e-004	1.843961e+000
6.540234375000001e-004	1.843958e+000
6.542081692636039e-004	1.843951e+000
6.545776327908114e-004	1.843952e+000
6.550000000000001e-004	1.843960e+000
6.550422367209189e-004	1.840481e+000
6.551267101627566e-004	1.843113e+000
6.552956570464321e-004	1.859726e+000
6.555766193290495e-004	1.892598e+000
6.560878835398171e-004	1.970869e+000
6.570644460398171e-004	2.215413e+000
6.580410085398171e-004	2.675723e+000
6.585548697246477e-004	3.175851e+000
6.588364656200604e-004	3.718106e+000
6.590070443047617e-004	4.302883e+000
6.591122889562046e-004	4.891880e+000
6.591838850343365e-004	5.473331e+000
6.592355383497298e-004	6.044329e+000
6.592839839050954e-004	6.786140e+000
6.593541222363294e-004	7.990111e+000
6.594296283199716e-004	9.086497e+000
6.595299256345667e-004	9.901010e+000
6.596957579539125e-004	8.231296e+000
6.598166619280598e-004	5.434411e+000
6.600000000000001e-004	3.254754e-001
6.600012802206035e-004	3.167178e-001
6.600038406618103e-004	3.015815e-001
6.600089615442238e-004	2.822033e-001
6.600155167313897e-004	2.705521e-001
6.600235108268446e-004	2.663545e-001
6.600329907199991e-004	2.666463e-001
6.600466076270416e-004	2.697568e-001
6.600671054809819e-004	2.754629e-001
6.601050538361218e-004	2.863303e-001
6.601809505464017e-004	3.077975e-001
6.603327439669614e-004	3.459784e-001
6.605217594807681e-004	3.715992e-001
6.606495855473768e-004	3.484514e-001
6.607675589082422e-004	2.700758e-001
6.609074789789175e-004	1.311941e-001
6.609651884968652e-004	7.983051e-002
6.610168511318160e-004	4.976930e-002
6.610777486627968e-004	2.799289e-002
6.611431536444430e-004	1.392460e-002
6.611758302946497e-004	9.749980e-003
6.612179524031894e-004	6.434695e-003
6.612541714413235e-004	4.476475e-003
6.612960002787920e-004	2.960187e-003
6.613335568589532e-004	2.035574e-003
6.613748493802590e-004	1.357068e-003
6.614159703295839e-004	9.009507e-004
6.614548917657249e-004	6.124195e-004
6.614957001995873e-004	4.089126e-004
6.615336678675325e-004	2.808698e-004
6.615749642217422e-004	1.881454e-004
6.616210922196464e-004	1.207960e-004
6.616765388873082e-004	7.117897e-005
6.617418575155917e-004	3.838174e-005
6.618264794389174e-004	1.742606e-005
6.619337869963649e-004	6.524031e-006
6.620952204604027e-004	1.571821e-006
6.623379212647246e-004	1.601418e-007
6.628233228733683e-004	-6.752946e-009
6.637941260906559e-004	2.755179e-009
6.647706885906559e-004	1.846394e-009
6.657472510906559e-004	2.425078e-009
6.667238135906559e-004	2.045010e-009
6.677003760906559e-004	2.290215e-009
6.686769385906559e-004	2.125928e-009
6.696535010906559e-004	2.228914e-009
6.706300635906559e-004	2.160256e-009
6.747488839285715e-004	2.452318e-009
6.788677042664871e-004	2.556779e-009
6.829865246044027e-004	2.473639e-009
6.871053449423182e-004	2.202897e-009
6.912241652802338e-004	1.744554e-009
6.953429856181494e-004	1.098609e-009
6.994618059560650e-004	2.650631e-010
7.000000000000001e-004	-9.530471e-005
7.000011840279876e-004	-8.224658e-004
7.000035520839628e-004	-1.806640e-003
7.000063247831432e-004	-1.537430e-003
7.000088824807597e-004	1.183437e-003
7.000122071670606e-004	9.785105e-003
7.000165543627834e-004	3.121671e-002
7.000227517358808e-004	8.358450e-002
7.000312312601222e-004	1.994492e-001
7.000441314160670e-004	4.770283e-001
7.000650340573816e-004	1.203417e+000
7.001068393400109e-004	3.663867e+000
7.001904499052697e-004	1.230674e+001
7.003576710357870e-004	4.266600e+001
7.006921132968218e-004	1.318306e+002
7.010006054217198e-004	2.268184e+002
7.012457485071696e-004	2.883981e+002
7.014833162160567e-004	2.986506e+002
7.016782138808490e-004	2.389260e+002
7.018256135831830e-004	1.354965e+002
7.018941643490778e-004	6.792046e+001
7.019308096488514e-004	3.044510e+001
7.019486699755123e-004	1.643366e+001
7.019649372899247e-004	9.094952e+000
7.019824967659516e-004	5.382109e+000
7.019967251523751e-004	4.008140e+000
7.020127931618602e-004	3.284917e+000
7.020286229125315e-004	2.939216e+000
7.020495225585410e-004	2.730761e+000
7.020730670972364e-004	2.628039e+000
7.021062796992019e-004	2.569100e+000
7.021488190763476e-004	2.531797e+000
7.022192654849107e-004	2.489061e+000
7.023345143555877e-004	2.429453e+000
7.025650120969419e-004	2.331674e+000
7.030260075796503e-004	2.188954e+000
7.039265003579099e-004	1.989347e+000
7.041065262063680e-004	1.959724e+000
7.044665779032843e-004	1.915262e+000
7.050000000000000e-004	1.857353e+000
7.050533422096716e-004	1.849769e+000
7.051600266290148e-004	1.844398e+000
7.053733954677010e-004	1.843856e+000
7.057062142818696e-004	1.844012e+000
7.063718519102066e-004	1.843936e+000
7.073484144102066e-004	1.843953e+000
7.083249769102066e-004	1.843951e+000
7.093015394102066e-004	1.843953e+000
7.102781019102066e-004	1.843951e+000
7.112546644102066e-004	1.843953e+000
7.122312269102066e-004	1.843951e+000
7.132077894102066e-004	1.843953e+000
7.141843519102066e-004	1.843952e+000
7.151609144102066e-004	1.843953e+000
7.161374769102066e-004	1.843952e+000
7.171140394102066e-004	1.843953e+000
7.180906019102066e-004	1.843952e+000
7.190671644102066e-004	1.843953e+000
7.200437269102066e-004	1.843952e+000
7.210202894102066e-004	1.843953e+000
7.219968519102066e-004	1.843952e+000
7.229734144102066e-004	1.843953e+000
7.239499769102066e-004	1.843952e+000
7.249265394102066e-004	1.843953e+000
7.259031019102066e-004	1.843952e+000
7.268796644102066e-004	1.843953e+000
7.278562269102066e-004	1.843952e+000
7.288327894102066e-004	1.843953e+000
7.298093519102066e-004	1.843952e+000
7.307859144102066e-004	1.843952e+000
7.317624769102066e-004	1.843952e+000
7.327390394102066e-004	1.843952e+000
7.337156019102066e-004	1.843952e+000
7.346921644102066e-004	1.843952e+000
7.356687269102066e-004	1.843952e+000
7.366452894102066e-004	1.843952e+000
7.376218519102066e-004	1.843952e+000
7.385984144102066e-004	1.843952e+000
7.395749769102066e-004	1.843952e+000
7.405515394102066e-004	1.843952e+000
7.415281019102066e-004	1.843952e+000
7.425046644102066e-004	1.843952e+000
7.434812269102066e-004	1.843952e+000
7.444577894102066e-004	1.843952e+000
7.454343519102066e-004	1.843952e+000
7.464109144102066e-004	1.843952e+000
7.473874769102066e-004	1.843952e+000
7.483640394102066e-004	1.843952e+000
7.493406019102066e-004	1.843952e+000
7.503171644102066e-004	1.843952e+000
7.512937269102066e-004	1.843952e+000
7.522702894102066e-004	1.843952e+000
7.532468519102066e-004	1.843952e+000
7.540234375000000e-004	1.843953e+000
7.550000000000000e-004	1.843980e+000
7.550976562500000e-004	1.844973e+000
7.552929687500000e-004	1.860083e+000
7.556835937500000e-004	1.906445e+000
7.561962908455272e-004	1.989146e+000
7.571728533455272e-004	2.255073e+000
7.581494158455272e-004	2.747300e+000
7.585699739265775e-004	3.182372e+000
7.588336552654081e-004	3.695263e+000
7.589903208257030e-004	4.207080e+000
7.590882756104789e-004	4.711501e+000
7.591612333657255e-004	5.241210e+000
7.592123991085032e-004	5.741815e+000
7.592602358126224e-004	6.412670e+000
7.593288993093991e-004	7.584079e+000
7.594065067788937e-004	8.784407e+000
7.594938222361236e-004	9.692743e+000
7.596296289857418e-004	9.441698e+000
7.598056245337692e-004	6.194697e+000
7.600000000000000e-004	3.283863e-001
7.600012907711719e-004	3.187895e-001
7.600038723135155e-004	3.027818e-001
7.600090353982026e-004	2.825875e-001
7.600154894771097e-004	2.706975e-001
7.600234466410544e-004	2.663061e-001
7.600327766248725e-004	2.664774e-001
7.600462989091481e-004	2.695186e-001
7.600663375185533e-004	2.750807e-001
7.601035229018298e-004	2.857302e-001
7.601778936683831e-004	3.067922e-001
7.603266352014896e-004	3.443960e-001
7.605217332826207e-004	3.712442e-001
7.606512737038956e-004	3.478625e-001
7.607689455697453e-004	2.694757e-001
7.609086832138897e-004	1.306519e-001
7.609661733719310e-004	7.955628e-002
7.610176606557850e-004	4.966309e-002
7.610783388334310e-004	2.812112e-002
7.611479280550149e-004	1.337064e-002
7.611797487145098e-004	9.388791e-003
7.612208765488167e-004	6.258757e-003
7.612562818289045e-004	4.392075e-003
7.612973946599245e-004	2.926416e-003
7.613344441026885e-004	2.024346e-003
7.613759127020774e-004	1.348140e-003
7.614170635947810e-004	8.946803e-004
7.614561322058252e-004	6.071467e-004
7.614966901888683e-004	4.064099e-004
7.615349359373323e-004	2.783696e-004
7.615757266666713e-004	1.861032e-004
7.616137271436752e-004	1.277802e-004
7.616546772924379e-004	8.550058e-005
7.616951112913739e-004	5.759964e-005
7.617422117781490e-004	3.663598e-005
7.617960436095819e-004	2.194350e-005
7.618641489081539e-004	1.153187e-005
7.619455542358660e-004	5.393975e-006
7.620600069999077e-004	1.905101e-006
7.622128253994715e-004	4.827679e-007
7.624792463304587e-004	4.866818e-008
7.629446002296673e-004	-1.478586e-009
7.638753080280845e-004	2.514639e-009
7.648518705280845e-004	2.013133e-009
7.658284330280845e-004	2.301249e-009
7.668049955280845e-004	2.113667e-009
7.677815580280845e-004	2.238722e-009
7.687581205280845e-004	2.157804e-009
7.697346830280845e-004	2.210523e-009
7.990315580280845e-004	2.191974e-009
8.000000000000000e-004	-4.339249e-005
8.000021305741226e-004	-1.015516e-003
8.000063917223675e-004	1.491841e-003
8.000149140188574e-004	2.478101e-002
8.000205081035369e-004	6.009807e-002
8.000269973687389e-004	1.316448e-001
8.000359101252287e-004	2.862439e-001
8.000537356382082e-004	7.766442e-001
8.000842368988854e-004	2.172389e+000
8.001452394202399e-004	7.037969e+000
8.002672444629487e-004	2.424900e+001
8.005112545483664e-004	8.266590e+001
8.009992747192018e-004	2.276413e+002
8.012978523523493e-004	2.937405e+002
8.015297126510022e-004	2.898433e+002
8.016998158495935e-004	2.262823e+002
8.018243291154852e-004	1.348422e+002
8.018874270560701e-004	7.281639e+001
8.019235013292749e-004	3.501425e+001
8.019422584677623e-004	1.878727e+001
8.019571939132374e-004	1.077236e+001
8.019738819100459e-004	6.244480e+000
8.019864172203794e-004	4.584077e+000
8.020006946073285e-004	3.651304e+000
8.020164701209897e-004	3.127726e+000
8.020351422808972e-004	2.831743e+000
8.020565660930050e-004	2.680162e+000
8.020840884544449e-004	2.599535e+000
8.021199648047974e-004	2.554051e+000
8.021730861917833e-004	2.516035e+000
8.022572685190694e-004	2.468582e+000
8.024256331736416e-004	2.388421e+000
8.027623624827860e-004	2.264480e+000
8.034358211010749e-004	2.088602e+000
8.041333507263025e-004	1.965668e+000
8.050000000000001e-004	1.857799e+000
8.050866649273698e-004	1.849434e+000
8.052599947821093e-004	1.844150e+000
8.056066544915884e-004	1.843909e+000
8.060879569869683e-004	1.843994e+000
8.070505619777282e-004	1.843951e+000
8.080271244777282e-004	1.843953e+000
8.090036869777282e-004	1.843951e+000
8.099802494777282e-004	1.843953e+000
8.109568119777282e-004	1.843951e+000
8.119333744777282e-004	1.843953e+000
8.129099369777282e-004	1.843951e+000
8.138864994777282e-004	1.843953e+000
8.148630619777282e-004	1.843951e+000
8.158396244777282e-004	1.843953e+000
8.168161869777282e-004	1.843952e+000
8.177927494777282e-004	1.843953e+000
8.187693119777282e-004	1.843952e+000
8.197458744777282e-004	1.843953e+000
8.207224369777282e-004	1.843952e+000
8.216989994777282e-004	1.843953e+000
8.226755619777282e-004	1.843952e+000
8.236521244777282e-004	1.843953e+000
8.246286869777282e-004	1.843952e+000
8.256052494777282e-004	1.843953e+000
8.265818119777282e-004	1.843952e+000
8.275583744777282e-004	1.843953e+000
8.285349369777282e-004	1.843952e+000
8.295114994777282e-004	1.843953e+000
8.304880619777282e-004	1.843952e+000
8.314646244777282e-004	1.843952e+000
8.324411869777282e-004	1.843952e+000
8.334177494777282e-004	1.843952e+000
8.343943119777282e-004	1.843952e+000
8.353708744777282e-004	1.843952e+000
8.363474369777282e-004	1.843952e+000
8.373239994777282e-004	1.843952e+000
8.383005619777282e-004	1.843952e+000
8.392771244777282e-004	1.843952e+000
8.402536869777282e-004	1.843952e+000
8.412302494777282e-004	1.843952e+000
8.422068119777282e-004	1.843952e+000
8.431833744777282e-004	1.843952e+000
8.441599369777282e-004	1.843952e+000
8.451364994777282e-004	1.843952e+000
8.461130619777282e-004	1.843952e+000
8.470896244777282e-004	1.843952e+000
8.480661869777282e-004	1.843952e+000
8.490427494777282e-004	1.843952e+000
8.500193119777282e-004	1.843952e+000
8.509958744777282e-004	1.843952e+000
8.519724369777282e-004	1.843952e+000
8.529489994777282e-004	1.843952e+000
8.539255619777282e-004	1.843961e+000
8.540234375000001e-004	1.843958e+000
8.542191885445438e-004	1.843951e+000
8.546106906336313e-004	1.843952e+000
8.550000000000001e-004	1.843961e+000
8.550389309366369e-004	1.840290e+000
8.551167928099107e-004	1.842216e+000
8.552725165564581e-004	1.857242e+000
8.555397410158525e-004	1.887933e+000
8.560049871074831e-004	1.956174e+000
8.569354792907441e-004	2.171351e+000
8.579120417907441e-004	2.592379e+000
8.585065365910495e-004	3.111773e+000
8.588027926024932e-004	3.630111e+000
8.589850578059276e-004	4.205031e+000
8.590965438505682e-004	4.785779e+000
8.591733443090542e-004	5.370235e+000
8.592257350577723e-004	5.915401e+000
8.592741027164139e-004	6.629575e+000
8.593441139739966e-004	7.830808e+000
8.594197728209519e-004	8.960860e+000
8.595142311577400e-004	9.824788e+000
8.596660189042340e-004	8.885914e+000
8.598198089478477e-004	5.576304e+000
8.600000000000001e-004	3.269692e-001
8.600013021738269e-004	3.178110e-001
8.600039065214804e-004	3.021453e-001
8.600091152167874e-004	2.822180e-001
8.600156065331316e-004	2.705931e-001
8.600236174356044e-004	2.663762e-001
8.600330227065656e-004	2.666443e-001
8.600467045185396e-004	2.697639e-001
8.600670421075723e-004	2.754217e-001
8.601050372879259e-004	2.863036e-001
8.601810276486332e-004	3.077972e-001
8.603330083700477e-004	3.460226e-001
8.605217986536908e-004	3.716155e-001
8.606495508572538e-004	3.485065e-001
8.607675331759896e-004	2.701621e-001
8.609074821875050e-004	1.312605e-001
8.609651846897044e-004	7.988777e-002
8.610168474166984e-004	4.980927e-002
8.610777622037919e-004	2.800445e-002
8.611429260768650e-004	1.396538e-002
8.611756000461204e-004	9.782197e-003
8.612177601797112e-004	6.453831e-003
8.612540287073978e-004	4.487543e-003
8.612959105594054e-004	2.965896e-003
8.613335132555810e-004	2.038440e-003
8.613748024468835e-004	1.358927e-003
8.614159076764398e-004	9.023317e-004
8.614548354494177e-004	6.133277e-004
8.614956371095585e-004	4.095469e-004
8.615336168955424e-004	2.812708e-004
8.615748966226969e-004	1.883789e-004
8.616206010560950e-004	1.213705e-004
8.616754252328685e-004	7.192304e-005
8.617398670610637e-004	3.909267e-005
8.618232020318337e-004	1.795035e-005
8.619284361925733e-004	6.839540e-006
8.620858978435049e-004	1.701725e-006
8.623205366628871e-004	1.920413e-007
8.627898143016514e-004	-6.542070e-009
8.637283695791800e-004	2.838129e-009
8.647049320791800e-004	1.878271e-009
8.656814945791800e-004	2.398105e-009
8.666580570791800e-004	2.059722e-009
8.676346195791800e-004	2.282859e-009
8.686111820791800e-004	2.138188e-009
8.695877445791800e-004	2.228914e-009
8.705643070791800e-004	2.165160e-009
8.997320382668792e-004	1.878700e-009
9.000000000000001e-004	9.487036e-005
9.000005895163127e-004	-4.193769e-004
9.000017685489379e-004	-1.267078e-003
9.000028311364346e-004	-1.860348e-003
9.000038400487367e-004	-2.170522e-003
9.000058578733408e-004	-1.962909e-003
9.000081191642583e-004	5.405606e-005
9.000116024696172e-004	7.835443e-003
9.000156530207891e-004	2.581804e-002
9.000216941434017e-004	7.263885e-002
9.000294511710167e-004	1.708297e-001
9.000417144112736e-004	4.153896e-001
9.000604703170861e-004	1.015788e+000
9.000979821287111e-004	3.037874e+000
9.001730057519612e-004	1.011807e+001
9.003230529984612e-004	3.510810e+001
9.006231474914612e-004	1.121340e+002
9.009944520684250e-004	2.253658e+002
9.012539891535294e-004	2.892954e+002
9.014881201984328e-004	2.978106e+002
9.016789140696785e-004	2.381497e+002
9.018262003246841e-004	1.343527e+002
9.018942372213667e-004	6.723291e+001
9.019306586299535e-004	3.010526e+001
9.019483317869663e-004	1.633832e+001
9.019646837064825e-004	9.027892e+000
9.019822732132634e-004	5.349765e+000
9.019965626068068e-004	3.987972e+000
9.020125892635285e-004	3.276619e+000
9.020284922233452e-004	2.934391e+000
9.020494254889711e-004	2.728648e+000
9.020731293141681e-004	2.626913e+000
9.021064639370365e-004	2.568637e+000
9.021493713860236e-004	2.531386e+000
9.022203580634292e-004	2.488458e+000
9.023372685632064e-004	2.428150e+000
9.025710895627609e-004	2.329417e+000
9.030387315618698e-004	2.185486e+000
9.039357584242562e-004	1.987503e+000
9.040998034941524e-004	1.960481e+000
9.044278936339449e-004	1.919779e+000
9.050000000000001e-004	1.857338e+000
9.050572106366056e-004	1.849679e+000
9.051716319098167e-004	1.844349e+000
9.054004744562387e-004	1.843865e+000
9.057503224327156e-004	1.844010e+000
9.064500183856693e-004	1.843938e+000
9.074265808856693e-004	1.843953e+000
9.084031433856693e-004	1.843951e+000
9.093797058856693e-004	1.843953e+000
9.103562683856693e-004	1.843951e+000
9.113328308856693e-004	1.843953e+000
9.123093933856694e-004	1.843951e+000
9.132859558856694e-004	1.843953e+000
9.142625183856694e-004	1.843952e+000
9.152390808856694e-004	1.843953e+000
9.162156433856694e-004	1.843952e+000
9.171922058856694e-004	1.843953e+000
9.181687683856694e-004	1.843952e+000
9.191453308856694e-004	1.843953e+000
9.201218933856694e-004	1.843952e+000
9.210984558856694e-004	1.843953e+000
9.220750183856694e-004	1.843952e+000
9.230515808856694e-004	1.843953e+000
9.240281433856694e-004	1.843952e+000
9.250047058856694e-004	1.843953e+000
9.259812683856694e-004	1.843952e+000
9.269578308856694e-004	1.843953e+000
9.279343933856694e-004	1.843952e+000
9.289109558856694e-004	1.843953e+000
9.298875183856694e-004	1.843952e+000
9.308640808856694e-004	1.843952e+000
9.318406433856694e-004	1.843952e+000
9.328172058856694e-004	1.843952e+000
9.337937683856694e-004	1.843952e+000
9.347703308856694e-004	1.843952e+000
9.357468933856694e-004	1.843952e+000
9.367234558856694e-004	1.843952e+000
9.377000183856694e-004	1.843952e+000
9.386765808856694e-004	1.843952e+000
9.396531433856694e-004	1.843952e+000
9.406297058856694e-004	1.843952e+000
9.416062683856694e-004	1.843952e+000
9.425828308856694e-004	1.843952e+000
9.435593933856694e-004	1.843952e+000
9.445359558856694e-004	1.843952e+000
9.455125183856694e-004	1.843952e+000
9.464890808856694e-004	1.843952e+000
9.474656433856694e-004	1.843952e+000
9.484422058856694e-004	1.843952e+000
9.494187683856694e-004	1.843952e+000
9.503953308856694e-004	1.843952e+000
9.513718933856694e-004	1.843952e+000
9.523484558856694e-004	1.843952e+000
9.533250183856694e-004	1.843953e+000
9.540234375000001e-004	1.843953e+000
9.550000000000001e-004	1.843981e+000
9.550976562500001e-004	1.844973e+000
9.552929687500001e-004	1.860083e+000
9.556835937500000e-004	1.906445e+000
9.561962889024948e-004	1.989145e+000
9.571728514024948e-004	2.255072e+000
9.581494139024948e-004	2.747299e+000
9.585699744494811e-004	3.182374e+000
9.588336569493410e-004	3.695269e+000
9.589903231750510e-004	4.207092e+000
9.590882783096911e-004	4.711520e+000
9.591612362828110e-004	5.241238e+000
9.592124019529555e-004	5.741849e+000
9.592602386333981e-004	6.412721e+000
9.593289068033967e-004	7.584207e+000
9.594065114295448e-004	8.784467e+000
9.594938307696478e-004	9.692801e+000
9.596296410237959e-004	9.441574e+000
9.598056394762777e-004	6.194238e+000
9.600000000000001e-004	3.283864e-001
9.600012907957388e-004	3.187895e-001
9.600038723872161e-004	3.027816e-001
9.600090355701708e-004	2.825872e-001
9.600154896369939e-004	2.706974e-001
9.600234468575085e-004	2.663062e-001
9.600327768538034e-004	2.664775e-001
9.600462993154085e-004	2.695188e-001
9.600663380666121e-004	2.750809e-001
9.601035241545775e-004	2.857307e-001
9.601778963305082e-004	3.067930e-001
9.603266406823696e-004	3.443974e-001
9.605217332887418e-004	3.712445e-001
9.606512721567228e-004	3.478632e-001
9.607689442527820e-004	2.694765e-001
9.609086821275879e-004	1.306527e-001
9.609661724463682e-004	7.955673e-002
9.610176598652726e-004	4.966334e-002
9.610783382811163e-004	2.812107e-002
9.611479230890975e-004	1.337125e-002
9.611797444561484e-004	9.389210e-003
9.612208732619646e-004	6.258978e-003
9.612562794205779e-004	4.392188e-003
9.612973930670282e-004	2.926467e-003
9.613344431190718e-004	2.024367e-003
9.613759115471899e-004	1.348155e-003
9.614170623735135e-004	8.946910e-004
9.614561308611410e-004	6.071549e-004
9.614966890537050e-004	4.064144e-004
9.615349345873915e-004	2.783733e-004
9.615757257137046e-004	1.861050e-004
9.616137256703626e-004	1.277821e-004
9.616546767008235e-004	8.550253e-005
9.616951304243350e-004	5.759127e-005
9.617422605263284e-004	3.662066e-005
9.617961314591196e-004	2.192645e-005
9.618642940670207e-004	1.151700e-005
9.619457832269883e-004	5.383090e-006
9.620603847300253e-004	1.898932e-006
9.622134590153188e-004	4.801418e-007
9.624804859996714e-004	4.813243e-008
9.629473211005550e-004	-1.457335e-009
9.638809913023222e-004	2.512222e-009
9.648575538023222e-004	2.016811e-009
9.658341163023222e-004	2.309831e-009
9.668106788023222e-004	2.118571e-009
9.677872413023222e-004	2.238722e-009
9.687638038023222e-004	2.155352e-009
9.697403663023222e-004	2.209297e-009
9.990372413023196e-004	2.193625e-009
1.000000000000000e-003	2.743844e-009
