Freq.	Is(M1)
1.00000000000000e+003	-4.90749242525070e+001
1.00695555005672e+003	-4.90288451720287e+001
1.01395947979003e+003	-4.89826167557392e+001
1.02101212570719e+003	-4.89362401084465e+001
1.02811382665607e+003	-4.88897163369482e+001
1.03526492384138e+003	-4.88430465495011e+001
1.04246576084112e+003	-4.87962318559372e+001
1.04971668362307e+003	-4.87492733671178e+001
1.05701804056138e+003	-4.87021721948430e+001
1.06437018245336e+003	-4.86549294517435e+001
1.07177346253629e+003	-4.86075462507501e+001
1.07922823650443e+003	-4.85600237052332e+001
1.08673486252606e+003	-4.85123629284870e+001
1.09429370126074e+003	-4.84645650336516e+001
1.10190511587661e+003	-4.84166311335455e+001
1.10956947206785e+003	-4.83685623403249e+001
1.11728713807222e+003	-4.83203597654925e+001
1.12505848468881e+003	-4.82720245194821e+001
1.13288388529580e+003	-4.82235577115706e+001
1.14076371586843e+003	-4.81749604495442e+001
1.14869835499704e+003	-4.81262338398660e+001
1.15668818390529e+003	-4.80773789870555e+001
1.16473358646846e+003	-4.80283969937776e+001
1.17283494923188e+003	-4.79792889605580e+001
1.18099266142953e+003	-4.79300559857690e+001
1.18920711500272e+003	-4.78806991653169e+001
1.19747870461893e+003	-4.78312195922813e+001
1.20580782769076e+003	-4.77816183572237e+001
1.21419488439505e+003	-4.77318965476075e+001
1.22264027769207e+003	-4.76820552479040e+001
1.23114441334492e+003	-4.76320955393726e+001
1.23970769993899e+003	-4.75820184998273e+001
1.24833054890162e+003	-4.75318252035250e+001
1.25701337452183e+003	-4.74815167211004e+001
1.26575659397028e+003	-4.74310941193454e+001
1.27456062731927e+003	-4.73805584612012e+001
1.28342589756291e+003	-4.73299108054706e+001
1.29235283063750e+003	-4.72791522066566e+001
1.30134185544194e+003	-4.72282837152694e+001
1.31039340385837e+003	-4.71773063770172e+001
1.31950791077290e+003	-4.71262212332880e+001
1.32868581409652e+003	-4.70750293206808e+001
1.33792755478612e+003	-4.70237316711487e+001
1.34723357686570e+003	-4.69723293116715e+001
1.35660432744768e+003	-4.69208232642769e+001
1.36604025675440e+003	-4.68692145459784e+001
1.37554181813975e+003	-4.68175041685265e+001
1.38510946811093e+003	-4.67656931384599e+001
1.39474366635041e+003	-4.67137824570403e+001
1.40444487573800e+003	-4.66617731199007e+001
1.41421356237310e+003	-4.66096661174285e+001
1.42405019559708e+003	-4.65574624342318e+001
1.43395524801583e+003	-4.65051630492264e+001
1.44392919552250e+003	-4.64527689358211e+001
1.45397251732032e+003	-4.64002810613097e+001
1.46408569594563e+003	-4.63477003873749e+001
1.47426921729111e+003	-4.62950278695711e+001
1.48452357062906e+003	-4.62422644575944e+001
1.49484924863495e+003	-4.61894110949874e+001
1.50524674741107e+003	-4.61364687193057e+001
1.51571656651041e+003	-4.60834382617721e+001
1.52625920896057e+003	-4.60303206475608e+001
1.53687518128802e+003	-4.59771167954702e+001
1.54756499354240e+003	-4.59238276181512e+001
1.55832915932101e+003	-4.58704540217441e+001
1.56916819579351e+003	-4.58169969061444e+001
1.58008262372676e+003	-4.57634571647087e+001
1.59107296750985e+003	-4.57098356844856e+001
1.60213975517925e+003	-4.56561333459068e+001
1.61328351844426e+003	-4.56023510230399e+001
1.62450479271248e+003	-4.55484895833441e+001
1.63580411711557e+003	-4.54945498876830e+001
1.64718203453516e+003	-4.54405327903669e+001
1.65863909162889e+003	-4.53864391392153e+001
1.67017583885675e+003	-4.53322697752664e+001
1.68179283050744e+003	-4.52780255330024e+001
1.69349062472506e+003	-4.52237072403468e+001
1.70526978353592e+003	-4.51693157183903e+001
1.71713087287552e+003	-4.51148517816794e+001
1.72907446261574e+003	-4.50603162381094e+001
1.74110112659226e+003	-4.50057098888209e+001
1.75321144263208e+003	-4.49510335283228e+001
1.76540599258132e+003	-4.48962879443954e+001
1.77768536233315e+003	-4.48414739181712e+001
1.79005014185596e+003	-4.47865922241086e+001
1.80250092522167e+003	-4.47316436299460e+001
1.81503831063433e+003	-4.46766288968129e+001
1.82766290045881e+003	-4.46215487791130e+001
1.84037530124976e+003	-4.45664040246386e+001
1.85317612378075e+003	-4.45111953744665e+001
1.86606598307363e+003	-4.44559235630915e+001
1.87904549842804e+003	-4.44005893183924e+001
1.89211529345121e+003	-4.43451933615917e+001
1.90527599608789e+003	-4.42897364072993e+001
1.91852823865054e+003	-4.42342191636227e+001
1.93187265784971e+003	-4.41786423320141e+001
1.94530989482459e+003	-4.41230066074585e+001
1.95884059517387e+003	-4.40673126783517e+001
1.97246540898673e+003	-4.40115612266179e+001
1.98618499087409e+003	-4.39557529276892e+001
2.00000000000002e+003	-4.38998884505464e+001
2.01391110011345e+003	-4.38439684577085e+001
2.02791895958007e+003	-4.37879936053052e+001
2.04202425141440e+003	-4.37319645431143e+001
2.05622765331215e+003	-4.36758819144736e+001
2.07052984768277e+003	-4.36197463564642e+001
2.08493152168226e+003	-4.35635584998390e+001
2.09943336724615e+003	-4.35073189690430e+001
2.11403608112278e+003	-4.34510283823543e+001
2.12874036490674e+003	-4.33946873517810e+001
2.14354692507261e+003	-4.33382964831743e+001
2.15845647300887e+003	-4.32818563762455e+001
2.17346972505214e+003	-4.32253676245676e+001
2.18858740252150e+003	-4.31688308156657e+001
2.20381023175324e+003	-4.31122465310148e+001
2.21913894413571e+003	-4.30556153460477e+001
2.23457427614446e+003	-4.29989378302665e+001
2.25011696937764e+003	-4.29422145472051e+001
2.26576777059162e+003	-4.28854460544974e+001
2.28152743173687e+003	-4.28286329039253e+001
2.29739670999409e+003	-4.27717756414402e+001
2.31337636781060e+003	-4.27148748072202e+001
2.32946717293693e+003	-4.26579309356628e+001
2.34566989846378e+003	-4.26009445554604e+001
2.36198532285908e+003	-4.25439161896303e+001
2.37841423000547e+003	-4.24868463555778e+001
2.39495740923788e+003	-4.24297355651096e+001
2.41161565538155e+003	-4.23725843244660e+001
2.42838976879012e+003	-4.23153931343815e+001
2.44528055538416e+003	-4.22581624901053e+001
2.46228882668986e+003	-4.22008928814635e+001
2.47941539987800e+003	-4.21435847929017e+001
2.49666109780325e+003	-4.20862387034978e+001
2.51402674904368e+003	-4.20288550870683e+001
2.53151318794059e+003	-4.19714344120805e+001
2.54912125463855e+003	-4.19139771418417e+001
2.56685179512584e+003	-4.18564837344627e+001
2.58470566127501e+003	-4.17989546429115e+001
2.60268371088390e+003	-4.17413903150285e+001
2.62078680771676e+003	-4.16837911936703e+001
2.63901582154582e+003	-4.16261577165980e+001
2.65737162819305e+003	-4.15684903166626e+001
2.67585510957225e+003	-4.15107894217302e+001
2.69446715373141e+003	-4.14530554548330e+001
2.71320865489537e+003	-4.13952888341095e+001
2.73208051350882e+003	-4.13374899729670e+001
2.75108363627952e+003	-4.12796592799541e+001
2.77021893622188e+003	-4.12217971589912e+001
2.78948733270084e+003	-4.11639040092844e+001
2.80888975147603e+003	-4.11059802253850e+001
2.82842712474622e+003	-4.10480261973090e+001
2.84810039119418e+003	-4.09900423104661e+001
2.86791049603169e+003	-4.09320289458175e+001
2.88785839104503e+003	-4.08739864797980e+001
2.90794503464066e+003	-4.08159152844590e+001
2.92817139189129e+003	-4.07578157274718e+001
2.94853843458224e+003	-4.06996881721638e+001
2.96904714125813e+003	-4.06415329775359e+001
2.98969849726991e+003	-4.05833504983784e+001
3.01049349482217e+003	-4.05251410852341e+001
3.03143313302083e+003	-4.04669050844865e+001
3.05251841792116e+003	-4.04086428383860e+001
3.07375036257606e+003	-4.03503546850913e+001
3.09512998708482e+003	-4.02920409586956e+001
3.11665831864204e+003	-4.02337019892878e+001
3.13833639158704e+003	-4.01753381029940e+001
3.16016524745355e+003	-4.01169496220100e+001
3.18214593501972e+003	-4.00585368646395e+001
3.20427951035853e+003	-4.00001001453050e+001
3.22656703688855e+003	-3.99416397746719e+001
3.24900958542499e+003	-3.98831560595833e+001
3.27160823423117e+003	-3.98246493031833e+001
3.29436406907034e+003	-3.97661198049004e+001
3.31727818325781e+003	-3.97075678605232e+001
3.34035167771352e+003	-3.96489937622048e+001
3.36358566101490e+003	-3.95903977985267e+001
3.38698124945015e+003	-3.95317802545368e+001
3.41053956707187e+003	-3.94731414117690e+001
3.43426174575106e+003	-3.94144815482915e+001
3.45814892523151e+003	-3.93558009387534e+001
3.48220225318455e+003	-3.92970998543954e+001
3.50642288526419e+003	-3.92383785631225e+001
3.53081198516267e+003	-3.91796373294962e+001
3.55537072466633e+003	-3.91208764148125e+001
3.58010028371194e+003	-3.90620960771150e+001
3.60500185044337e+003	-3.90032965712442e+001
3.63007662126870e+003	-3.89444781488392e+001
3.65532580091766e+003	-3.88856410584298e+001
3.68075060249955e+003	-3.88267855454157e+001
3.70635224756154e+003	-3.87679118521311e+001
3.73213196614728e+003	-3.87090202178929e+001
3.75809099685610e+003	-3.86501108789945e+001
3.78423058690244e+003	-3.85911840687503e+001
3.81055199217581e+003	-3.85322400175566e+001
3.83705647730112e+003	-3.84732789529086e+001
3.86374531569944e+003	-3.84143010994225e+001
3.89061978964920e+003	-3.83553066788731e+001
3.91768119034777e+003	-3.82962959102529e+001
3.94493081797350e+003	-3.82372690097552e+001
3.97236998174820e+003	-3.81782261908422e+001
4.00000000000006e+003	-3.81191676642780e+001
4.02782220022694e+003	-3.80600936381334e+001
4.05583791916018e+003	-3.80010043178427e+001
4.08404850282884e+003	-3.79418999062167e+001
4.11245530662433e+003	-3.78827806034913e+001
4.14105969536558e+003	-3.78236466073258e+001
4.16986304336455e+003	-3.77644981128806e+001
4.19886673449234e+003	-3.77053353128026e+001
4.22807216224559e+003	-3.76461583972738e+001
4.25748072981351e+003	-3.75869675540518e+001
4.28709385014524e+003	-3.75277629684639e+001
4.31691294601778e+003	-3.74685448234748e+001
4.34693945010430e+003	-3.74093132997001e+001
4.37717480504303e+003	-3.73500685754053e+001
4.40762046350651e+003	-3.72908108265948e+001
4.43827788827145e+003	-3.72315402269772e+001
4.46914855228895e+003	-3.71722569480325e+001
4.50023393875531e+003	-3.71129611590196e+001
4.53153554118327e+003	-3.70536530270158e+001
4.56305486347377e+003	-3.69943327169361e+001
4.59479341998822e+003	-3.69350003915552e+001
4.62675273562123e+003	-3.68756562115401e+001
4.65893434587390e+003	-3.68163003354729e+001
4.69133979692759e+003	-3.67569329198895e+001
4.72397064571820e+003	-3.66975541192627e+001
4.75682846001096e+003	-3.66381640860878e+001
4.78991481847580e+003	-3.65787629708603e+001
4.82323131076312e+003	-3.65193509221179e+001
4.85677953758027e+003	-3.64599280864588e+001
4.89056111076836e+003	-3.64004946085765e+001
4.92457765337975e+003	-3.63410506312698e+001
4.95883079975603e+003	-3.62815962954750e+001
4.99332219560653e+003	-3.62221317402812e+001
5.02805349808740e+003	-3.61626571029661e+001
5.06302637588121e+003	-3.61031725190042e+001
5.09824250927713e+003	-3.60436781220931e+001
5.13370359025170e+003	-3.59841740441858e+001
5.16941132255006e+003	-3.59246604154948e+001
5.20536742176782e+003	-3.58651373645318e+001
5.24157361543354e+003	-3.58056050181163e+001
5.27803164309167e+003	-3.57460635013976e+001
5.31474325638614e+003	-3.56865129378836e+001
5.35171021914454e+003	-3.56269534494556e+001
5.38893430746286e+003	-3.55673851563869e+001
5.42641730979078e+003	-3.55078081773757e+001
5.46416102701768e+003	-3.54482226295373e+001
5.50216727255907e+003	-3.53886286284605e+001
5.54043787244380e+003	-3.53290262881927e+001
5.57897466540172e+003	-3.52694157212853e+001
5.61777950295209e+003	-3.52097970388005e+001
5.65685424949248e+003	-3.51501703503298e+001
5.69620078238839e+003	-3.50905357640142e+001
5.73582099206341e+003	-3.50308933865606e+001
5.77571678209009e+003	-3.49712433232667e+001
5.81589006928135e+003	-3.49115856780387e+001
5.85634278378261e+003	-3.48519205533937e+001
5.89707686916451e+003	-3.47922480505016e+001
5.93809428251631e+003	-3.47325682691769e+001
5.97939699453987e+003	-3.46728813079177e+001
6.02098698964438e+003	-3.46131872639096e+001
6.06286626604171e+003	-3.45534862330504e+001
6.10503683584235e+003	-3.44937783099536e+001
6.14750072515217e+003	-3.44340635879837e+001
6.19025997416968e+003	-3.43743421592588e+001
6.23331663728412e+003	-3.43146141146700e+001
6.27667278317413e+003	-3.42548795438944e+001
6.32033049490714e+003	-3.41951385354156e+001
6.36429187003947e+003	-3.41353911765427e+001
6.40855902071710e+003	-3.40756375534137e+001
6.45313407377714e+003	-3.40158777510172e+001
6.49801917085001e+003	-3.39561118532120e+001
6.54321646846238e+003	-3.38963399427311e+001
6.58872813814071e+003	-3.38365621012033e+001
6.63455636651566e+003	-3.37767784091709e+001
6.68070335542709e+003	-3.37169889460930e+001
6.72717132202985e+003	-3.36571937903691e+001
6.77396249890035e+003	-3.35973930193468e+001
6.82107913414379e+003	-3.35375867093424e+001
6.86852349150217e+003	-3.34777749356451e+001
6.91629785046306e+003	-3.34179577725394e+001
6.96440450636913e+003	-3.33581352933113e+001
7.01284577052842e+003	-3.32983075702651e+001
7.06162397032538e+003	-3.32384746747373e+001
7.11074144933271e+003	-3.31786366771050e+001
7.16020056742393e+003	-3.31187936467990e+001
7.21000370088679e+003	-3.30589456523250e+001
7.26015324253744e+003	-3.29990927612614e+001
7.31065160183536e+003	-3.29392350402821e+001
7.36150120499915e+003	-3.28793725551630e+001
7.41270449512312e+003	-3.28195053707987e+001
7.46426393229462e+003	-3.27596335512089e+001
7.51618199371225e+003	-3.26997571595492e+001
7.56846117380493e+003	-3.26398762581361e+001
7.62110398435166e+003	-3.25799909084363e+001
7.67411295460228e+003	-3.25201011710954e+001
7.72749063139893e+003	-3.24602071059366e+001
7.78123957929845e+003	-3.24003087719836e+001
7.83536238069558e+003	-3.23404062274630e+001
7.88986163594704e+003	-3.22804995298143e+001
7.94473996349646e+003	-3.22205887357031e+001
8.00000000000017e+003	-3.21606739010352e+001
8.05564440045392e+003	-3.21007550809567e+001
8.11167583832041e+003	-3.20408323298730e+001
8.16809700565772e+003	-3.19809057014548e+001
8.22491061324871e+003	-3.19209752486498e+001
8.28211939073120e+003	-3.18610410236879e+001
8.33972608672916e+003	-3.18011030780959e+001
8.39773346898472e+003	-3.17411614627040e+001
8.45614432449123e+003	-3.16812162276562e+001
8.51496145962707e+003	-3.16212674224194e+001
8.57418770029054e+003	-3.15613150957891e+001
8.63382589203561e+003	-3.15013592959058e+001
8.69387890020866e+003	-3.14414000702565e+001
8.75434961008612e+003	-3.13814374656852e+001
8.81524092701309e+003	-3.13214715284048e+001
8.87655577654296e+003	-3.12615023040011e+001
8.93829710457797e+003	-3.12015298374435e+001
9.00046787751068e+003	-3.11415541730921e+001
9.06307108236660e+003	-3.10815753547109e+001
9.12610972694760e+003	-3.10215934254651e+001
9.18958683997649e+003	-3.09616084279395e+001
9.25350547124252e+003	-3.09016204041432e+001
9.31786869174786e+003	-3.08416293955114e+001
9.38267959385525e+003	-3.07816354429214e+001
9.44794129143646e+003	-3.07216385867001e+001
9.51365692002199e+003	-3.06616388666206e+001
9.57982963695165e+003	-3.06016363219223e+001
9.64646262152631e+003	-3.05416309913104e+001
9.71355907516061e+003	-3.04816229129677e+001
9.78112222153678e+003	-3.04216121245557e+001
9.84915530675957e+003	-3.03615986632286e+001
9.91766159951213e+003	-3.03015825656371e+001
9.98664439121314e+003	-3.02415638679313e+001
1.00561069961749e+004	-3.01815426057743e+001
1.01260527517625e+004	-3.01215188143438e+001
1.01964850185543e+004	-3.00614925283404e+001
1.02674071805035e+004	-3.00014637819952e+001
1.03388226451002e+004	-2.99414326090739e+001
1.04107348435357e+004	-2.98813990428828e+001
1.04831472308672e+004	-2.98213631162785e+001
1.05560632861834e+004	-2.97613248616713e+001
1.06294865127724e+004	-2.97012843110286e+001
1.07034204382892e+004	-2.96412414958873e+001
1.07778686149258e+004	-2.95811964473561e+001
1.08528346195816e+004	-2.95211491961186e+001
1.09283220540354e+004	-2.94610997724439e+001
1.10043345451182e+004	-2.94010482061912e+001
1.10808757448877e+004	-2.93409945268109e+001
1.11579493308035e+004	-2.92809387633564e+001
1.12355590059043e+004	-2.92208809444869e+001
1.13137084989851e+004	-2.91608210984686e+001
1.13924015647769e+004	-2.91007592531880e+001
1.14716419841269e+004	-2.90406954361512e+001
1.15514335641803e+004	-2.89806296744902e+001
1.16317801385628e+004	-2.89205619949709e+001
1.17126855675653e+004	-2.88604924239918e+001
1.17941537383291e+004	-2.88004209875965e+001
1.18761885650327e+004	-2.87403477114726e+001
1.19587939890798e+004	-2.86802726209606e+001
1.20419739792889e+004	-2.86201957410554e+001
1.21257325320835e+004	-2.85601170964134e+001
1.22100736716848e+004	-2.85000367113556e+001
1.22950014503044e+004	-2.84399546098732e+001
1.23805199483394e+004	-2.83798708156313e+001
1.24666332745683e+004	-2.83197853519736e+001
1.25533455663483e+004	-2.82596982419270e+001
1.26406609898144e+004	-2.81996095082061e+001
1.27285837400790e+004	-2.81395191732159e+001
1.28171180414343e+004	-2.80794272590591e+001
1.29062681475544e+004	-2.80193337875367e+001
1.29960383417001e+004	-2.79592387801547e+001
1.30864329369249e+004	-2.78991422581270e+001
1.31774562762815e+004	-2.78390442423790e+001
1.32691127330314e+004	-2.77789447535535e+001
1.33614067108543e+004	-2.77188438120121e+001
1.34543426440598e+004	-2.76587414378405e+001
1.35479249978008e+004	-2.75986376508512e+001
1.36421582682877e+004	-2.75385324705894e+001
1.37370469830044e+004	-2.74784259163343e+001
1.38325957009262e+004	-2.74183180071037e+001
1.39288090127384e+004	-2.73582087616573e+001
1.40256915410570e+004	-2.72980981985024e+001
1.41232479406509e+004	-2.72379863358927e+001
1.42214828986655e+004	-2.71778731918356e+001
1.43204011348480e+004	-2.71177587840956e+001
1.44200074017737e+004	-2.70576431301953e+001
1.45203064850750e+004	-2.69975262474198e+001
1.46213032036708e+004	-2.69374081528216e+001
1.47230024099984e+004	-2.68772888632209e+001
1.48254089902464e+004	-2.68171683952113e+001
1.49285278645893e+004	-2.67570467651605e+001
1.50323639874246e+004	-2.66969239892167e+001
1.51369223476100e+004	-2.66368000833074e+001
1.52422079687034e+004	-2.65766750631471e+001
1.53482259092047e+004	-2.65165489442359e+001
1.54549812627980e+004	-2.64564217418661e+001
1.55624791585970e+004	-2.63962934711220e+001
1.56707247613913e+004	-2.63361641468847e+001
1.57797232718942e+004	-2.62760337838347e+001
1.58894799269930e+004	-2.62159023964539e+001
1.60000000000005e+004	-2.61557699990297e+001
1.61112888009080e+004	-2.60956366056556e+001
1.62233516766409e+004	-2.60355022302357e+001
1.63361940113156e+004	-2.59753668864869e+001
1.64498212264976e+004	-2.59152305879411e+001
1.65642387814625e+004	-2.58550933479474e+001
1.66794521734584e+004	-2.57949551796765e+001
1.67954669379696e+004	-2.57348160961208e+001
1.69122886489826e+004	-2.56746761100987e+001
1.70299229192543e+004	-2.56145352342560e+001
1.71483754005812e+004	-2.55543934810681e+001
1.72676517840714e+004	-2.54942508628439e+001
1.73877578004175e+004	-2.54341073917262e+001
1.75086992201724e+004	-2.53739630796954e+001
1.76304818540263e+004	-2.53138179385715e+001
1.77531115530861e+004	-2.52536719800156e+001
1.78765942091561e+004	-2.51935252155328e+001
1.80009357550215e+004	-2.51333776564744e+001
1.81261421647333e+004	-2.50732293140397e+001
1.82522194538953e+004	-2.50130801992787e+001
1.83791736799531e+004	-2.49529303230929e+001
1.85070109424852e+004	-2.48927796962393e+001
1.86357373834959e+004	-2.48326283293312e+001
1.87653591877106e+004	-2.47724762328403e+001
1.88958825828731e+004	-2.47123234170987e+001
1.90273138400441e+004	-2.46521698923009e+001
1.91596592739035e+004	-2.45920156685066e+001
1.92929252430528e+004	-2.45318607556410e+001
1.94271181503214e+004	-2.44717051634982e+001
1.95622444430737e+004	-2.44115489017417e+001
1.96983106135193e+004	-2.43513919799081e+001
1.98353231990244e+004	-2.42912344074060e+001
1.99732887824264e+004	-2.42310761935216e+001
2.01122139923499e+004	-2.41709173474170e+001
2.02521055035251e+004	-2.41107578781336e+001
2.03929700371089e+004	-2.40505977945943e+001
2.05348143610071e+004	-2.39904371056036e+001
2.06776452902006e+004	-2.39302758198508e+001
2.08214696870716e+004	-2.38701139459106e+001
2.09662944617345e+004	-2.38099514922454e+001
2.11121265723670e+004	-2.37497884672066e+001
2.12589730255449e+004	-2.36896248790363e+001
2.14068408765785e+004	-2.36294607358689e+001
2.15557372298518e+004	-2.35692960457326e+001
2.17056692391635e+004	-2.35091308165505e+001
2.18566441080711e+004	-2.34489650561431e+001
2.20086690902366e+004	-2.33887987722287e+001
2.21617514897755e+004	-2.33286319724260e+001
2.23158986616072e+004	-2.32684646642544e+001
2.24711180118087e+004	-2.32082968551364e+001
2.26274169979703e+004	-2.31481285523982e+001
2.27848031295539e+004	-2.30879597632714e+001
2.29432839682540e+004	-2.30277904948953e+001
2.31028671283607e+004	-2.29676207543164e+001
2.32635602771258e+004	-2.29074505484915e+001
2.34253711351308e+004	-2.28472798842881e+001
2.35883074766584e+004	-2.27871087684857e+001
2.37523771300656e+004	-2.27269372077776e+001
2.39175879781598e+004	-2.26667652087719e+001
2.40839479585779e+004	-2.26065927779924e+001
2.42514650641672e+004	-2.25464199218806e+001
2.44201473433698e+004	-2.24862466467963e+001
2.45900029006090e+004	-2.24260729590191e+001
2.47610398966791e+004	-2.23658988647497e+001
2.49332665491369e+004	-2.23057243701108e+001
2.51066911326969e+004	-2.22455494811481e+001
2.52813219796289e+004	-2.21853742038323e+001
2.54571674801583e+004	-2.21251985440594e+001
2.56342360828688e+004	-2.20650225076521e+001
2.58125362951089e+004	-2.20048461003608e+001
2.59920766834004e+004	-2.19446693278655e+001
2.61728658738499e+004	-2.18844921957752e+001
2.63549125525633e+004	-2.18243147096310e+001
2.65382254660631e+004	-2.17641368749055e+001
2.67228134217088e+004	-2.17039586970045e+001
2.69086852881198e+004	-2.16437801812685e+001
2.70958499956018e+004	-2.15836013329729e+001
2.72843165365756e+004	-2.15234221573292e+001
2.74740939660091e+004	-2.14632426594867e+001
2.76651914018527e+004	-2.14030628445325e+001
2.78576180254770e+004	-2.13428827174929e+001
2.80513830821141e+004	-2.12827022833349e+001
2.82464958813020e+004	-2.12225215469659e+001
2.84429657973313e+004	-2.11623405132357e+001
2.86408022696961e+004	-2.11021591869374e+001
2.88400148035476e+004	-2.10419775728075e+001
2.90406129701502e+004	-2.09817956755276e+001
2.92426064073419e+004	-2.09216134997251e+001
2.94460048199971e+004	-2.08614310499736e+001
2.96508179804929e+004	-2.08012483307945e+001
2.98570557291789e+004	-2.07410653466577e+001
3.00647279748495e+004	-2.06808821019819e+001
3.02738446952202e+004	-2.06206986011359e+001
3.04844159374071e+004	-2.05605148484398e+001
3.06964518184096e+004	-2.05003308481648e+001
3.09099625255962e+004	-2.04401466045352e+001
3.11249583171943e+004	-2.03799621217282e+001
3.13414495227828e+004	-2.03197774038752e+001
3.15594465437887e+004	-2.02595924550629e+001
3.17789598539863e+004	-2.01994072793331e+001
3.20000000000012e+004	-2.01392218806845e+001
3.22225776018162e+004	-2.00790362630732e+001
3.24467033532821e+004	-2.00188504304128e+001
3.26723880226314e+004	-1.99586643865760e+001
3.28996424529954e+004	-1.98984781353949e+001
3.31284775629253e+004	-1.98382916806618e+001
3.33589043469171e+004	-1.97781050261302e+001
3.35909338759394e+004	-1.97179181755147e+001
3.38245772979654e+004	-1.96577311324930e+001
3.40598458385088e+004	-1.95975439007054e+001
3.42967508011627e+004	-1.95373564837563e+001
3.45353035681430e+004	-1.94771688852142e+001
3.47755156008352e+004	-1.94169811086131e+001
3.50173984403450e+004	-1.93567931574528e+001
3.52609637080529e+004	-1.92966050351995e+001
3.55062231061724e+004	-1.92364167452866e+001
3.57531884183124e+004	-1.91762282911155e+001
3.60018715100433e+004	-1.91160396760557e+001
3.62522843294670e+004	-1.90558509034464e+001
3.65044389077910e+004	-1.89956619765960e+001
3.67583473599065e+004	-1.89354728987836e+001
3.70140218849706e+004	-1.88752836732595e+001
3.72714747669920e+004	-1.88150943032453e+001
3.75307183754216e+004	-1.87549047919351e+001
3.77917651657464e+004	-1.86947151424959e+001
3.80546276800886e+004	-1.86345253580680e+001
3.83193185478072e+004	-1.85743354417660e+001
3.85858504861058e+004	-1.85141453966791e+001
3.88542363006430e+004	-1.84539552258719e+001
3.91244888861477e+004	-1.83937649323848e+001
3.93966212270389e+004	-1.83335745192346e+001
3.96706463980491e+004	-1.82733839894152e+001
3.99465775648532e+004	-1.82131933458982e+001
4.02244279847001e+004	-1.81530025916331e+001
4.05042110070506e+004	-1.80928117295485e+001
4.07859400742180e+004	-1.80326207625522e+001
4.10696287220146e+004	-1.79724296935317e+001
4.13552905804014e+004	-1.79122385253552e+001
4.16429393741435e+004	-1.78520472608715e+001
4.19325889234693e+004	-1.77918559029114e+001
4.22242531447343e+004	-1.77316644542873e+001
4.25179460510901e+004	-1.76714729177945e+001
4.28136817531573e+004	-1.76112812962114e+001
4.31114744597038e+004	-1.75510895922998e+001
4.34113384783272e+004	-1.74908978088062e+001
4.37132882161424e+004	-1.74307059484614e+001
4.40173381804736e+004	-1.73705140139816e+001
4.43235029795514e+004	-1.73103220080687e+001
4.46317973232148e+004	-1.72501299334111e+001
4.49422360236177e+004	-1.71899377926839e+001
4.52548339959409e+004	-1.71297455885493e+001
4.55696062591082e+004	-1.70695533236578e+001
4.58865679365084e+004	-1.70093610006477e+001
4.62057342567218e+004	-1.69491686221466e+001
4.65271205542519e+004	-1.68889761907711e+001
4.68507422702619e+004	-1.68287837091280e+001
4.71766149533172e+004	-1.67685911798141e+001
4.75047542601315e+004	-1.67083986054175e+001
4.78351759563200e+004	-1.66482059885170e+001
4.81678959171562e+004	-1.65880133316840e+001
4.85029301283348e+004	-1.65278206374816e+001
4.88402946867399e+004	-1.64676279084660e+001
4.91800058012184e+004	-1.64074351471869e+001
4.95220797933585e+004	-1.63472423561874e+001
4.98665330982741e+004	-1.62870495380053e+001
5.02133822653942e+004	-1.62268566951728e+001
5.05626439592583e+004	-1.61666638302178e+001
5.09143349603169e+004	-1.61064709456635e+001
5.12684721657380e+004	-1.60462780440297e+001
5.16250725902183e+004	-1.59860851278328e+001
5.19841533668013e+004	-1.59258921995864e+001
5.23457317477002e+004	-1.58656992618017e+001
5.27098251051269e+004	-1.58055063169883e+001
5.30764509321265e+004	-1.57453133676542e+001
5.34456268434179e+004	-1.56851204163067e+001
5.38173705762400e+004	-1.56249274654526e+001
5.41916999912041e+004	-1.55647345175990e+001
5.45686330731516e+004	-1.55045415752533e+001
5.49481879320186e+004	-1.54443486409242e+001
5.53303828037058e+004	-1.53841557171218e+001
5.57152360509544e+004	-1.53239628063583e+001
5.61027661642287e+004	-1.52637699111483e+001
5.64929917626044e+004	-1.52035770340096e+001
5.68859315946630e+004	-1.51433841774633e+001
5.72816045393927e+004	-1.50831913440343e+001
5.76800296070956e+004	-1.50229985362524e+001
5.80812259403008e+004	-1.49628057566519e+001
5.84852128146842e+004	-1.49026130077727e+001
5.88920096399946e+004	-1.48424202921606e+001
5.93016359609863e+004	-1.47822276123677e+001
5.97141114583583e+004	-1.47220349709531e+001
6.01294559496994e+004	-1.46618423704832e+001
6.05476893904408e+004	-1.46016498135323e+001
6.09688318748147e+004	-1.45414573026829e+001
6.13929036368196e+004	-1.44812648405267e+001
6.18199250511928e+004	-1.44210724296643e+001
6.22499166343890e+004	-1.43608800727066e+001
6.26828990455661e+004	-1.43006877722745e+001
6.31188930875778e+004	-1.42404955309998e+001
6.35579197079731e+004	-1.41803033515260e+001
6.40000000000029e+004	-1.41201112365080e+001
6.44451552036329e+004	-1.40599191886134e+001
6.48934067065648e+004	-1.39997272105226e+001
6.53447760452633e+004	-1.39395353049292e+001
6.57992849059912e+004	-1.38793434745411e+001
6.62569551258511e+004	-1.38191517220803e+001
6.67178086938348e+004	-1.37589600502840e+001
6.71818677518793e+004	-1.36987684619048e+001
6.76491545959314e+004	-1.36385769597112e+001
6.81196916770181e+004	-1.35783855464884e+001
6.85935016023259e+004	-1.35181942250387e+001
6.90706071362865e+004	-1.34580029981818e+001
6.95510312016709e+004	-1.33978118687558e+001
7.00347968806905e+004	-1.33376208396174e+001
7.05219274161063e+004	-1.32774299136427e+001
7.10124462123453e+004	-1.32172390937272e+001
7.15063768366253e+004	-1.31570483827873e+001
7.20037430200871e+004	-1.30968577837599e+001
7.25045686589344e+004	-1.30366672996036e+001
7.30088778155825e+004	-1.29764769332990e+001
7.35166947198136e+004	-1.29162866878493e+001
7.40280437699418e+004	-1.28560965662809e+001
7.45429495339846e+004	-1.27959065716441e+001
7.50614367508437e+004	-1.27357167070133e+001
7.55835303314934e+004	-1.26755269754881e+001
7.61092553601777e+004	-1.26153373801936e+001
7.66386370956150e+004	-1.25551479242809e+001
7.71717009722122e+004	-1.24949586109282e+001
7.77084726012866e+004	-1.24347694433406e+001
7.82489777722960e+004	-1.23745804247515e+001
7.87932424540783e+004	-1.23143915584229e+001
7.93412927960988e+004	-1.22542028476459e+001
7.98931551297069e+004	-1.21940142957415e+001
8.04488559694008e+004	-1.21338259060612e+001
8.10084220141017e+004	-1.20736376819876e+001
8.15718801484366e+004	-1.20134496269352e+001
8.21392574440297e+004	-1.19532617443507e+001
8.27105811608034e+004	-1.18930740377142e+001
8.32858787482877e+004	-1.18328865105394e+001
8.38651778469392e+004	-1.17726991663745e+001
8.44485062894692e+004	-1.17125120088028e+001
8.50358921021808e+004	-1.16523250414433e+001
8.56273635063152e+004	-1.15921382679517e+001
8.62229489194083e+004	-1.15319516920208e+001
8.68226769566551e+004	-1.14717653173813e+001
8.74265764322855e+004	-1.14115791478026e+001
8.80346763609478e+004	-1.13513931870935e+001
8.86470059591034e+004	-1.12912074391027e+001
8.92635946464302e+004	-1.12310219077198e+001
8.98844720472361e+004	-1.11708365968760e+001
9.05096679918824e+004	-1.11106515105448e+001
9.11392125182170e+004	-1.10504666527428e+001
9.17731358730174e+004	-1.09902820275304e+001
9.24114685134442e+004	-1.09300976390128e+001
9.30542411085044e+004	-1.08699134913403e+001
9.37014845405246e+004	-1.08097295887097e+001
9.43532299066351e+004	-1.07495459353647e+001
9.50095085202638e+004	-1.06893625355968e+001
9.56703519126407e+004	-1.06291793937462e+001
9.63357918343130e+004	-1.05689965142027e+001
9.70058602566702e+004	-1.05088139014061e+001
9.76805893734805e+004	-1.04486315598477e+001
9.83600116024376e+004	-1.03884494940707e+001
9.90441595867178e+004	-1.03282677086712e+001
9.97330661965489e+004	-1.02680862082992e+001
1.00000000000000e+005	-1.02448791568092e+001
