Freq.	Id(M1)
1.00000000000000e+003	8.89826630116225e+001
1.00695555005672e+003	8.89894842010243e+001
1.01395947979003e+003	8.89962569465149e+001
1.02101212570719e+003	8.90029815025461e+001
1.02811382665607e+003	8.90096582314113e+001
1.03526492384138e+003	8.90162873483891e+001
1.04246576084112e+003	8.90228692476339e+001
1.04971668362307e+003	8.90294042724702e+001
1.05701804056138e+003	8.90358926808823e+001
1.06437018245336e+003	8.90423347525052e+001
1.07177346253629e+003	8.90487308819375e+001
1.07922823650443e+003	8.90550813576646e+001
1.08673486252606e+003	8.90613864862448e+001
1.09429370126074e+003	8.90676464839420e+001
1.10190511587661e+003	8.90738617574389e+001
1.10956947206785e+003	8.90800325179937e+001
1.11728713807222e+003	8.90861591673496e+001
1.12505848468881e+003	8.90922418806578e+001
1.13288388529580e+003	8.90982810314120e+001
1.14076371586843e+003	8.91042769244517e+001
1.14869835499704e+003	8.91102298070640e+001
1.15668818390529e+003	8.91161399153595e+001
1.16473358646846e+003	8.91220075923468e+001
1.17283494923188e+003	8.91278331330716e+001
1.18099266142953e+003	8.91336167589215e+001
1.18920711500272e+003	8.91393588344298e+001
1.19747870461893e+003	8.91450595570672e+001
1.20580782769076e+003	8.91507192252380e+001
1.21419488439505e+003	8.91563381045547e+001
1.22264027769207e+003	8.91619164795553e+001
1.23114441334492e+003	8.91674546021940e+001
1.23970769993899e+003	8.91729527722846e+001
1.24833054890162e+003	8.91784112090971e+001
1.25701337452183e+003	8.91838302085122e+001
1.26575659397028e+003	8.91892099857636e+001
1.27456062731927e+003	8.91945508734030e+001
1.28342589756291e+003	8.91998530237299e+001
1.29235283063750e+003	8.92051167842379e+001
1.30134185544194e+003	8.92103423354019e+001
1.31039340385837e+003	8.92155300093364e+001
1.31950791077290e+003	8.92206800016646e+001
1.32868581409652e+003	8.92257925564971e+001
1.33792755478612e+003	8.92308679423790e+001
1.34723357686570e+003	8.92359063708885e+001
1.35660432744768e+003	8.92409081352846e+001
1.36604025675440e+003	8.92458734610597e+001
1.37554181813975e+003	8.92508025013145e+001
1.38510946811093e+003	8.92556955625909e+001
1.39474366635041e+003	8.92605529550334e+001
1.40444487573800e+003	8.92653747393201e+001
1.41421356237310e+003	8.92701613380367e+001
1.42405019559708e+003	8.92749128450428e+001
1.43395524801583e+003	8.92796295115809e+001
1.44392919552250e+003	8.92843115785330e+001
1.45397251732032e+003	8.92889592844351e+001
1.46408569594563e+003	8.92935728834375e+001
1.47426921729111e+003	8.92981524661196e+001
1.48452357062906e+003	8.93026984111201e+001
1.49484924863495e+003	8.93072108400716e+001
1.50524674741107e+003	8.93116900340507e+001
1.51571656651041e+003	8.93161360897539e+001
1.52625920896057e+003	8.93205493586605e+001
1.53687518128802e+003	8.93249299753142e+001
1.54756499354240e+003	8.93292781571062e+001
1.55832915932101e+003	8.93335941820464e+001
1.56916819579351e+003	8.93378781590077e+001
1.58008262372676e+003	8.93421303167031e+001
1.59107296750985e+003	8.93463509195472e+001
1.60213975517925e+003	8.93505400509937e+001
1.61328351844426e+003	8.93546980666989e+001
1.62450479271248e+003	8.93588250866947e+001
1.63580411711557e+003	8.93629212843472e+001
1.64718203453516e+003	8.93669868782410e+001
1.65863909162889e+003	8.93710220694388e+001
1.67017583885675e+003	8.93750270510208e+001
1.68179283050744e+003	8.93790019840669e+001
1.69349062472506e+003	8.93829471475156e+001
1.70526978353592e+003	8.93868626411376e+001
1.71713087287552e+003	8.93907486887540e+001
1.72907446261574e+003	8.93946054617813e+001
1.74110112659226e+003	8.93984331802192e+001
1.75321144263208e+003	8.94022319847931e+001
1.76540599258132e+003	8.94060020858443e+001
1.77768536233315e+003	8.94097436365262e+001
1.79005014185596e+003	8.94134568574409e+001
1.80250092522167e+003	8.94171419053426e+001
1.81503831063433e+003	8.94207989579315e+001
1.82766290045881e+003	8.94244281493214e+001
1.84037530124976e+003	8.94280297226586e+001
1.85317612378075e+003	8.94316038168530e+001
1.86606598307363e+003	8.94351506239521e+001
1.87904549842804e+003	8.94386703075079e+001
1.89211529345121e+003	8.94421629846133e+001
1.90527599608789e+003	8.94456289020597e+001
1.91852823865054e+003	8.94490681686394e+001
1.93187265784971e+003	8.94524809830986e+001
1.94530989482459e+003	8.94558674837993e+001
1.95884059517387e+003	8.94592278536655e+001
1.97246540898673e+003	8.94625622550886e+001
1.98618499087409e+003	8.94658708243756e+001
2.00000000000002e+003	8.94691537654362e+001
2.01391110011345e+003	8.94724111871805e+001
2.02791895958007e+003	8.94756432600704e+001
2.04202425141440e+003	8.94788501472089e+001
2.05622765331215e+003	8.94820319981864e+001
2.07052984768277e+003	8.94851889854607e+001
2.08493152168226e+003	8.94883212324814e+001
2.09943336724615e+003	8.94914289092041e+001
2.11403608112278e+003	8.94945121318537e+001
2.12874036490674e+003	8.94975710626719e+001
2.14354692507261e+003	8.95006059146962e+001
2.15845647300887e+003	8.95036167193263e+001
2.17346972505214e+003	8.95066037226954e+001
2.18858740252150e+003	8.95095669901810e+001
2.20381023175324e+003	8.95125067005722e+001
2.21913894413571e+003	8.95154230262498e+001
2.23457427614446e+003	8.95183160258176e+001
2.25011696937764e+003	8.95211859198950e+001
2.26576777059162e+003	8.95240327983445e+001
2.28152743173687e+003	8.95268568185404e+001
2.29739670999409e+003	8.95296581129406e+001
2.31337636781060e+003	8.95324367986150e+001
2.32946717293693e+003	8.95351930549052e+001
2.34566989846378e+003	8.95379269585239e+001
2.36198532285908e+003	8.95406386665016e+001
2.37841423000547e+003	8.95433283276007e+001
2.39495740923788e+003	8.95459960025106e+001
2.41161565538155e+003	8.95486419113985e+001
2.42838976879012e+003	8.95512661232220e+001
2.44528055538416e+003	8.95538687681189e+001
2.46228882668986e+003	8.95564499906856e+001
2.47941539987800e+003	8.95590099041152e+001
2.49666109780325e+003	8.95615486456331e+001
2.51402674904368e+003	8.95640662916012e+001
2.53151318794059e+003	8.95665630129496e+001
2.54912125463855e+003	8.95690389335695e+001
2.56685179512584e+003	8.95714941282664e+001
2.58470566127501e+003	8.95739287445485e+001
2.60268371088390e+003	8.95763428847047e+001
2.62078680771676e+003	8.95787366941461e+001
2.63901582154582e+003	8.95811102449697e+001
2.65737162819305e+003	8.95834636618117e+001
2.67585510957225e+003	8.95857971053136e+001
2.69446715373141e+003	8.95881106042035e+001
2.71320865489537e+003	8.95904043450765e+001
2.73208051350882e+003	8.95926783841775e+001
2.75108363627952e+003	8.95949328864421e+001
2.77021893622188e+003	8.95971679161987e+001
2.78948733270084e+003	8.95993835869286e+001
2.80888975147603e+003	8.96015800207297e+001
2.82842712474622e+003	8.96037573150270e+001
2.84810039119418e+003	8.96059155549094e+001
2.86791049603169e+003	8.96080548816262e+001
2.88785839104503e+003	8.96101753817128e+001
2.90794503464066e+003	8.96122771471505e+001
2.92817139189129e+003	8.96143602683683e+001
2.94853843458224e+003	8.96164248867949e+001
2.96904714125813e+003	8.96184710655257e+001
2.98969849726991e+003	8.96204989316300e+001
3.01049349482217e+003	8.96225085477674e+001
3.03143313302083e+003	8.96245000344321e+001
3.05251841792116e+003	8.96264734860852e+001
3.07375036257606e+003	8.96284289813929e+001
3.09512998708482e+003	8.96303666455862e+001
3.11665831864204e+003	8.96322865433816e+001
3.13833639158704e+003	8.96341887708791e+001
3.16016524745355e+003	8.96360734158371e+001
3.18214593501972e+003	8.96379405847098e+001
3.20427951035853e+003	8.96397903712721e+001
3.22656703688855e+003	8.96416228414765e+001
3.24900958542499e+003	8.96434380845491e+001
3.27160823423117e+003	8.96452362074034e+001
3.29436406907034e+003	8.96470173051105e+001
3.31727818325781e+003	8.96487814225308e+001
3.34035167771352e+003	8.96505286650612e+001
3.36358566101490e+003	8.96522591143550e+001
3.38698124945015e+003	8.96539728736233e+001
3.41053956707187e+003	8.96556700013301e+001
3.43426174575106e+003	8.96573505774968e+001
3.45814892523151e+003	8.96590147138766e+001
3.48220225318455e+003	8.96606624496475e+001
3.50642288526419e+003	8.96622938914710e+001
3.53081198516267e+003	8.96639090992535e+001
3.55537072466633e+003	8.96655081641308e+001
3.58010028371194e+003	8.96670911725814e+001
3.60500185044337e+003	8.96686581796107e+001
3.63007662126870e+003	8.96702092639845e+001
3.65532580091766e+003	8.96717445207821e+001
3.68075060249955e+003	8.96732639896524e+001
3.70635224756154e+003	8.96747677582269e+001
3.73213196614728e+003	8.96762559126327e+001
3.75809099685610e+003	8.96777284885748e+001
3.78423058690244e+003	8.96791855978214e+001
3.81055199217581e+003	8.96806273113182e+001
3.83705647730112e+003	8.96820536670490e+001
3.86374531569944e+003	8.96834647545090e+001
3.89061978964920e+003	8.96848606178260e+001
3.91768119034777e+003	8.96862413548515e+001
3.94493081797350e+003	8.96876070148321e+001
3.97236998174820e+003	8.96889576597813e+001
4.00000000000006e+003	8.96902933664681e+001
4.02782220022694e+003	8.96916141892594e+001
4.05583791916018e+003	8.96929202009164e+001
4.08404850282884e+003	8.96942114671963e+001
4.11245530662433e+003	8.96954880383293e+001
4.14105969536558e+003	8.96967499608339e+001
4.16986304336455e+003	8.96979973295560e+001
4.19886673449234e+003	8.96992301903331e+001
4.22807216224559e+003	8.97004485973660e+001
4.25748072981351e+003	8.97016526195249e+001
4.28709385014524e+003	8.97028422957594e+001
4.31691294601778e+003	8.97040177139574e+001
4.34693945010430e+003	8.97051788982353e+001
4.37717480504303e+003	8.97063259065294e+001
4.40762046350651e+003	8.97074588361842e+001
4.43827788827145e+003	8.97085776960833e+001
4.46914855228895e+003	8.97096825514175e+001
4.50023393875531e+003	8.97107734530743e+001
4.53153554118327e+003	8.97118504619513e+001
4.56305486347377e+003	8.97129136336036e+001
4.59479341998822e+003	8.97139630170896e+001
4.62675273562123e+003	8.97149986477834e+001
4.65893434587390e+003	8.97160205904861e+001
4.69133979692759e+003	8.97170288853786e+001
4.72397064571820e+003	8.97180235907584e+001
4.75682846001096e+003	8.97190047433651e+001
4.78991481847580e+003	8.97199723929551e+001
4.82323131076312e+003	8.97209265937770e+001
4.85677953758027e+003	8.97218674046172e+001
4.89056111076836e+003	8.97227948276305e+001
4.92457765337975e+003	8.97237089441957e+001
4.95883079975603e+003	8.97246097813052e+001
4.99332219560653e+003	8.97254973862123e+001
5.02805349808740e+003	8.97263718080602e+001
5.06302637588121e+003	8.97272330807647e+001
5.09824250927713e+003	8.97280812477548e+001
5.13370359025170e+003	8.97289163473265e+001
5.16941132255006e+003	8.97297384294606e+001
5.20536742176782e+003	8.97305475241839e+001
5.24157361543354e+003	8.97313436737489e+001
5.27803164309167e+003	8.97321269146996e+001
5.31474325638614e+003	8.97328972979191e+001
5.35171021914454e+003	8.97336548381989e+001
5.38893430746286e+003	8.97343995809960e+001
5.42641730979078e+003	8.97351315593717e+001
5.46416102701768e+003	8.97358508201583e+001
5.50216727255907e+003	8.97365573978059e+001
5.54043787244380e+003	8.97372512954733e+001
5.57897466540172e+003	8.97379325789209e+001
5.61777950295209e+003	8.97386012752184e+001
5.65685424949248e+003	8.97392574135123e+001
5.69620078238839e+003	8.97399010227126e+001
5.73582099206341e+003	8.97405321378770e+001
5.77571678209009e+003	8.97411507893832e+001
5.81589006928135e+003	8.97417569881344e+001
5.85634278378261e+003	8.97423507898681e+001
5.89707686916451e+003	8.97429322196758e+001
5.93809428251631e+003	8.97435012941201e+001
5.97939699453987e+003	8.97440580421447e+001
6.02098698964438e+003	8.97446024969162e+001
6.06286626604171e+003	8.97451346741386e+001
6.10503683584235e+003	8.97456546125908e+001
6.14750072515217e+003	8.97461623315718e+001
6.19025997416968e+003	8.97466578506548e+001
6.23331663728412e+003	8.97471412091915e+001
6.27667278317413e+003	8.97476124081246e+001
6.32033049490714e+003	8.97480714822522e+001
6.36429187003947e+003	8.97485184501157e+001
6.40855902071710e+003	8.97489533435910e+001
6.45313407377714e+003	8.97493761769887e+001
6.49801917085001e+003	8.97497869604412e+001
6.54321646846238e+003	8.97501857269320e+001
6.58872813814071e+003	8.97505724920892e+001
6.63455636651566e+003	8.97509472691593e+001
6.68070335542709e+003	8.97513100828781e+001
6.72717132202985e+003	8.97516609481336e+001
6.77396249890035e+003	8.97519998869405e+001
6.82107913414379e+003	8.97523269082617e+001
6.86852349150217e+003	8.97526420264967e+001
6.91629785046306e+003	8.97529452594399e+001
6.96440450636913e+003	8.97532366262881e+001
7.01284577052842e+003	8.97535161355598e+001
7.06162397032538e+003	8.97537838005941e+001
7.11074144933271e+003	8.97540396366665e+001
7.16020056742393e+003	8.97542836618569e+001
7.21000370088679e+003	8.97545158771726e+001
7.26015324253744e+003	8.97547363003121e+001
7.31065160183536e+003	8.97549449369566e+001
7.36150120499915e+003	8.97551418012881e+001
7.41270449512312e+003	8.97553268968296e+001
7.46426393229462e+003	8.97555002440090e+001
7.51618199371225e+003	8.97556618412699e+001
7.56846117380493e+003	8.97558116983378e+001
7.62110398435166e+003	8.97559498299297e+001
7.67411295460228e+003	8.97560762275149e+001
7.72749063139893e+003	8.97561909087134e+001
7.78123957929845e+003	8.97562938762455e+001
7.83536238069558e+003	8.97563851341715e+001
7.88986163594704e+003	8.97564646960784e+001
7.94473996349646e+003	8.97565325391215e+001
8.00000000000017e+003	8.97565886983849e+001
8.05564440045392e+003	8.97566331556827e+001
8.11167583832041e+003	8.97566659252597e+001
8.16809700565772e+003	8.97566870058002e+001
8.22491061324871e+003	8.97566963942950e+001
8.28211939073120e+003	8.97566940940133e+001
8.33972608672916e+003	8.97566800970083e+001
8.39773346898472e+003	8.97566544167177e+001
8.45614432449123e+003	8.97566170467167e+001
8.51496145962707e+003	8.97565679761238e+001
8.57418770029054e+003	8.97565072190154e+001
8.63382589203561e+003	8.97564347556903e+001
8.69387890020866e+003	8.97563505911482e+001
8.75434961008612e+003	8.97562547244077e+001
8.81524092701309e+003	8.97561471427932e+001
8.87655577654296e+003	8.97560278465881e+001
8.93829710457797e+003	8.97558968288118e+001
9.00046787751068e+003	8.97557540865546e+001
9.06307108236660e+003	8.97555996043519e+001
9.12610972694760e+003	8.97554333845597e+001
9.18958683997649e+003	8.97552554143433e+001
9.25350547124252e+003	8.97550656809262e+001
9.31786869174786e+003	8.97548641782517e+001
9.38267959385525e+003	8.97546508987046e+001
9.44794129143646e+003	8.97544258371260e+001
9.51365692002199e+003	8.97541889739054e+001
9.57982963695165e+003	8.97539402999992e+001
9.64646262152631e+003	8.97536798022044e+001
9.71355907516061e+003	8.97534074749995e+001
9.78112222153678e+003	8.97531232949282e+001
9.84915530675957e+003	8.97528272526085e+001
9.91766159951213e+003	8.97525193471140e+001
9.98664439121314e+003	8.97521995374945e+001
1.00561069961749e+004	8.97518678302588e+001
1.01260527517625e+004	8.97515241956924e+001
1.01964850185543e+004	8.97511686240503e+001
1.02674071805035e+004	8.97508011002720e+001
1.03388226451002e+004	8.97504216035402e+001
1.04107348435357e+004	8.97500301103112e+001
1.04831472308672e+004	8.97496266152221e+001
1.05560632861834e+004	8.97492110841629e+001
1.06294865127724e+004	8.97487835089912e+001
1.07034204382892e+004	8.97483438628527e+001
1.07778686149258e+004	8.97478921258786e+001
1.08528346195816e+004	8.97474282769544e+001
1.09283220540354e+004	8.97469522903556e+001
1.10043345451182e+004	8.97464641473909e+001
1.10808757448877e+004	8.97459638222409e+001
1.11579493308035e+004	8.97454512927516e+001
1.12355590059043e+004	8.97449265365901e+001
1.13137084989851e+004	8.97443895235977e+001
1.13924015647769e+004	8.97438402271849e+001
1.14716419841269e+004	8.97432786249562e+001
1.15514335641803e+004	8.97427046891524e+001
1.16317801385628e+004	8.97421183909147e+001
1.17126855675653e+004	8.97415196993710e+001
1.17941537383291e+004	8.97409085972832e+001
1.18761885650327e+004	8.97402850443016e+001
1.19587939890798e+004	8.97396490054735e+001
1.20419739792889e+004	8.97390004655862e+001
1.21257325320835e+004	8.97383393814093e+001
1.22100736716848e+004	8.97376657334900e+001
1.22950014503044e+004	8.97369794758291e+001
1.23805199483394e+004	8.97362805838019e+001
1.24666332745683e+004	8.97355690166751e+001
1.25533455663483e+004	8.97348447478633e+001
1.26406609898144e+004	8.97341077427256e+001
1.27285837400790e+004	8.97333579559100e+001
1.28171180414343e+004	8.97325953617585e+001
1.29062681475544e+004	8.97318199219616e+001
1.29960383417001e+004	8.97310315962658e+001
1.30864329369249e+004	8.97302303522416e+001
1.31774562762815e+004	8.97294161412291e+001
1.32691127330314e+004	8.97285889310409e+001
1.33614067108543e+004	8.97277486779021e+001
1.34543426440598e+004	8.97268953533344e+001
1.35479249978008e+004	8.97260288989851e+001
1.36421582682877e+004	8.97251492872685e+001
1.37370469830044e+004	8.97242564657176e+001
1.38325957009262e+004	8.97233503985940e+001
1.39288090127384e+004	8.97224310409062e+001
1.40256915410570e+004	8.97214983479624e+001
1.41232479406509e+004	8.97205522689394e+001
1.42214828986655e+004	8.97195927672448e+001
1.43204011348480e+004	8.97186197948502e+001
1.44200074017737e+004	8.97176333031199e+001
1.45203064850750e+004	8.97166332416767e+001
1.46213032036708e+004	8.97156195681502e+001
1.47230024099984e+004	8.97145922315472e+001
1.48254089902464e+004	8.97135511845173e+001
1.49285278645893e+004	8.97124963722071e+001
1.50323639874246e+004	8.97114277482517e+001
1.51369223476100e+004	8.97103452597541e+001
1.52422079687034e+004	8.97092488555948e+001
1.53482259092047e+004	8.97081384848558e+001
1.54549812627980e+004	8.97070140828556e+001
1.55624791585970e+004	8.97058756118054e+001
1.56707247613913e+004	8.97047230082643e+001
1.57797232718942e+004	8.97035562137969e+001
1.58894799269930e+004	8.97023751850873e+001
1.60000000000005e+004	8.97011798491237e+001
1.61112888009080e+004	8.96999701620220e+001
1.62233516766409e+004	8.96987460573846e+001
1.63361940113156e+004	8.96975074807583e+001
1.64498212264976e+004	8.96962543654552e+001
1.65642387814625e+004	8.96949866617702e+001
1.66794521734584e+004	8.96937043026374e+001
1.67954669379696e+004	8.96924072266702e+001
1.69122886489826e+004	8.96910953746573e+001
1.70299229192543e+004	8.96897686802845e+001
1.71483754005812e+004	8.96884270810873e+001
1.72676517840714e+004	8.96870705133045e+001
1.73877578004175e+004	8.96856989083189e+001
1.75086992201724e+004	8.96843122042245e+001
1.76304818540263e+004	8.96829103370677e+001
1.77531115530861e+004	8.96814932303058e+001
1.78765942091561e+004	8.96800608205183e+001
1.80009357550215e+004	8.96786130421461e+001
1.81261421647333e+004	8.96771498222342e+001
1.82522194538953e+004	8.96756710922673e+001
1.83791736799531e+004	8.96741767770701e+001
1.85070109424852e+004	8.96726668084854e+001
1.86357373834959e+004	8.96711411157797e+001
1.87653591877106e+004	8.96695996192462e+001
1.88958825828731e+004	8.96680422532282e+001
1.90273138400441e+004	8.96664689364470e+001
1.91596592739035e+004	8.96648795912564e+001
1.92929252430528e+004	8.96632741500152e+001
1.94271181503214e+004	8.96616525308830e+001
1.95622444430737e+004	8.96600146550037e+001
1.96983106135193e+004	8.96583604444299e+001
1.98353231990244e+004	8.96566898219828e+001
1.99732887824264e+004	8.96550027020483e+001
2.01122139923499e+004	8.96532990097723e+001
2.02521055035251e+004	8.96515786619745e+001
2.03929700371089e+004	8.96498415725475e+001
2.05348143610071e+004	8.96480876570374e+001
2.06776452902006e+004	8.96463168384735e+001
2.08214696870716e+004	8.96445290249931e+001
2.09662944617345e+004	8.96427241317499e+001
2.11121265723670e+004	8.96409020776592e+001
2.12589730255449e+004	8.96390627665531e+001
2.14068408765785e+004	8.96372061161300e+001
2.15557372298518e+004	8.96353320383764e+001
2.17056692391635e+004	8.96334404376594e+001
2.18566441080711e+004	8.96315312277392e+001
2.20086690902366e+004	8.96296043101723e+001
2.21617514897755e+004	8.96276596021544e+001
2.23158986616072e+004	8.96256970030537e+001
2.24711180118087e+004	8.96237164205047e+001
2.26274169979703e+004	8.96217177618359e+001
2.27848031295539e+004	8.96197009275395e+001
2.29432839682540e+004	8.96176658238935e+001
2.31028671283607e+004	8.96156123515172e+001
2.32635602771258e+004	8.96135404092212e+001
2.34253711351308e+004	8.96114499016123e+001
2.35883074766584e+004	8.96093407249781e+001
2.37523771300656e+004	8.96072127807294e+001
2.39175879781598e+004	8.96050659654140e+001
2.40839479585779e+004	8.96029001763872e+001
2.42514650641672e+004	8.96007153057908e+001
2.44201473433698e+004	8.95985112563250e+001
2.45900029006090e+004	8.95962879146402e+001
2.47610398966791e+004	8.95940451800425e+001
2.49332665491369e+004	8.95917829415265e+001
2.51066911326969e+004	8.95895010880541e+001
2.52813219796289e+004	8.95871995134162e+001
2.54571674801583e+004	8.95848781073169e+001
2.56342360828688e+004	8.95825367569301e+001
2.58125362951089e+004	8.95801753511952e+001
2.59920766834004e+004	8.95777937732650e+001
2.61728658738499e+004	8.95753919129230e+001
2.63549125525633e+004	8.95729696526343e+001
2.65382254660631e+004	8.95705268753618e+001
2.67228134217088e+004	8.95680634654187e+001
2.69086852881198e+004	8.95655793027835e+001
2.70958499956018e+004	8.95630742711775e+001
2.72843165365756e+004	8.95605482463919e+001
2.74740939660091e+004	8.95580011101758e+001
2.76651914018527e+004	8.95554327378928e+001
2.78576180254770e+004	8.95528430071445e+001
2.80513830821141e+004	8.95502317923505e+001
2.82464958813020e+004	8.95475989720006e+001
2.84429657973313e+004	8.95449444156529e+001
2.86408022696961e+004	8.95422679960529e+001
2.88400148035476e+004	8.95395695872098e+001
2.90406129701502e+004	8.95368490562618e+001
2.92426064073419e+004	8.95341062772252e+001
2.94460048199971e+004	8.95313411093050e+001
2.96508179804929e+004	8.95285534290755e+001
2.98570557291789e+004	8.95257431017780e+001
3.00647279748495e+004	8.95229099868476e+001
3.02738446952202e+004	8.95200539509218e+001
3.04844159374071e+004	8.95171748578289e+001
3.06964518184096e+004	8.95142725689919e+001
3.09099625255962e+004	8.95113469434172e+001
3.11249583171943e+004	8.95083978408117e+001
3.13414495227828e+004	8.95054251228016e+001
3.15594465437887e+004	8.95024286432306e+001
3.17789598539863e+004	8.94994082576532e+001
3.20000000000012e+004	8.94963638241555e+001
3.22225776018162e+004	8.94932951942549e+001
3.24467033532821e+004	8.94902022200134e+001
3.26723880226314e+004	8.94870847540982e+001
3.28996424529954e+004	8.94839426477286e+001
3.31284775629253e+004	8.94807757485234e+001
3.33589043469171e+004	8.94775839031351e+001
3.35909338759394e+004	8.94743669606918e+001
3.38245772979654e+004	8.94711247656381e+001
3.40598458385088e+004	8.94678571626086e+001
3.42967508011627e+004	8.94645639931557e+001
3.45353035681430e+004	8.94612451005482e+001
3.47755156008352e+004	8.94579003267428e+001
3.50173984403450e+004	8.94545295096168e+001
3.52609637080529e+004	8.94511324837870e+001
3.55062231061724e+004	8.94477090912242e+001
3.57531884183124e+004	8.94442591669730e+001
3.60018715100433e+004	8.94407825429226e+001
3.62522843294670e+004	8.94372790522945e+001
3.65044389077910e+004	8.94337485278811e+001
3.67583473599065e+004	8.94301908017052e+001
3.70140218849706e+004	8.94266056985882e+001
3.72714747669920e+004	8.94229930507840e+001
3.75307183754216e+004	8.94193526817369e+001
3.77917651657464e+004	8.94156844179629e+001
3.80546276800886e+004	8.94119880818882e+001
3.83193185478072e+004	8.94082634976777e+001
3.85858504861058e+004	8.94045104868277e+001
3.88542363006430e+004	8.94007288675968e+001
3.91244888861477e+004	8.93969184580240e+001
3.93966212270389e+004	8.93930790767845e+001
3.96706463980491e+004	8.93892105365942e+001
3.99465775648532e+004	8.93853126568385e+001
4.02244279847001e+004	8.93813852450107e+001
4.05042110070506e+004	8.93774281150355e+001
4.07859400742180e+004	8.93734410758702e+001
4.10696287220146e+004	8.93694239360252e+001
4.13552905804014e+004	8.93653765038065e+001
4.16429393741435e+004	8.93612985830773e+001
4.19325889234693e+004	8.93571899814206e+001
4.22242531447343e+004	8.93530504973653e+001
4.25179460510901e+004	8.93488799319410e+001
4.28136817531573e+004	8.93446780898600e+001
4.31114744597038e+004	8.93404447648633e+001
4.34113384783272e+004	8.93361797547383e+001
4.37132882161424e+004	8.93318828550527e+001
4.40173381804736e+004	8.93275538590878e+001
4.43235029795514e+004	8.93231925596972e+001
4.46317973232148e+004	8.93187987454926e+001
4.49422360236177e+004	8.93143722067043e+001
4.52548339959409e+004	8.93099127318520e+001
4.55696062591082e+004	8.93054201041518e+001
4.58865679365084e+004	8.93008941101435e+001
4.62057342567218e+004	8.92963345314538e+001
4.65271205542519e+004	8.92917411499412e+001
4.68507422702619e+004	8.92871137448202e+001
4.71766149533172e+004	8.92824520937490e+001
4.75047542601315e+004	8.92777559720361e+001
4.78351759563200e+004	8.92730251540294e+001
4.81678959171562e+004	8.92682594136128e+001
4.85029301283348e+004	8.92634585213488e+001
4.88402946867399e+004	8.92586222456280e+001
4.91800058012184e+004	8.92537503574478e+001
4.95220797933585e+004	8.92488426200447e+001
4.98665330982741e+004	8.92438987993472e+001
5.02133822653942e+004	8.92389186561302e+001
5.05626439592583e+004	8.92339019526053e+001
5.09143349603169e+004	8.92288484461885e+001
5.12684721657380e+004	8.92237578971687e+001
5.16250725902183e+004	8.92186300589394e+001
5.19841533668013e+004	8.92134646858617e+001
5.23457317477002e+004	8.92082615281525e+001
5.27098251051269e+004	8.92030203391582e+001
5.30764509321265e+004	8.91977408653018e+001
5.34456268434179e+004	8.91924228532951e+001
5.38173705762400e+004	8.91870660484348e+001
5.41916999912041e+004	8.91816701921541e+001
5.45686330731516e+004	8.91762350266246e+001
5.49481879320186e+004	8.91707602888217e+001
5.53303828037058e+004	8.91652457194508e+001
5.57152360509544e+004	8.91596910515985e+001
5.61027661642287e+004	8.91540960180303e+001
5.64929917626044e+004	8.91484603501418e+001
5.68859315946630e+004	8.91427837784969e+001
5.72816045393927e+004	8.91370660296980e+001
5.76800296070956e+004	8.91313068302552e+001
5.80812259403008e+004	8.91255059016841e+001
5.84852128146842e+004	8.91196629674263e+001
5.88920096399946e+004	8.91137777457639e+001
5.93016359609863e+004	8.91078499552182e+001
5.97141114583583e+004	8.91018793098961e+001
6.01294559496994e+004	8.90958655237745e+001
6.05476893904408e+004	8.90898083083579e+001
6.09688318748147e+004	8.90837073717311e+001
6.13929036368196e+004	8.90775624220766e+001
6.18199250511928e+004	8.90713731643909e+001
6.22499166343890e+004	8.90651393009923e+001
6.26828990455661e+004	8.90588605333100e+001
6.31188930875778e+004	8.90525365585455e+001
6.35579197079731e+004	8.90461670750581e+001
6.40000000000029e+004	8.90397517750787e+001
6.44451552036329e+004	8.90332903520388e+001
6.48934067065648e+004	8.90267824952965e+001
6.53447760452633e+004	8.90202278917344e+001
6.57992849059912e+004	8.90136262279384e+001
6.62569551258511e+004	8.90069771869092e+001
6.67178086938348e+004	8.90002804485433e+001
6.71818677518793e+004	8.89935356911807e+001
6.76491545959314e+004	8.89867425926927e+001
6.81196916770181e+004	8.89799008251692e+001
6.85935016023259e+004	8.89730100614402e+001
6.90706071362865e+004	8.89660699702600e+001
6.95510312016709e+004	8.89590802179256e+001
7.00347968806905e+004	8.89520404710527e+001
7.05219274161063e+004	8.89449503886548e+001
7.10124462123453e+004	8.89378096331714e+001
7.15063768366253e+004	8.89306178597172e+001
7.20037430200871e+004	8.89233747245955e+001
7.25045686589344e+004	8.89160798799775e+001
7.30088778155825e+004	8.89087329749721e+001
7.35166947198136e+004	8.89013336574275e+001
7.40280437699418e+004	8.88938815723059e+001
7.45429495339846e+004	8.88863763619041e+001
7.50614367508437e+004	8.88788176658573e+001
7.55835303314934e+004	8.88712051210370e+001
7.61092553601777e+004	8.88635383624297e+001
7.66386370956150e+004	8.88558170232553e+001
7.71717009722122e+004	8.88480407318251e+001
7.77084726012866e+004	8.88402091146416e+001
7.82489777722960e+004	8.88323217959738e+001
7.87932424540783e+004	8.88243783980075e+001
7.93412927960988e+004	8.88163785399349e+001
7.98931551297069e+004	8.88083218361267e+001
8.04488559694008e+004	8.88002079013710e+001
8.10084220141017e+004	8.87920363455683e+001
8.15718801484366e+004	8.87838067771904e+001
8.21392574440297e+004	8.87755188011611e+001
8.27105811608034e+004	8.87671720202805e+001
8.32858787482877e+004	8.87587660330140e+001
8.38651778469392e+004	8.87503004363602e+001
8.44485062894692e+004	8.87417748251684e+001
8.50358921021808e+004	8.87331887888992e+001
8.56273635063152e+004	8.87245419176910e+001
8.62229489194083e+004	8.87158337939673e+001
8.68226769566551e+004	8.87070640013445e+001
8.74265764322855e+004	8.86982321189772e+001
8.80346763609478e+004	8.86893377242330e+001
8.86470059591034e+004	8.86803803891510e+001
8.92635946464302e+004	8.86713596841934e+001
8.98844720472361e+004	8.86622751756450e+001
9.05096679918824e+004	8.86531264303217e+001
9.11392125182170e+004	8.86439130069246e+001
9.17731358730174e+004	8.86346344653259e+001
9.24114685134442e+004	8.86252903592006e+001
9.30542411085044e+004	8.86158802403286e+001
9.37014845405246e+004	8.86064036580475e+001
9.43532299066351e+004	8.85968601577246e+001
9.50095085202638e+004	8.85872492811952e+001
9.56703519126407e+004	8.85775705679835e+001
9.63357918343130e+004	8.85678235540626e+001
9.70058602566702e+004	8.85580077708616e+001
9.76805893734805e+004	8.85481227487912e+001
9.83600116024376e+004	8.85381680133083e+001
9.90441595867178e+004	8.85281430867750e+001
9.97330661965489e+004	8.85180474891093e+001
1.00000000000000e+005	8.85141354522621e+001
