time	V(N143)*Id(M1)+V(N145)*Ig(M1)
0.000000000000000e+000	5.660889e-009
9.765625114122045e-011	-1.602494e-004
9.996968650957740e-011	-1.650240e-004
1.045965572462913e-010	-1.700881e-004
1.138502987197191e-010	-1.780514e-004
1.323577816665746e-010	-2.158115e-004
1.693727475602857e-010	-2.824260e-004
2.434026793477079e-010	-4.004293e-004
3.914625429225523e-010	-6.426896e-004
6.875822700722410e-010	-1.105982e-003
1.279821724371619e-009	-1.965132e-003
2.123015724748701e-009	-3.015505e-003
3.356186785937805e-009	-4.091280e-003
4.975831617871365e-009	-4.366002e-003
7.183016553450348e-009	-1.880536e-003
1.004082228018252e-008	7.893629e-003
1.387138638910282e-008	3.548925e-002
1.893397798161039e-008	1.016895e-001
2.595276370321879e-008	2.544178e-001
3.596895498116541e-008	6.003793e-001
5.164517559043380e-008	1.455041e+000
7.938551328715729e-008	3.931354e+000
1.348661886806043e-007	1.242926e+001
2.458275394674982e-007	4.233507e+001
4.677502410412861e-007	1.435693e+002
9.115956441888618e-007	3.928178e+002
1.151237657878740e-006	4.933132e+002
1.344713904319989e-006	4.926966e+002
1.511305724119081e-006	3.850350e+002
1.631315905943047e-006	2.265445e+002
1.693506390547036e-006	1.147402e+002
1.726858023145305e-006	5.133669e+001
1.744176942390890e-006	2.286473e+001
1.752572546627988e-006	1.286104e+001
1.758719442575372e-006	8.362710e+000
1.765732028664858e-006	5.586100e+000
1.772111632601307e-006	4.305344e+000
1.780013637698026e-006	3.527202e+000
1.787399173521324e-006	3.170337e+000
1.797266842651548e-006	2.950848e+000
1.808077825766724e-006	2.842023e+000
1.824255675152596e-006	2.775301e+000
1.843806414798154e-006	2.739516e+000
1.877766309001885e-006	2.705224e+000
1.923338499467347e-006	2.668299e+000
2.014482880398272e-006	2.603500e+000
2.196771642260121e-006	2.495518e+000
2.561349165983820e-006	2.333484e+000
3.181941007249776e-006	2.143160e+000
3.893086777552588e-006	1.990656e+000
4.093334718522740e-006	1.959057e+000
4.493830600463043e-006	1.909994e+000
5.000000000000000e-006	1.855832e+000
5.050616939953696e-006	1.848969e+000
5.151850819861087e-006	1.844271e+000
5.354318579675870e-006	1.843881e+000
5.675255639447828e-006	1.844003e+000
6.317129758991745e-006	1.843942e+000
7.293692258991745e-006	1.843957e+000
8.270254758991745e-006	1.843955e+000
9.246817258991746e-006	1.843957e+000
1.022337975899175e-005	1.843955e+000
1.119994225899175e-005	1.843956e+000
1.217650475899175e-005	1.843956e+000
1.315306725899175e-005	1.843956e+000
1.412962975899175e-005	1.843956e+000
1.510619225899175e-005	1.843956e+000
1.608275475899175e-005	1.843956e+000
1.705931725899175e-005	1.843956e+000
1.803587975899175e-005	1.843956e+000
1.901244225899176e-005	1.843956e+000
1.998900475899176e-005	1.843956e+000
2.096556725899176e-005	1.843956e+000
2.194212975899176e-005	1.843956e+000
2.291869225899176e-005	1.843956e+000
2.389525475899176e-005	1.843956e+000
2.487181725899176e-005	1.843956e+000
2.584837975899176e-005	1.843956e+000
2.682494225899176e-005	1.843956e+000
2.780150475899176e-005	1.843956e+000
2.877806725899176e-005	1.843956e+000
2.975462975899176e-005	1.843956e+000
3.073119225899176e-005	1.843956e+000
3.170775475899176e-005	1.843956e+000
3.268431725899176e-005	1.843956e+000
3.366087975899176e-005	1.843956e+000
3.463744225899177e-005	1.843956e+000
3.561400475899177e-005	1.843956e+000
3.659056725899177e-005	1.843956e+000
3.756712975899177e-005	1.843956e+000
3.854369225899177e-005	1.843956e+000
3.952025475899177e-005	1.843956e+000
4.049681725899177e-005	1.843956e+000
4.147337975899177e-005	1.843956e+000
4.244994225899177e-005	1.843956e+000
4.342650475899177e-005	1.843956e+000
4.440306725899177e-005	1.843956e+000
4.537962975899178e-005	1.843956e+000
4.635619225899178e-005	1.843956e+000
4.733275475899178e-005	1.843956e+000
4.830931725899178e-005	1.843956e+000
4.928587975899178e-005	1.843956e+000
5.026244225899178e-005	1.843956e+000
5.123900475899178e-005	1.843956e+000
5.221556725899178e-005	1.843956e+000
5.319212975899178e-005	1.843956e+000
5.402343750000000e-005	1.843956e+000
5.500000000000000e-005	1.843997e+000
5.509765625000001e-005	1.845961e+000
5.529296875000000e-005	1.861955e+000
5.568359375000000e-005	1.908855e+000
5.619659413171165e-005	1.992587e+000
5.717315663171165e-005	2.263605e+000
5.814971913171165e-005	2.764773e+000
5.853887669636606e-005	3.174592e+000
5.878528518539325e-005	3.657860e+000
5.892879626377189e-005	4.127636e+000
5.901593656557810e-005	4.579190e+000
5.907562700963122e-005	5.050856e+000
5.911814659403785e-005	5.555701e+000
5.914820940266158e-005	6.089240e+000
5.917083771967555e-005	6.685512e+000
5.919214477274177e-005	7.530699e+000
5.922988668796423e-005	9.699049e+000
5.928638292282314e-005	1.382533e+001
5.933877242466182e-005	1.842080e+001
5.941321512442283e-005	2.548857e+001
5.951816079130270e-005	3.334924e+001
5.964179482794716e-005	3.678724e+001
5.980344594417485e-005	3.072542e+001
6.000000000000000e-005	7.569655e+000
6.000411115253535e-005	7.384013e+000
6.001233345760606e-005	7.187910e+000
6.002877806774747e-005	7.142290e+000
6.004553327568644e-005	7.232403e+000
6.006375807701218e-005	7.317948e+000
6.010020767966365e-005	7.216866e+000
6.017310688496660e-005	5.913805e+000
6.024080051509304e-005	3.565841e+000
6.029228840320059e-005	1.553575e+000
6.031605073527011e-005	9.007032e-001
6.034734953111258e-005	4.473590e-001
6.038015661792548e-005	1.934331e-001
6.040267911334659e-005	1.055048e-001
6.042006324244604e-005	6.974557e-002
6.044050528268016e-005	4.464698e-002
6.046361031723408e-005	2.703837e-002
6.048494959144229e-005	1.706155e-002
6.050573030947398e-005	1.104173e-002
6.052555632812657e-005	7.348503e-003
6.054555236511996e-005	4.907885e-003
6.056554234621815e-005	3.285096e-003
6.058515616735614e-005	2.222367e-003
6.060541547990944e-005	1.485012e-003
6.062440909185650e-005	1.015123e-003
6.064240884525981e-005	7.114575e-004
6.066173140810628e-005	4.853142e-004
6.067863350278366e-005	3.473139e-004
6.069757686271395e-005	2.402049e-004
6.071645476140488e-005	1.654090e-004
6.073447795744401e-005	1.167126e-004
6.075706076536364e-005	7.522337e-005
6.077756837853216e-005	5.075337e-005
6.080654455663411e-005	2.904838e-005
6.083313512376105e-005	1.766664e-005
6.087649015285287e-005	7.787280e-006
6.091744451403849e-005	3.768958e-006
6.099935323640973e-005	8.641674e-007
6.108303731494847e-005	2.160676e-007
6.125040547202592e-005	-1.940168e-008
6.150602148011432e-005	3.434273e-008
6.201725349629112e-005	-8.294644e-009
6.299381599629112e-005	5.650597e-009
9.902343750000000e-005	3.831951e-009
1.000000000000000e-004	-5.644908e-004
1.000021484398612e-004	-2.163741e-003
1.000064453195837e-004	3.686328e-003
1.000150390790287e-004	5.421468e-002
1.000207018180425e-004	1.302997e-001
1.000272000283390e-004	2.819565e-001
1.000362149690623e-004	6.114076e-001
1.000542448505090e-004	1.657565e+000
1.000860833611907e-004	4.741610e+000
1.001497603825541e-004	1.553010e+001
1.002771144252808e-004	5.369190e+001
1.005318225107343e-004	1.755369e+002
1.009168800560850e-004	3.949906e+002
1.011420098257712e-004	4.923040e+002
1.013343927871485e-004	4.963635e+002
1.015063865046682e-004	3.910214e+002
1.016244732298590e-004	2.390663e+002
1.016887840457114e-004	1.248937e+002
1.017236191963511e-004	5.806336e+001
1.017423692096668e-004	2.616842e+001
1.017518957070143e-004	1.401220e+001
1.017575977114550e-004	9.325298e+000
1.017645388223969e-004	6.101544e+000
1.017708241726993e-004	4.593264e+000
1.017787551266236e-004	3.658529e+000
1.017859886131900e-004	3.239383e+000
1.017951816135088e-004	2.992789e+000
1.018057575446493e-004	2.862262e+000
1.018198738039646e-004	2.789262e+000
1.018395655158865e-004	2.745877e+000
1.018661256676794e-004	2.715585e+000
1.019108572325287e-004	2.678042e+000
1.019837429179343e-004	2.624221e+000
1.021295142887455e-004	2.532241e+000
1.024210570303678e-004	2.390195e+000
1.030041425136125e-004	2.195245e+000
1.038979854717052e-004	1.989347e+000
1.040234375000000e-004	1.968133e+000
1.042743415565897e-004	1.934535e+000
1.044981918868207e-004	1.906981e+000
1.046605142449725e-004	1.889206e+000
1.047835701891309e-004	1.876747e+000
1.050000000000000e-004	1.855915e+000
1.050216429810869e-004	1.850148e+000
1.050649289432607e-004	1.845115e+000
1.051515008676084e-004	1.843811e+000
1.053246447163037e-004	1.843985e+000
1.055810804800852e-004	1.843936e+000
1.060939520076483e-004	1.843964e+000
1.070705145076483e-004	1.843956e+000
1.080470770076483e-004	1.843956e+000
1.090236395076483e-004	1.843956e+000
1.100002020076483e-004	1.843956e+000
1.109767645076483e-004	1.843956e+000
1.119533270076483e-004	1.843956e+000
1.129298895076483e-004	1.843956e+000
1.139064520076483e-004	1.843956e+000
1.148830145076483e-004	1.843956e+000
1.158595770076483e-004	1.843956e+000
1.168361395076483e-004	1.843956e+000
1.178127020076483e-004	1.843956e+000
1.187892645076484e-004	1.843956e+000
1.197658270076484e-004	1.843956e+000
1.207423895076484e-004	1.843956e+000
1.217189520076484e-004	1.843956e+000
1.226955145076484e-004	1.843956e+000
1.236720770076484e-004	1.843956e+000
1.246486395076484e-004	1.843956e+000
1.256252020076484e-004	1.843956e+000
1.266017645076484e-004	1.843956e+000
1.275783270076484e-004	1.843956e+000
1.285548895076484e-004	1.843956e+000
1.295314520076484e-004	1.843956e+000
1.305080145076484e-004	1.843956e+000
1.314845770076484e-004	1.843956e+000
1.324611395076484e-004	1.843956e+000
1.334377020076484e-004	1.843956e+000
1.344142645076484e-004	1.843956e+000
1.353908270076484e-004	1.843956e+000
1.363673895076484e-004	1.843956e+000
1.373439520076484e-004	1.843956e+000
1.383205145076484e-004	1.843956e+000
1.392970770076484e-004	1.843956e+000
1.402736395076484e-004	1.843956e+000
1.412502020076484e-004	1.843956e+000
1.422267645076484e-004	1.843956e+000
1.432033270076484e-004	1.843956e+000
1.441798895076484e-004	1.843956e+000
1.451564520076484e-004	1.843956e+000
1.461330145076484e-004	1.843956e+000
1.471095770076484e-004	1.843956e+000
1.480861395076484e-004	1.843956e+000
1.490627020076484e-004	1.843956e+000
1.500392645076484e-004	1.843956e+000
1.510158270076484e-004	1.843956e+000
1.519923895076484e-004	1.843956e+000
1.529689520076484e-004	1.843956e+000
1.539455145076484e-004	1.843959e+000
1.540234375000000e-004	1.843958e+000
1.541792834847033e-004	1.843956e+000
1.544909754541098e-004	1.843956e+000
1.550000000000000e-004	1.843955e+000
1.550509024545890e-004	1.841842e+000
1.551527073637670e-004	1.847183e+000
1.553563171821231e-004	1.868408e+000
1.556736259562575e-004	1.907829e+000
1.563082435045263e-004	2.015783e+000
1.572848060045263e-004	2.310826e+000
1.582613685045263e-004	2.877272e+000
1.586286245547456e-004	3.338097e+000
1.588642082651192e-004	3.920029e+000
1.590009974383998e-004	4.529195e+000
1.590834854561069e-004	5.181557e+000
1.591348649810908e-004	5.887821e+000
1.591668078704298e-004	6.643966e+000
1.591956472222625e-004	7.720557e+000
1.592258465352668e-004	9.385063e+000
1.592763845629579e-004	1.302011e+001
1.593289915643022e-004	1.755355e+001
1.593987915674420e-004	2.424000e+001
1.595047681908624e-004	3.257696e+001
1.596203252372196e-004	3.699764e+001
1.598070135256347e-004	3.091795e+001
1.600000000000000e-004	7.590052e+000
1.600041910960265e-004	7.395279e+000
1.600125732880796e-004	7.191170e+000
1.600293376721856e-004	7.144642e+000
1.600462099990029e-004	7.235761e+000
1.600644106263917e-004	7.320153e+000
1.601008118811695e-004	7.215003e+000
1.601736143907250e-004	5.903800e+000
1.602410997303875e-004	3.556219e+000
1.602920742398641e-004	1.561628e+000
1.603158412086032e-004	9.073308e-001
1.603472798378946e-004	4.497344e-001
1.603802007947720e-004	1.934096e-001
1.604022827679554e-004	1.065714e-001
1.604195579727024e-004	7.071335e-002
1.604400433066300e-004	4.522826e-002
1.604632133896803e-004	2.734042e-002
1.604845988505678e-004	1.722663e-002
1.605053703297798e-004	1.114736e-002
1.605252058784743e-004	7.416486e-003
1.605451888098191e-004	4.954229e-003
1.605652021632372e-004	3.314361e-003
1.605847917503838e-004	2.243163e-003
1.606050921099201e-004	1.497625e-003
1.606240359921766e-004	1.024472e-003
1.606419398441863e-004	7.193905e-004
1.606612362891724e-004	4.915332e-004
1.606786794183887e-004	3.479315e-004
1.606972585944137e-004	2.425774e-004
1.607174769455493e-004	1.631673e-004
1.607368578100556e-004	1.123975e-004
1.607626595509027e-004	6.825889e-005
1.607864688897592e-004	4.342579e-005
1.608229452509189e-004	2.170947e-005
1.608572309282157e-004	1.167336e-005
1.609258022828095e-004	3.384140e-006
1.609896429378304e-004	9.816599e-007
1.611173242478724e-004	7.894858e-008
1.612885031259155e-004	4.232972e-008
1.616308608820018e-004	-1.660527e-008
1.623155763941744e-004	1.250738e-008
1.632921388941744e-004	5.722644e-009
1.990234375000000e-004	1.733461e-008
2.000000000000000e-004	5.996385e-004
2.000021484388567e-004	-1.773251e-003
2.000064453165700e-004	3.686339e-003
2.000150390719967e-004	5.420630e-002
2.000206987776920e-004	1.302412e-001
2.000271980552331e-004	2.819021e-001
2.000362105673887e-004	6.112082e-001
2.000542355916998e-004	1.656871e+000
2.000860624697184e-004	4.739011e+000
2.001497162257556e-004	1.552050e+001
2.002770237378299e-004	5.365742e+001
2.005316387619785e-004	1.754472e+002
2.009170027932036e-004	3.950574e+002
2.011422261008444e-004	4.923488e+002
2.013346309253929e-004	4.962912e+002
2.015065410199138e-004	3.908534e+002
2.016246581302904e-004	2.387506e+002
2.016889122137301e-004	1.246367e+002
2.017237078124421e-004	5.789287e+001
2.017424212959678e-004	2.608505e+001
2.017519253606955e-004	1.397801e+001
2.017576343844918e-004	9.299153e+000
2.017645766722863e-004	6.087794e+000
2.017708660044798e-004	4.585231e+000
2.017787933899801e-004	3.655080e+000
2.017860319619851e-004	3.237522e+000
2.017952371781254e-004	2.991714e+000
2.018058234032931e-004	2.861707e+000
2.018199769121717e-004	2.788907e+000
2.018396775608617e-004	2.745706e+000
2.018663622812958e-004	2.715366e+000
2.019111376740193e-004	2.677822e+000
2.019844699820085e-004	2.623720e+000
2.021311345979869e-004	2.531321e+000
2.024244638299437e-004	2.388790e+000
2.030111222938573e-004	2.193329e+000
2.039045222485180e-004	1.988164e+000
2.040234375000000e-004	1.968074e+000
2.045243389940721e-004	1.905427e+000
2.050000000000000e-004	1.855812e+000
2.050475661005928e-004	1.849022e+000
2.051426983017784e-004	1.844305e+000
2.053329627041496e-004	1.843873e+000
2.056404942870642e-004	1.844004e+000
2.062519960485210e-004	1.843940e+000
2.072285585485210e-004	1.843957e+000
2.082051210485210e-004	1.843955e+000
2.091816835485210e-004	1.843957e+000
2.101582460485210e-004	1.843955e+000
2.111348085485210e-004	1.843956e+000
2.121113710485210e-004	1.843956e+000
2.130879335485210e-004	1.843956e+000
2.140644960485210e-004	1.843956e+000
2.150410585485210e-004	1.843956e+000
2.160176210485210e-004	1.843956e+000
2.169941835485210e-004	1.843956e+000
2.179707460485210e-004	1.843956e+000
2.189473085485210e-004	1.843956e+000
2.199238710485210e-004	1.843956e+000
2.209004335485210e-004	1.843956e+000
2.218769960485210e-004	1.843956e+000
2.228535585485210e-004	1.843956e+000
2.238301210485210e-004	1.843956e+000
2.248066835485210e-004	1.843956e+000
2.257832460485210e-004	1.843956e+000
2.267598085485210e-004	1.843956e+000
2.277363710485210e-004	1.843956e+000
2.287129335485210e-004	1.843956e+000
2.296894960485210e-004	1.843956e+000
2.306660585485210e-004	1.843956e+000
2.316426210485210e-004	1.843956e+000
2.326191835485210e-004	1.843956e+000
2.335957460485211e-004	1.843956e+000
2.345723085485211e-004	1.843956e+000
2.355488710485211e-004	1.843956e+000
2.365254335485211e-004	1.843956e+000
2.375019960485211e-004	1.843956e+000
2.384785585485211e-004	1.843956e+000
2.394551210485211e-004	1.843956e+000
2.404316835485211e-004	1.843956e+000
2.414082460485211e-004	1.843956e+000
2.423848085485211e-004	1.843956e+000
2.433613710485211e-004	1.843956e+000
2.443379335485211e-004	1.843956e+000
2.453144960485211e-004	1.843956e+000
2.462910585485211e-004	1.843956e+000
2.472676210485211e-004	1.843956e+000
2.482441835485211e-004	1.843956e+000
2.492207460485211e-004	1.843956e+000
2.501973085485211e-004	1.843956e+000
2.511738710485211e-004	1.843956e+000
2.521504335485211e-004	1.843956e+000
2.531269960485211e-004	1.843956e+000
2.541035585485211e-004	1.843956e+000
2.550000000000000e-004	1.843995e+000
2.550896441451479e-004	1.845210e+000
2.552689324354437e-004	1.859302e+000
2.556275090160353e-004	1.901356e+000
2.561071103527023e-004	1.976308e+000
2.570663130260363e-004	2.222669e+000
2.580428755260363e-004	2.695761e+000
2.585389535166425e-004	3.199880e+000
2.588129833556182e-004	3.765072e+000
2.589757504640564e-004	4.398443e+000
2.590726745774153e-004	5.085211e+000
2.591302071150879e-004	5.820286e+000
2.591652640564355e-004	6.628921e+000
2.591972838487338e-004	7.812797e+000
2.592266901198915e-004	9.438829e+000
2.592777916590826e-004	1.314290e+001
2.593305550261150e-004	1.770690e+001
2.594012074326597e-004	2.446282e+001
2.595069525398597e-004	3.271575e+001
2.596238329420795e-004	3.705004e+001
2.598121142207838e-004	3.044471e+001
2.600000000000000e-004	7.595180e+000
2.600042214906323e-004	7.397475e+000
2.600126644718968e-004	7.191891e+000
2.600295504344260e-004	7.146443e+000
2.600465088205254e-004	7.238145e+000
2.600647605721879e-004	7.321733e+000
2.601012640755129e-004	7.211440e+000
2.601742710821630e-004	5.882791e+000
2.602414893579751e-004	3.534160e+000
2.602916139239151e-004	1.570366e+000
2.603153674532886e-004	9.157376e-001
2.603471350251151e-004	4.514704e-001
2.603803005260451e-004	1.919969e-001
2.604016282464175e-004	1.076570e-001
2.604187142999320e-004	7.190767e-002
2.604392895851782e-004	4.591800e-002
2.604625436571570e-004	2.769046e-002
2.604839978748456e-004	1.741083e-002
2.605047469815233e-004	1.126742e-002
2.605245943446522e-004	7.493807e-003
2.605445630645214e-004	5.006835e-003
2.605645974647809e-004	3.347971e-003
2.605841729124787e-004	2.266399e-003
2.606044950343614e-004	1.512440e-003
2.606234170282199e-004	1.034919e-003
2.606412849097254e-004	7.272496e-004
2.606605725515177e-004	4.975404e-004
2.606786276043060e-004	3.478705e-004
2.606969061408326e-004	2.440001e-004
2.607181362779424e-004	1.612761e-004
2.607384748064842e-004	1.092185e-004
2.607666170276134e-004	6.356203e-005
2.607928450402298e-004	3.874801e-005
2.608351320172436e-004	1.749362e-005
2.608754219135813e-004	8.395850e-006
2.609560017062568e-004	2.017281e-006
2.610380078018122e-004	4.055461e-007
2.612020199929227e-004	-1.348712e-008
2.614605521492229e-004	3.486421e-008
2.619776164618232e-004	-8.843182e-009
2.629541789618232e-004	5.630011e-009
2.922510539618232e-004	5.660889e-009
2.990869914618232e-004	6.854669e-009
3.000000000000000e-004	-6.140722e-004
3.000020086214101e-004	-2.190364e-003
3.000060258642303e-004	2.026674e-003
3.000140603498707e-004	4.268536e-002
3.000192758050140e-004	1.050765e-001
3.000254826165565e-004	2.360285e-001
3.000337828326819e-004	5.130073e-001
3.000503832649328e-004	1.384905e+000
3.000771641872624e-004	3.692580e+000
3.001307260319215e-004	1.164842e+001
3.002378497212396e-004	3.966925e+001
3.004520970998760e-004	1.351288e+002
3.008805918571489e-004	3.761691e+002
3.011128106823446e-004	4.839521e+002
3.013035983454141e-004	5.034815e+002
3.014825821722663e-004	4.142414e+002
3.016007829974590e-004	2.767753e+002
3.016731652969661e-004	1.549111e+002
3.017132290023039e-004	7.783436e+001
3.017361410853926e-004	3.610043e+001
3.017480759275366e-004	1.836684e+001
3.017545073070251e-004	1.164177e+001
3.017616719786279e-004	7.266860e+000
3.017696227304651e-004	4.851738e+000
3.017771475731184e-004	3.785935e+000
3.017845732618683e-004	3.295271e+000
3.017927484787784e-004	3.039136e+000
3.018037108158851e-004	2.880305e+000
3.018159942920232e-004	2.802917e+000
3.018358745787045e-004	2.751746e+000
3.018578616354952e-004	2.723360e+000
3.019018357490764e-004	2.685163e+000
3.019566329365888e-004	2.643215e+000
3.020662273116135e-004	2.569638e+000
3.022854160616630e-004	2.450192e+000
3.027237935617620e-004	2.279913e+000
3.036005485619598e-004	2.050684e+000
3.040992771039546e-004	1.964428e+000
3.050000000000000e-004	1.855460e+000
3.050900722896046e-004	1.848389e+000
3.052702168688137e-004	1.844070e+000
3.056305060272318e-004	1.843930e+000
3.061270411847896e-004	1.843983e+000
3.071036036847896e-004	1.843955e+000
3.080801661847896e-004	1.843957e+000
3.090567286847896e-004	1.843955e+000
3.100332911847896e-004	1.843957e+000
3.110098536847896e-004	1.843955e+000
3.119864161847896e-004	1.843956e+000
3.129629786847896e-004	1.843956e+000
3.139395411847896e-004	1.843956e+000
3.149161036847896e-004	1.843956e+000
3.158926661847896e-004	1.843956e+000
3.168692286847896e-004	1.843956e+000
3.178457911847896e-004	1.843956e+000
3.188223536847896e-004	1.843956e+000
3.197989161847896e-004	1.843956e+000
3.207754786847896e-004	1.843956e+000
3.217520411847896e-004	1.843956e+000
3.227286036847896e-004	1.843956e+000
3.237051661847896e-004	1.843956e+000
3.246817286847896e-004	1.843956e+000
3.256582911847896e-004	1.843956e+000
3.266348536847896e-004	1.843956e+000
3.276114161847896e-004	1.843956e+000
3.285879786847896e-004	1.843956e+000
3.295645411847896e-004	1.843956e+000
3.305411036847896e-004	1.843956e+000
3.315176661847896e-004	1.843956e+000
3.324942286847896e-004	1.843956e+000
3.334707911847896e-004	1.843956e+000
3.344473536847896e-004	1.843956e+000
3.354239161847896e-004	1.843956e+000
3.364004786847896e-004	1.843956e+000
3.373770411847896e-004	1.843956e+000
3.383536036847896e-004	1.843956e+000
3.393301661847896e-004	1.843956e+000
3.403067286847896e-004	1.843956e+000
3.412832911847896e-004	1.843956e+000
3.422598536847896e-004	1.843956e+000
3.432364161847896e-004	1.843956e+000
3.442129786847896e-004	1.843956e+000
3.451895411847896e-004	1.843956e+000
3.461661036847896e-004	1.843956e+000
3.471426661847896e-004	1.843956e+000
3.481192286847896e-004	1.843956e+000
3.490957911847896e-004	1.843956e+000
3.500723536847896e-004	1.843956e+000
3.510489161847896e-004	1.843956e+000
3.520254786847896e-004	1.843956e+000
3.530020411847896e-004	1.843956e+000
3.539786036847896e-004	1.843974e+000
3.540234375000001e-004	1.843968e+000
3.541131051304210e-004	1.843955e+000
3.542924403912627e-004	1.843956e+000
3.546511109129462e-004	1.843956e+000
3.550000000000000e-004	1.843956e+000
3.550348889087054e-004	1.840738e+000
3.551046667261161e-004	1.842619e+000
3.552442223609377e-004	1.856159e+000
3.554948275188019e-004	1.884554e+000
3.559067422365494e-004	1.942166e+000
3.567305716720443e-004	2.115309e+000
3.577071341720443e-004	2.490813e+000
3.584093335394041e-004	3.030068e+000
3.587244801441400e-004	3.532537e+000
3.589191945535954e-004	4.123668e+000
3.590335822618898e-004	4.743553e+000
3.591028648030942e-004	5.403524e+000
3.591467174919826e-004	6.117185e+000
3.591747608783583e-004	6.872265e+000
3.592008789238418e-004	7.973525e+000
3.592393882749138e-004	1.032588e+001
3.592971615923687e-004	1.474675e+001
3.593513326351228e-004	1.963328e+001
3.594330237316974e-004	2.721228e+001
3.595376684461375e-004	3.439748e+001
3.596736585401049e-004	3.588078e+001
3.597892078935417e-004	3.098694e+001
3.600000000000000e-004	7.529489e+000
3.600039546970009e-004	7.361439e+000
3.600118640910027e-004	7.180243e+000
3.600276828790063e-004	7.135968e+000
3.600441949625399e-004	7.224204e+000
3.600624401462389e-004	7.312461e+000
3.600989305136367e-004	7.222239e+000
3.601719112484325e-004	5.945060e+000
3.602401572718454e-004	3.597917e+000
3.602932078483762e-004	1.531416e+000
3.603169660720569e-004	8.819488e-001
3.603478053703935e-004	4.411013e-001
3.603802431371891e-004	1.939825e-001
3.604040786527575e-004	1.026775e-001
3.604217730951637e-004	6.713382e-002
3.604420755647297e-004	4.309235e-002
3.604650005150953e-004	2.622970e-002
3.604862042814502e-004	1.662167e-002
3.605070217293749e-004	1.075783e-002
3.605268173029180e-004	7.166095e-003
3.605468534836717e-004	4.783182e-003
3.605667768849014e-004	3.206397e-003
3.605864578403531e-004	2.166470e-003
3.606066076985539e-004	1.450966e-003
3.606257342750834e-004	9.899634e-004
3.606439888385079e-004	6.902860e-004
3.606633769573259e-004	4.703393e-004
3.606806790344518e-004	3.340028e-004
3.606997529168023e-004	2.286693e-004
3.607148887836381e-004	1.693548e-004
3.607330039900295e-004	1.185945e-004
3.607476065082702e-004	8.870874e-005
3.607627302677674e-004	6.556671e-005
3.607748648346746e-004	5.163511e-005
3.607884600494784e-004	3.957463e-005
3.608006533972417e-004	3.118894e-005
3.608131390675014e-004	2.441328e-005
3.608251438147959e-004	1.931342e-005
3.608372975980596e-004	1.529412e-005
3.608499269314307e-004	1.196448e-005
3.608619303677669e-004	9.499482e-006
3.608748227683951e-004	7.374950e-006
3.608871090747623e-004	5.821775e-006
3.609000929255212e-004	4.494906e-006
3.609127978829529e-004	3.529026e-006
3.609259637637048e-004	2.703444e-006
3.609390883318786e-004	2.119449e-006
3.609525730042144e-004	1.602488e-006
3.609661346633399e-004	1.260316e-006
3.609800413891203e-004	9.326594e-007
3.609940977251540e-004	7.410697e-007
3.610085084047029e-004	5.296327e-007
3.610231351121814e-004	4.313318e-007
3.610381316188905e-004	2.911050e-007
3.610534097780595e-004	2.501687e-007
3.610690812598062e-004	1.529702e-007
3.610850972101966e-004	1.463326e-007
3.611015405782951e-004	7.480205e-008
3.611183889391147e-004	8.831178e-008
3.611357066160068e-004	3.187903e-008
3.611534901575665e-004	5.666756e-008
3.611717931774202e-004	9.238473e-009
3.611906257384511e-004	3.995849e-008
3.612100350690416e-004	-2.189495e-009
3.612300411528931e-004	3.108897e-008
3.612506882187833e-004	-1.295756e-008
3.612722214288888e-004	4.334135e-008
3.612952490453739e-004	-3.196577e-008
3.613202811998617e-004	5.402712e-008
3.613482223315857e-004	-4.639901e-008
3.613803822635084e-004	6.235507e-008
3.614187346031389e-004	-5.175233e-008
3.614665441950243e-004	6.148579e-008
3.615293811006633e-004	-4.502201e-008
3.616174459993336e-004	4.858125e-008
3.617509286024932e-004	-2.761973e-008
3.619734528232553e-004	2.890825e-008
3.990234375000000e-004	-1.924581e-010
4.000000000000000e-004	-4.245135e-004
4.000021484395512e-004	-2.116756e-003
4.000064453186537e-004	3.686327e-003
4.000150390768586e-004	5.421342e-002
4.000207013625815e-004	1.302909e-001
4.000271997315735e-004	2.819483e-001
4.000362143093372e-004	6.113777e-001
4.000542434648646e-004	1.657461e+000
4.000860802415169e-004	4.741222e+000
4.001497537948214e-004	1.552867e+001
4.002771009014304e-004	5.368676e+001
4.005317951146484e-004	1.755235e+002
4.009168983323084e-004	3.950005e+002
4.011420420395887e-004	4.923107e+002
4.013344282579667e-004	4.963528e+002
4.015064095250534e-004	3.909964e+002
4.016245007597254e-004	2.390193e+002
4.016888031252959e-004	1.248554e+002
4.017236323855883e-004	5.803798e+001
4.017423769600027e-004	2.615601e+001
4.017519001204774e-004	1.400711e+001
4.017576031591650e-004	9.321408e+000
4.017645444366438e-004	6.099501e+000
4.017708303839784e-004	4.592069e+000
4.017787607977349e-004	3.658017e+000
4.017859950435183e-004	3.239107e+000
4.017951898438502e-004	2.992630e+000
4.018057673130789e-004	2.862180e+000
4.018198890678520e-004	2.789210e+000
4.018395821307392e-004	2.745851e+000
4.018661606521290e-004	2.715553e+000
4.019108987579321e-004	2.678009e+000
4.019838502824106e-004	2.624147e+000
4.021297533313677e-004	2.532105e+000
4.024215594292817e-004	2.389987e+000
4.030051716251098e-004	2.194962e+000
4.038989484383101e-004	1.989172e+000
4.040234375000000e-004	1.968124e+000
4.042724156233799e-004	1.934795e+000
4.045020437532404e-004	1.906508e+000
4.045407437402789e-004	1.902067e+000
4.046181437143560e-004	1.893691e+000
4.047729436625102e-004	1.877903e+000
4.050000000000000e-004	1.855906e+000
4.050227056337490e-004	1.850062e+000
4.050681169012470e-004	1.845041e+000
4.051589394362429e-004	1.843807e+000
4.053405845062347e-004	1.843986e+000
4.056087642874622e-004	1.843935e+000
4.061451238499171e-004	1.843964e+000
4.071216863499171e-004	1.843956e+000
4.080982488499171e-004	1.843956e+000
4.090748113499171e-004	1.843956e+000
4.100513738499171e-004	1.843956e+000
4.110279363499171e-004	1.843956e+000
4.120044988499171e-004	1.843956e+000
4.129810613499171e-004	1.843956e+000
4.139576238499171e-004	1.843956e+000
4.149341863499171e-004	1.843956e+000
4.159107488499171e-004	1.843956e+000
4.168873113499171e-004	1.843956e+000
4.178638738499171e-004	1.843956e+000
4.188404363499171e-004	1.843956e+000
4.198169988499171e-004	1.843956e+000
4.207935613499171e-004	1.843956e+000
4.217701238499171e-004	1.843956e+000
4.227466863499171e-004	1.843956e+000
4.237232488499171e-004	1.843956e+000
4.246998113499171e-004	1.843956e+000
4.256763738499171e-004	1.843956e+000
4.266529363499171e-004	1.843956e+000
4.276294988499171e-004	1.843956e+000
4.286060613499171e-004	1.843956e+000
4.295826238499171e-004	1.843956e+000
4.305591863499171e-004	1.843956e+000
4.315357488499171e-004	1.843956e+000
4.325123113499171e-004	1.843956e+000
4.334888738499171e-004	1.843956e+000
4.344654363499171e-004	1.843956e+000
4.354419988499171e-004	1.843956e+000
4.364185613499171e-004	1.843956e+000
4.373951238499171e-004	1.843956e+000
4.383716863499171e-004	1.843956e+000
4.393482488499171e-004	1.843956e+000
4.403248113499171e-004	1.843956e+000
4.413013738499171e-004	1.843956e+000
4.422779363499171e-004	1.843956e+000
4.432544988499171e-004	1.843956e+000
4.442310613499171e-004	1.843956e+000
4.452076238499171e-004	1.843956e+000
4.461841863499171e-004	1.843956e+000
4.471607488499171e-004	1.843956e+000
4.481373113499171e-004	1.843956e+000
4.491138738499171e-004	1.843956e+000
4.500904363499171e-004	1.843956e+000
4.510669988499171e-004	1.843956e+000
4.520435613499171e-004	1.843956e+000
4.530201238499171e-004	1.843956e+000
4.539966863499171e-004	1.843963e+000
4.540234375000001e-004	1.843961e+000
4.540769398001659e-004	1.843956e+000
4.541839444004976e-004	1.843956e+000
4.543979536011609e-004	1.843956e+000
4.545719815986734e-004	1.843956e+000
4.546519440049752e-004	1.843956e+000
4.548118688175789e-004	1.843956e+000
4.550000000000000e-004	1.843955e+000
4.550188131182421e-004	1.840190e+000
4.550564393547264e-004	1.838736e+000
4.551316918276949e-004	1.844586e+000
4.552821967736318e-004	1.860225e+000
4.555053127337941e-004	1.885688e+000
4.559515446541189e-004	1.950170e+000
4.568440084947683e-004	2.148816e+000
4.578205709947683e-004	2.553308e+000
4.584563321247209e-004	3.088724e+000
4.587573663940626e-004	3.613411e+000
4.589413895820252e-004	4.225237e+000
4.590498966844473e-004	4.877939e+000
4.591155485644154e-004	5.585943e+000
4.591555582270845e-004	6.339213e+000
4.591831444924113e-004	7.184700e+000
4.592091114903093e-004	8.445513e+000
4.592610454861052e-004	1.187148e+001
4.593114581252896e-004	1.596558e+001
4.593748094045902e-004	2.193463e+001
4.594669770738007e-004	2.993460e+001
4.595754683755287e-004	3.596799e+001
4.597342471454389e-004	3.233545e+001
4.597604518651664e-004	3.048432e+001
4.598128613046213e-004	2.682985e+001
4.598951811210902e-004	1.953432e+001
4.600000000000000e-004	7.570227e+000
4.600048645932258e-004	7.378556e+000
4.600145937796774e-004	7.189907e+000
4.600340521525805e-004	7.180716e+000
4.600548208484728e-004	7.292572e+000
4.600742342756045e-004	7.350311e+000
4.601130611298680e-004	7.144568e+000
4.601751811911269e-004	5.856103e+000
4.602439235350274e-004	3.332368e+000
4.602866686954702e-004	1.648986e+000
4.603110125450372e-004	9.742473e-001
4.603445096797068e-004	4.664322e-001
4.603789543765658e-004	1.897809e-001
4.603996587922243e-004	1.074050e-001
4.604165758501934e-004	7.215889e-002
4.604371488045646e-004	4.609472e-002
4.604603354440953e-004	2.784451e-002
4.604819742798593e-004	1.743640e-002
4.605025622750337e-004	1.131881e-002
4.605226129550825e-004	7.496257e-003
4.605422771853935e-004	5.040236e-003
4.605627984494254e-004	3.336867e-003
4.605817259172830e-004	2.275375e-003
4.605993612258811e-004	1.603536e-003
4.606186095821232e-004	1.099020e-003
4.606376695676282e-004	7.533526e-004
4.606563647071438e-004	5.244312e-004
4.606796472900335e-004	3.336702e-004
4.607017346554121e-004	2.188351e-004
4.607339043870644e-004	1.183272e-004
4.607641453330781e-004	6.726645e-005
4.608166727210102e-004	2.546968e-005
4.608675216086552e-004	9.932201e-006
4.609692193839451e-004	1.681092e-006
4.610878761744261e-004	1.989065e-007
4.613251897553881e-004	-8.610040e-008
4.617998169173120e-004	5.146263e-008
4.637490407492903e-004	3.095709e-008
4.656982645812685e-004	1.510667e-008
4.676474884132468e-004	3.911378e-009
4.695967122452251e-004	-2.628786e-009
4.715459360772034e-004	-4.513825e-009
4.734951599091816e-004	-1.743739e-009
4.754443837411599e-004	5.681474e-009
4.979053212411599e-004	5.722644e-009
4.988818837411599e-004	-2.555079e-007
4.990234375000000e-004	-1.470596e-007
4.994337849646394e-004	-1.642138e-007
4.996882648585575e-004	3.687572e-008
5.000000000000000e-004	1.581853e-003
5.000006858166761e-004	-4.903517e-004
5.000020574500284e-004	-2.842552e-003
5.000033383481438e-004	-4.087339e-003
5.000045405845413e-004	-4.430635e-003
5.000068271799099e-004	-2.519466e-003
5.000093539490174e-004	4.893856e-003
5.000132616338298e-004	2.987114e-002
5.000178225604528e-004	8.416222e-002
5.000247300128221e-004	2.223789e-001
5.000337616866560e-004	5.112871e-001
5.000486112342852e-004	1.257386e+000
5.000727416694509e-004	3.216020e+000
5.001210025397822e-004	9.863138e+000
5.002175242804448e-004	3.314398e+001
5.004105677617699e-004	1.133164e+002
5.007966547244201e-004	3.267948e+002
5.010093732418367e-004	4.425752e+002
5.012179710203554e-004	5.055638e+002
5.014243430103585e-004	4.573564e+002
5.015606255742953e-004	3.324599e+002
5.016552928801477e-004	1.881537e+002
5.017047356721698e-004	9.515783e+001
5.017323555743322e-004	4.333970e+001
5.017466991033445e-004	2.069469e+001
5.017541021825104e-004	1.233260e+001
5.017608968568678e-004	7.744264e+000
5.017680147473220e-004	5.244045e+000
5.017747827927171e-004	4.074354e+000
5.017824841485870e-004	3.426676e+000
5.017901589903838e-004	3.113364e+000
5.018005107310207e-004	2.918545e+000
5.018117266219667e-004	2.824732e+000
5.018297143280653e-004	2.763743e+000
5.018495752406603e-004	2.732493e+000
5.018889218663089e-004	2.695760e+000
5.019365871613566e-004	2.658088e+000
5.020319177514519e-004	2.591694e+000
5.022225789316425e-004	2.481624e+000
5.026039012920237e-004	2.320207e+000
5.033665460127861e-004	2.103657e+000
5.041131994484996e-004	1.966919e+000
5.050000000000000e-004	1.855567e+000
5.050886800551501e-004	1.848438e+000
5.052660401654502e-004	1.844074e+000
5.056207603860503e-004	1.843929e+000
5.061110414368127e-004	1.843984e+000
5.070876039368127e-004	1.843955e+000
5.080641664368127e-004	1.843957e+000
5.090407289368127e-004	1.843955e+000
5.100172914368127e-004	1.843957e+000
5.109938539368127e-004	1.843955e+000
5.119704164368127e-004	1.843956e+000
5.129469789368127e-004	1.843956e+000
5.139235414368127e-004	1.843956e+000
5.149001039368127e-004	1.843956e+000
5.158766664368127e-004	1.843956e+000
5.168532289368127e-004	1.843956e+000
5.178297914368127e-004	1.843956e+000
5.188063539368127e-004	1.843956e+000
5.197829164368127e-004	1.843956e+000
5.207594789368127e-004	1.843956e+000
5.217360414368127e-004	1.843956e+000
5.227126039368127e-004	1.843956e+000
5.236891664368127e-004	1.843956e+000
5.246657289368127e-004	1.843956e+000
5.256422914368127e-004	1.843956e+000
5.266188539368127e-004	1.843956e+000
5.275954164368127e-004	1.843956e+000
5.285719789368127e-004	1.843956e+000
5.295485414368127e-004	1.843956e+000
5.305251039368127e-004	1.843956e+000
5.315016664368127e-004	1.843956e+000
5.324782289368127e-004	1.843956e+000
5.334547914368127e-004	1.843956e+000
5.344313539368127e-004	1.843956e+000
5.354079164368127e-004	1.843956e+000
5.363844789368127e-004	1.843956e+000
5.373610414368127e-004	1.843956e+000
5.383376039368127e-004	1.843956e+000
5.393141664368127e-004	1.843956e+000
5.402907289368127e-004	1.843956e+000
5.412672914368127e-004	1.843956e+000
5.422438539368127e-004	1.843956e+000
5.432204164368127e-004	1.843956e+000
5.441969789368127e-004	1.843956e+000
5.451735414368127e-004	1.843956e+000
5.461501039368127e-004	1.843956e+000
5.471266664368127e-004	1.843956e+000
5.481032289368127e-004	1.843956e+000
5.490797914368127e-004	1.843956e+000
5.500563539368127e-004	1.843956e+000
5.510329164368127e-004	1.843956e+000
5.520094789368127e-004	1.843956e+000
5.529860414368127e-004	1.843956e+000
5.539626039368127e-004	1.843971e+000
5.540234375000001e-004	1.843966e+000
5.541451046263747e-004	1.843954e+000
5.543884388791239e-004	1.843955e+000
5.545133314945016e-004	1.843955e+000
5.547631167252572e-004	1.843956e+000
5.550000000000001e-004	1.843956e+000
5.550236883274743e-004	1.840248e+000
5.550710649824228e-004	1.839774e+000
5.551658182923200e-004	1.848002e+000
5.553553249121144e-004	1.868240e+000
5.556296419282913e-004	1.901388e+000
5.561782759606452e-004	1.990173e+000
5.571548384606452e-004	2.256451e+000
5.581314009606452e-004	2.756529e+000
5.585527139489509e-004	3.209473e+000
5.588144274168576e-004	3.758792e+000
5.589668525756311e-004	4.332549e+000
5.590583013726773e-004	4.926696e+000
5.591150681789021e-004	5.548368e+000
5.591516128137315e-004	6.205751e+000
5.591770277792683e-004	6.926310e+000
5.592009375342352e-004	7.987202e+000
5.592471374393140e-004	1.084980e+001
5.592989150501749e-004	1.486580e+001
5.593570120652541e-004	2.018038e+001
5.594387493767190e-004	2.766853e+001
5.595446020242819e-004	3.473096e+001
5.596841776168699e-004	3.541636e+001
5.597834884926638e-004	2.891902e+001
5.598013782484123e-004	2.738351e+001
5.598371577599093e-004	2.445212e+001
5.599087167829033e-004	1.785408e+001
5.600000000000001e-004	7.598378e+000
5.600051778308999e-004	7.387177e+000
5.600155334926994e-004	7.191020e+000
5.600362448162985e-004	7.193399e+000
5.600569248758615e-004	7.303253e+000
5.600772829909306e-004	7.352052e+000
5.601179992210687e-004	7.094384e+000
5.601786735790478e-004	5.755256e+000
5.602475254781228e-004	3.163283e+000
5.602860722891946e-004	1.649562e+000
5.603103967096143e-004	9.882326e-001
5.603467819427226e-004	4.488905e-001
5.603829669266380e-004	1.708121e-001
5.604028183798712e-004	9.810805e-002
5.604193504022506e-004	6.687342e-002
5.604403154020029e-004	4.249624e-002
5.604632081749742e-004	2.586355e-002
5.604849001486390e-004	1.621573e-002
5.605052093357688e-004	1.060172e-002
5.605254152611640e-004	7.007975e-003
5.605448575396995e-004	4.718466e-003
5.605634286811435e-004	3.252845e-003
5.605830217467267e-004	2.201427e-003
5.606011951298447e-004	1.532524e-003
5.606201423350801e-004	1.059631e-003
5.606417073459187e-004	6.949850e-004
5.606629305906759e-004	4.627965e-004
5.606924046939575e-004	2.628017e-004
5.607203822187616e-004	1.551144e-004
5.607666057447010e-004	6.549821e-005
5.608111377149168e-004	2.871158e-005
5.609002016553484e-004	6.100597e-006
5.609963058281299e-004	7.969983e-007
5.611885141736929e-004	-1.070170e-007
5.615364397991504e-004	7.940340e-008
5.622322910500655e-004	-1.567905e-008
5.632088535500655e-004	5.681474e-009
5.990234375000001e-004	-2.032643e-008
6.000000000000001e-004	-1.907995e-003
6.000021484458053e-004	-2.614466e-003
6.000064453374159e-004	3.686373e-003
6.000150391206369e-004	5.422528e-002
6.000207055591212e-004	1.303716e-001
6.000272024854238e-004	2.820243e-001
6.000362203987304e-004	6.116534e-001
6.000542562253436e-004	1.658418e+000
6.000861090338576e-004	4.744804e+000
6.001498146508856e-004	1.554190e+001
6.002772258849417e-004	5.373428e+001
6.005320483530537e-004	1.756472e+002
6.009167296206424e-004	3.949086e+002
6.011417445666303e-004	4.922489e+002
6.013341006987391e-004	4.964520e+002
6.015061968672906e-004	3.912274e+002
6.016242465969729e-004	2.394532e+002
6.016886270070271e-004	1.252085e+002
6.017235106651815e-004	5.827232e+001
6.017423054444572e-004	2.627064e+001
6.017518593769330e-004	1.405415e+001
6.017575530048123e-004	9.357298e+000
6.017644928555132e-004	6.118314e+000
6.017707732343995e-004	4.603091e+000
6.017787087556649e-004	3.662730e+000
6.017859359603817e-004	3.241653e+000
6.017951143862171e-004	2.994097e+000
6.018056775707574e-004	2.862941e+000
6.018197492471156e-004	2.789694e+000
6.018394295308581e-004	2.746084e+000
6.018658407563448e-004	2.715848e+000
6.019105181738238e-004	2.678308e+000
6.019828702704892e-004	2.624822e+000
6.021275744638199e-004	2.533344e+000
6.024169828504813e-004	2.391882e+000
6.029957996238040e-004	2.197548e+000
6.038901893815087e-004	1.990765e+000
6.040234375000001e-004	1.968208e+000
6.042899337369829e-004	1.932423e+000
6.044670075260345e-004	1.910794e+000
6.046458524218968e-004	1.891345e+000
6.050000000000001e-004	1.855977e+000
6.050354147578104e-004	1.849432e+000
6.051062442734311e-004	1.844520e+000
6.052479033046724e-004	1.843832e+000
6.055034393914008e-004	1.844000e+000
6.059330597934609e-004	1.843930e+000
6.067923005975811e-004	1.843959e+000
6.077688630975811e-004	1.843955e+000
6.087454255975811e-004	1.843956e+000
6.097219880975811e-004	1.843956e+000
6.106985505975811e-004	1.843956e+000
6.116751130975811e-004	1.843956e+000
6.126516755975811e-004	1.843956e+000
6.136282380975811e-004	1.843956e+000
6.146048005975811e-004	1.843956e+000
6.155813630975811e-004	1.843956e+000
6.165579255975811e-004	1.843956e+000
6.175344880975811e-004	1.843956e+000
6.185110505975811e-004	1.843956e+000
6.194876130975811e-004	1.843956e+000
6.204641755975811e-004	1.843956e+000
6.214407380975811e-004	1.843956e+000
6.224173005975811e-004	1.843956e+000
6.233938630975811e-004	1.843956e+000
6.243704255975811e-004	1.843956e+000
6.253469880975811e-004	1.843956e+000
6.263235505975811e-004	1.843956e+000
6.273001130975811e-004	1.843956e+000
6.282766755975811e-004	1.843956e+000
6.292532380975811e-004	1.843956e+000
6.302298005975811e-004	1.843956e+000
6.312063630975811e-004	1.843956e+000
6.321829255975811e-004	1.843956e+000
6.331594880975811e-004	1.843956e+000
6.341360505975811e-004	1.843956e+000
6.351126130975811e-004	1.843956e+000
6.360891755975811e-004	1.843956e+000
6.370657380975811e-004	1.843956e+000
6.380423005975811e-004	1.843956e+000
6.390188630975811e-004	1.843956e+000
6.399954255975811e-004	1.843956e+000
6.409719880975811e-004	1.843956e+000
6.419485505975811e-004	1.843956e+000
6.429251130975811e-004	1.843956e+000
6.439016755975811e-004	1.843956e+000
6.448782380975811e-004	1.843956e+000
6.458548005975811e-004	1.843956e+000
6.468313630975811e-004	1.843956e+000
6.478079255975811e-004	1.843956e+000
6.487844880975811e-004	1.843956e+000
6.497610505975811e-004	1.843956e+000
6.507376130975811e-004	1.843956e+000
6.517141755975811e-004	1.843956e+000
6.526907380975811e-004	1.843956e+000
6.536673005975811e-004	1.843954e+000
6.540234375000001e-004	1.843957e+000
6.542877261951622e-004	1.843955e+000
6.544714226096759e-004	1.843956e+000
6.546326071709727e-004	1.843953e+000
6.546776308774064e-004	1.843953e+000
6.547676782902738e-004	1.843956e+000
6.548199051742654e-004	1.843956e+000
6.548955462320169e-004	1.843956e+000
6.550000000000001e-004	1.843955e+000
6.550104453767984e-004	1.840583e+000
6.550313361303950e-004	1.837723e+000
6.550731176375883e-004	1.839196e+000
6.551566806519748e-004	1.847150e+000
6.553017320848893e-004	1.862376e+000
6.555918349507182e-004	1.897046e+000
6.561720406823761e-004	1.989774e+000
6.571486031823761e-004	2.254056e+000
6.581251656823761e-004	2.752865e+000
6.585544794155575e-004	3.215520e+000
6.588200229852219e-004	3.780487e+000
6.589747147657247e-004	4.381762e+000
6.590673793422053e-004	5.018768e+000
6.591234215703781e-004	5.688629e+000
6.591587773228008e-004	6.406560e+000
6.591852829267012e-004	7.256855e+000
6.592106686126479e-004	8.511774e+000
6.592614399845413e-004	1.188689e+001
6.593118570053449e-004	1.599792e+001
6.593753864160666e-004	2.199210e+001
6.594682722979008e-004	3.003198e+001
6.595767829075300e-004	3.600769e+001
6.597364505414701e-004	3.216336e+001
6.597595593601175e-004	3.050771e+001
6.598057769974122e-004	2.742248e+001
6.598982122720018e-004	1.933093e+001
6.600000000000001e-004	7.576845e+000
6.600049396983674e-004	7.380541e+000
6.600148190951020e-004	7.189801e+000
6.600345778885712e-004	7.183172e+000
6.600552900806418e-004	7.294623e+000
6.600749184883260e-004	7.350770e+000
6.601141753036944e-004	7.134718e+000
6.601759351692033e-004	5.837027e+000
6.602447236911038e-004	3.298072e+000
6.602865755062364e-004	1.650477e+000
6.603109242236024e-004	9.838109e-001
6.603479917045780e-004	4.364951e-001
6.603819715454493e-004	1.745866e-001
6.604018194796336e-004	1.013189e-001
6.604183519867088e-004	6.907294e-002
6.604398310250848e-004	4.341038e-002
6.604630352871324e-004	2.617330e-002
6.604845653411426e-004	1.644533e-002
6.605049359837364e-004	1.073831e-002
6.605250151105461e-004	7.115891e-003
6.605446124990696e-004	4.793523e-003
6.605652354417057e-004	3.168105e-003
6.605840422415277e-004	2.164760e-003
6.606014855809512e-004	1.531771e-003
6.606206724596595e-004	1.052736e-003
6.606403464886729e-004	7.137832e-004
6.606596403955471e-004	4.916682e-004
6.606843722125731e-004	3.045135e-004
6.607077874518317e-004	1.949803e-004
6.607429751774514e-004	9.985667e-005
6.607762479344158e-004	5.439955e-005
6.608427934483448e-004	1.634687e-005
6.609035897576158e-004	4.808036e-006
6.610251823761578e-004	5.279746e-007
6.611852456134708e-004	9.573421e-008
6.615053720880966e-004	-5.832431e-008
6.621456250373483e-004	2.852470e-008
6.631221875373483e-004	5.763814e-009
6.640987500373483e-004	5.516794e-009
6.650753125373483e-004	5.763814e-009
6.660518750373483e-004	5.599134e-009
6.990234375000001e-004	1.998867e-008
7.000000000000001e-004	1.640949e-003
7.000021484381053e-004	-1.423929e-003
7.000064453143155e-004	3.686353e-003
7.000150390667359e-004	5.419859e-002
7.000206959782204e-004	1.301874e-001
7.000271962401580e-004	2.818520e-001
7.000362065163790e-004	6.110247e-001
7.000542270688209e-004	1.656233e+000
7.000860432594010e-004	4.736623e+000
7.001496756405613e-004	1.551168e+001
7.002769404028817e-004	5.362574e+001
7.005314699275225e-004	1.753648e+002
7.009171158285704e-004	3.951189e+002
7.011424251692193e-004	4.923899e+002
7.013348501079149e-004	4.962244e+002
7.015066831597787e-004	3.906988e+002
7.016248284029782e-004	2.384595e+002
7.016890302769440e-004	1.243999e+002
7.017237894709541e-004	5.773586e+001
7.017424693080303e-004	2.600828e+001
7.017519526764091e-004	1.394656e+001
7.017576683138675e-004	9.275045e+000
7.017646118053345e-004	6.075081e+000
7.017709047453814e-004	4.577820e+000
7.017788289708174e-004	3.651886e+000
7.017860721941827e-004	3.235801e+000
7.017952889221778e-004	2.990718e+000
7.018058845415104e-004	2.861193e+000
7.018200730633955e-004	2.788578e+000
7.018397816299831e-004	2.745548e+000
7.018665835675608e-004	2.715163e+000
7.019113990414680e-004	2.677617e+000
7.019851518954052e-004	2.623251e+000
7.021326576032796e-004	2.530458e+000
7.024276690190285e-004	2.387473e+000
7.030176918505262e-004	2.191534e+000
7.039106867043272e-004	1.987053e+000
7.040234375000000e-004	1.968021e+000
7.042489390913457e-004	1.937955e+000
7.045489968173087e-004	1.902804e+000
7.050000000000000e-004	1.855818e+000
7.050451003182692e-004	1.849080e+000
7.051353009548075e-004	1.844337e+000
7.053157022278840e-004	1.843866e+000
7.056124836485126e-004	1.844004e+000
7.061855054441620e-004	1.843938e+000
7.071620679441620e-004	1.843957e+000
7.081386304441620e-004	1.843955e+000
7.091151929441620e-004	1.843956e+000
7.100917554441620e-004	1.843955e+000
7.110683179441620e-004	1.843956e+000
7.120448804441620e-004	1.843956e+000
7.130214429441620e-004	1.843956e+000
7.139980054441620e-004	1.843956e+000
7.149745679441620e-004	1.843956e+000
7.159511304441620e-004	1.843956e+000
7.169276929441620e-004	1.843956e+000
7.179042554441620e-004	1.843956e+000
7.188808179441620e-004	1.843956e+000
7.198573804441620e-004	1.843956e+000
7.208339429441620e-004	1.843956e+000
7.218105054441620e-004	1.843956e+000
7.227870679441620e-004	1.843956e+000
7.237636304441620e-004	1.843956e+000
7.247401929441620e-004	1.843956e+000
7.257167554441620e-004	1.843956e+000
7.266933179441620e-004	1.843956e+000
7.276698804441620e-004	1.843956e+000
7.286464429441620e-004	1.843956e+000
7.296230054441620e-004	1.843956e+000
7.305995679441620e-004	1.843956e+000
7.315761304441620e-004	1.843956e+000
7.325526929441620e-004	1.843956e+000
7.335292554441620e-004	1.843956e+000
7.345058179441620e-004	1.843956e+000
7.354823804441620e-004	1.843956e+000
7.364589429441620e-004	1.843956e+000
7.374355054441621e-004	1.843956e+000
7.384120679441621e-004	1.843956e+000
7.393886304441621e-004	1.843956e+000
7.403651929441621e-004	1.843956e+000
7.413417554441621e-004	1.843956e+000
7.423183179441621e-004	1.843956e+000
7.432948804441621e-004	1.843956e+000
7.442714429441621e-004	1.843956e+000
7.452480054441621e-004	1.843956e+000
7.462245679441621e-004	1.843956e+000
7.472011304441621e-004	1.843956e+000
7.481776929441621e-004	1.843956e+000
7.491542554441621e-004	1.843956e+000
7.501308179441621e-004	1.843956e+000
7.511073804441621e-004	1.843956e+000
7.520839429441621e-004	1.843956e+000
7.530605054441621e-004	1.843956e+000
7.540370679441621e-004	1.843956e+000
7.550000000000000e-004	1.843994e+000
7.550962932055839e-004	1.845832e+000
7.552888796167514e-004	1.861500e+000
7.556740524390866e-004	1.907560e+000
7.561814118201675e-004	1.989809e+000
7.571579743201675e-004	2.257629e+000
7.581345368201675e-004	2.758049e+000
7.585506450274243e-004	3.203940e+000
7.588098830983467e-004	3.741988e+000
7.589608353271548e-004	4.297048e+000
7.590515322255406e-004	4.862331e+000
7.591084694074777e-004	5.447434e+000
7.591458421082433e-004	6.066136e+000
7.591714484093773e-004	6.732933e+000
7.591951196483166e-004	7.676530e+000
7.592310454586926e-004	9.730823e+000
7.592827586679846e-004	1.351724e+001
7.593363235751689e-004	1.821265e+001
7.594088313984923e-004	2.510712e+001
7.595141450760319e-004	3.312662e+001
7.596352619376319e-004	3.690093e+001
7.598063341476100e-004	3.065159e+001
7.600000000000000e-004	7.571562e+000
7.600041373346346e-004	7.385525e+000
7.600124120039035e-004	7.188629e+000
7.600289613424414e-004	7.143286e+000
7.600457808240044e-004	7.233896e+000
7.600640171263692e-004	7.318945e+000
7.601004897310988e-004	7.215346e+000
7.601734349405579e-004	5.904917e+000
7.602409957821342e-004	3.556702e+000
7.602920929428548e-004	1.558315e+000
7.603158522029595e-004	9.049671e-001
7.603472851320677e-004	4.485232e-001
7.603801951438119e-004	1.930244e-001
7.604023787435617e-004	1.061064e-001
7.604196794812447e-004	7.034891e-002
7.604401610936492e-004	4.500006e-002
7.604633087760989e-004	2.721907e-002
7.604846786736254e-004	1.715905e-002
7.605054525896044e-004	1.110424e-002
7.605252807426522e-004	7.389371e-003
7.605452758035484e-004	4.935008e-003
7.605652671675482e-004	3.303082e-003
7.605848867592273e-004	2.234186e-003
7.606051365711014e-004	1.493179e-003
7.606241454421660e-004	1.020465e-003
7.606421785865218e-004	7.147191e-004
7.606615110044127e-004	4.874541e-004
7.606784693431252e-004	3.484642e-004
7.606974321665580e-004	2.405653e-004
7.607155557662058e-004	1.679446e-004
7.607327888599383e-004	1.197633e-004
7.607514852757812e-004	8.306005e-005
7.607697283111495e-004	5.858826e-005
7.607934667118117e-004	3.694480e-005
7.608148608145430e-004	2.456631e-005
7.608451815165004e-004	1.368229e-005
7.608737801095095e-004	8.130809e-006
7.609208534358395e-004	3.323150e-006
7.609664524182550e-004	1.526310e-006
7.610493493536400e-004	3.078861e-007
7.611443329703782e-004	1.205156e-007
7.613296587732935e-004	-2.286035e-008
7.616201745461261e-004	3.132359e-008
7.622012060917914e-004	-4.743398e-009
7.990234375000000e-004	-6.903226e-010
8.000000000000000e-004	-5.554785e-004
8.000021484398067e-004	-2.160714e-003
8.000064453194201e-004	3.686327e-003
8.000150390786468e-004	5.421458e-002
8.000207017835017e-004	1.302990e-001
8.000272000056548e-004	2.819559e-001
8.000362149190815e-004	6.114053e-001
8.000542447459349e-004	1.657557e+000
8.000860831242987e-004	4.741581e+000
8.001497598810263e-004	1.552999e+001
8.002771133944814e-004	5.369151e+001
8.005318204213916e-004	1.755359e+002
8.009168814503639e-004	3.949913e+002
8.011420122833700e-004	4.923045e+002
8.013343954932959e-004	4.963627e+002
8.015063882610446e-004	3.910195e+002
8.016244753299266e-004	2.390628e+002
8.016887855010959e-004	1.248907e+002
8.017236202023801e-004	5.806143e+001
8.017423698007873e-004	2.616748e+001
8.017518960436393e-004	1.401181e+001
8.017575981268335e-004	9.325001e+000
8.017645392503670e-004	6.101388e+000
8.017708246462622e-004	4.593174e+000
8.017787555588770e-004	3.658490e+000
8.017859891033758e-004	3.239362e+000
8.017951822407686e-004	2.992777e+000
8.018057582892819e-004	2.862256e+000
8.018198749671755e-004	2.789258e+000
8.018395667823380e-004	2.745875e+000
8.018661283332208e-004	2.715582e+000
8.019108603970595e-004	2.678039e+000
8.019837510965755e-004	2.624215e+000
8.021295324956077e-004	2.532230e+000
8.024210952936720e-004	2.390179e+000
8.030042208898007e-004	2.195224e+000
8.038980588000627e-004	1.989334e+000
8.040234375000001e-004	1.968133e+000
8.042741948998747e-004	1.934555e+000
8.044984852002508e-004	1.906945e+000
8.046572877972417e-004	1.889552e+000
8.047882632040122e-004	1.876291e+000
8.050000000000001e-004	1.855915e+000
8.050211736795989e-004	1.850185e+000
8.050635210387965e-004	1.845150e+000
8.051482157571916e-004	1.843814e+000
8.053176051939819e-004	1.843984e+000
8.055689170047121e-004	1.843937e+000
8.060715406261725e-004	1.843963e+000
8.070481031261725e-004	1.843956e+000
8.080246656261725e-004	1.843956e+000
8.090012281261725e-004	1.843956e+000
8.099777906261725e-004	1.843956e+000
8.109543531261725e-004	1.843956e+000
8.119309156261725e-004	1.843956e+000
8.129074781261725e-004	1.843956e+000
8.138840406261725e-004	1.843956e+000
8.148606031261725e-004	1.843956e+000
8.158371656261725e-004	1.843956e+000
8.168137281261725e-004	1.843956e+000
8.177902906261725e-004	1.843956e+000
8.187668531261725e-004	1.843956e+000
8.197434156261725e-004	1.843956e+000
8.207199781261725e-004	1.843956e+000
8.216965406261725e-004	1.843956e+000
8.226731031261725e-004	1.843956e+000
8.236496656261725e-004	1.843956e+000
8.246262281261725e-004	1.843956e+000
8.256027906261725e-004	1.843956e+000
8.265793531261725e-004	1.843956e+000
8.275559156261725e-004	1.843956e+000
8.285324781261725e-004	1.843956e+000
8.295090406261725e-004	1.843956e+000
8.304856031261725e-004	1.843956e+000
8.314621656261725e-004	1.843956e+000
8.324387281261725e-004	1.843956e+000
8.334152906261725e-004	1.843956e+000
8.343918531261725e-004	1.843956e+000
8.353684156261726e-004	1.843956e+000
8.363449781261726e-004	1.843956e+000
8.373215406261726e-004	1.843956e+000
8.382981031261726e-004	1.843956e+000
8.392746656261726e-004	1.843956e+000
8.402512281261726e-004	1.843956e+000
8.412277906261726e-004	1.843956e+000
8.422043531261726e-004	1.843956e+000
8.431809156261726e-004	1.843956e+000
8.441574781261726e-004	1.843956e+000
8.451340406261726e-004	1.843956e+000
8.461106031261726e-004	1.843956e+000
8.470871656261726e-004	1.843956e+000
8.480637281261726e-004	1.843956e+000
8.490402906261726e-004	1.843956e+000
8.500168531261726e-004	1.843956e+000
8.509934156261726e-004	1.843956e+000
8.519699781261726e-004	1.843956e+000
8.529465406261726e-004	1.843956e+000
8.539231031261726e-004	1.843958e+000
8.540234375000001e-004	1.843957e+000
8.542241062476551e-004	1.843956e+000
8.546254437429651e-004	1.843956e+000
8.550000000000001e-004	1.843955e+000
8.550374556257035e-004	1.840893e+000
8.551123668771105e-004	1.843323e+000
8.552621893799245e-004	1.858075e+000
8.555232529476604e-004	1.888066e+000
8.559696599779900e-004	1.952880e+000
8.568624740386491e-004	2.154256e+000
8.578390365386491e-004	2.564408e+000
8.584656585082160e-004	3.102034e+000
8.587653123338200e-004	3.635579e+000
8.589481313594399e-004	4.259992e+000
8.590559548001217e-004	4.928472e+000
8.591182403058990e-004	5.624518e+000
8.591574000964345e-004	6.388703e+000
8.591850076006618e-004	7.260596e+000
8.592112647567990e-004	8.564187e+000
8.592637790690733e-004	1.207660e+001
8.593141054021373e-004	1.620265e+001
8.593786117786164e-004	2.231333e+001
8.594735371891399e-004	3.043073e+001
8.595827393655249e-004	3.619587e+001
8.597461984214955e-004	3.135311e+001
8.597551667718906e-004	3.067673e+001
8.597731034726808e-004	2.954477e+001
8.598089768742613e-004	2.695560e+001
8.598807236774222e-004	2.098839e+001
8.600000000000001e-004	7.589249e+000
8.600046597436230e-004	7.387692e+000
8.600139792308687e-004	7.191094e+000
8.600326182053601e-004	7.172119e+000
8.600512744817282e-004	7.273605e+000
8.600707127255451e-004	7.341955e+000
8.601095892131790e-004	7.170307e+000
8.601726304827111e-004	5.925837e+000
8.602422189329396e-004	3.419027e+000
8.602880948617185e-004	1.618892e+000
8.603124315116536e-004	9.455166e-001
8.603446903207980e-004	4.620749e-001
8.603782564165822e-004	1.938019e-001
8.603992557079880e-004	1.093231e-001
8.604162993891305e-004	7.312588e-002
8.604368090346451e-004	4.674412e-002
8.604600808613865e-004	2.817726e-002
8.604816766418189e-004	1.765220e-002
8.605023259089721e-004	1.144268e-002
8.605223434864237e-004	7.581465e-003
8.605420441460870e-004	5.093481e-003
8.605625338456647e-004	3.373841e-003
8.605814907419638e-004	2.299412e-003
8.605991550419729e-004	1.619424e-003
8.606184089199898e-004	1.112064e-003
8.606387694991166e-004	7.447324e-004
8.606588783456256e-004	5.053050e-004
8.606850762973052e-004	3.046949e-004
8.607103168125319e-004	1.889470e-004
8.607496349274718e-004	8.997592e-005
8.607871989000462e-004	4.513297e-005
8.608623268451950e-004	1.188824e-005
8.609356183415097e-004	2.596763e-006
8.610822013341389e-004	1.171285e-007
8.613022203539280e-004	7.284364e-008
8.617422583935063e-004	-3.727266e-008
8.626223344726629e-004	9.826096e-009
8.635988969726629e-004	6.010835e-009
8.645754594726629e-004	5.516794e-009
8.655520219726629e-004	5.846154e-009
8.665285844726629e-004	5.516794e-009
8.675051469726629e-004	5.763814e-009
8.684817094726629e-004	5.557964e-009
8.726669773298058e-004	5.612471e-009
8.768522451869486e-004	5.656651e-009
8.810375130440915e-004	5.690504e-009
8.852227809012343e-004	5.714029e-009
8.894080487583772e-004	5.727228e-009
8.935933166155201e-004	5.730100e-009
8.977785844726629e-004	5.722644e-009
8.987551469726629e-004	1.221930e-007
8.994634189453257e-004	-1.198698e-008
9.000000000000001e-004	-1.565098e-003
9.000011804854727e-004	-2.104733e-003
9.000035414564179e-004	-3.564534e-003
9.000063637145330e-004	-2.809742e-003
9.000089550835070e-004	3.190914e-003
9.000122810605200e-004	2.163063e-002
9.000166458636419e-004	6.735743e-002
9.000228636041116e-004	1.783816e-001
9.000314110930770e-004	4.241526e-001
9.000444330658078e-004	1.012431e+000
9.000657364747216e-004	2.564454e+000
9.001083432925492e-004	7.816570e+000
9.001935569282042e-004	2.625026e+001
9.003639841995143e-004	9.060784e+001
9.007048387421345e-004	2.706485e+002
9.009255105273380e-004	3.984676e+002
9.011467637107150e-004	4.933305e+002
9.013562766707544e-004	4.886978e+002
9.015261381715738e-004	3.697649e+002
9.016499744660711e-004	1.960103e+002
9.017074011231484e-004	8.975861e+001
9.017371984499399e-004	3.530903e+001
9.017510028382311e-004	1.575103e+001
9.017580386733233e-004	9.559893e+000
9.017662701409161e-004	5.771302e+000
9.017724352744234e-004	4.394505e+000
9.017796607344684e-004	3.621316e+000
9.017872654343330e-004	3.211880e+000
9.017961798118690e-004	2.984525e+000
9.018077321959466e-004	2.851075e+000
9.018209008041604e-004	2.786506e+000
9.018426290649477e-004	2.741891e+000
9.018667427209591e-004	2.714781e+000
9.019149700329820e-004	2.674725e+000
9.019769562559223e-004	2.628535e+000
9.021009287018030e-004	2.548281e+000
9.023488735935645e-004	2.420513e+000
9.028447633770875e-004	2.242080e+000
9.037862215319863e-004	2.011896e+000
9.040649625715390e-004	1.963551e+000
9.044425179208947e-004	1.916068e+000
9.050000000000001e-004	1.856352e+000
9.050557482079107e-004	1.849080e+000
9.051672446237318e-004	1.844229e+000
9.053902374553739e-004	1.843890e+000
9.057342882350919e-004	1.844001e+000
9.064223897945280e-004	1.843944e+000
9.073989522945280e-004	1.843957e+000
9.083755147945280e-004	1.843955e+000
9.093520772945280e-004	1.843957e+000
9.103286397945280e-004	1.843955e+000
9.113052022945280e-004	1.843956e+000
9.122817647945280e-004	1.843955e+000
9.132583272945280e-004	1.843956e+000
9.142348897945280e-004	1.843956e+000
9.152114522945280e-004	1.843956e+000
9.161880147945280e-004	1.843956e+000
9.171645772945280e-004	1.843956e+000
9.181411397945280e-004	1.843956e+000
9.191177022945280e-004	1.843956e+000
9.200942647945280e-004	1.843956e+000
9.210708272945280e-004	1.843956e+000
9.220473897945280e-004	1.843956e+000
9.230239522945280e-004	1.843956e+000
9.240005147945280e-004	1.843956e+000
9.249770772945280e-004	1.843956e+000
9.259536397945280e-004	1.843956e+000
9.269302022945280e-004	1.843956e+000
9.279067647945280e-004	1.843956e+000
9.288833272945280e-004	1.843956e+000
9.298598897945280e-004	1.843956e+000
9.308364522945280e-004	1.843956e+000
9.318130147945280e-004	1.843956e+000
9.327895772945280e-004	1.843956e+000
9.337661397945280e-004	1.843956e+000
9.347427022945280e-004	1.843956e+000
9.357192647945280e-004	1.843956e+000
9.366958272945280e-004	1.843956e+000
9.376723897945280e-004	1.843956e+000
9.386489522945280e-004	1.843956e+000
9.396255147945280e-004	1.843956e+000
9.406020772945280e-004	1.843956e+000
9.415786397945280e-004	1.843956e+000
9.425552022945280e-004	1.843956e+000
9.435317647945280e-004	1.843956e+000
9.445083272945280e-004	1.843956e+000
9.454848897945280e-004	1.843956e+000
9.464614522945280e-004	1.843956e+000
9.474380147945280e-004	1.843956e+000
9.484145772945280e-004	1.843956e+000
9.493911397945280e-004	1.843956e+000
9.503677022945280e-004	1.843956e+000
9.513442647945280e-004	1.843956e+000
9.523208272945280e-004	1.843956e+000
9.532973897945280e-004	1.843956e+000
9.540234375000001e-004	1.843957e+000
9.550000000000001e-004	1.844007e+000
9.550976562500001e-004	1.845965e+000
9.552929687500001e-004	1.861955e+000
9.556835937500000e-004	1.908855e+000
9.561965860332520e-004	1.992586e+000
9.571731485332520e-004	2.263601e+000
9.581497110332520e-004	2.764768e+000
9.585388775265098e-004	3.174596e+000
9.587852903260000e-004	3.657877e+000
9.589288038231422e-004	4.127673e+000
9.590159452813965e-004	4.579249e+000
9.590756337200623e-004	5.050922e+000
9.591181522481761e-004	5.555787e+000
9.591482138269567e-004	6.089339e+000
9.591708417244860e-004	6.685638e+000
9.591921486863294e-004	7.530894e+000
9.592298989884897e-004	9.699806e+000
9.592863866658432e-004	1.382560e+001
9.593387809212816e-004	1.842161e+001
9.594132243808849e-004	2.548935e+001
9.595181703624793e-004	3.334980e+001
9.596418100314068e-004	3.678695e+001
9.598034385503457e-004	3.072563e+001
9.600000000000001e-004	7.569617e+000
9.600041110217801e-004	7.383992e+000
9.600123330653400e-004	7.187903e+000
9.600287771524596e-004	7.142285e+000
9.600455321775708e-004	7.232396e+000
9.600637570095947e-004	7.317943e+000
9.601002066736425e-004	7.216870e+000
9.601731060017381e-004	5.913826e+000
9.602408000303877e-004	3.565862e+000
9.602922889961998e-004	1.553560e+000
9.603160513227992e-004	9.006901e-001
9.603473498051252e-004	4.473545e-001
9.603801566409490e-004	1.934335e-001
9.604026800550427e-004	1.055028e-001
9.604200644076444e-004	6.974369e-002
9.604405063544717e-004	4.464585e-002
9.604636112606414e-004	2.703779e-002
9.604849504406101e-004	1.706123e-002
9.605057311803985e-004	1.104153e-002
9.605255571758165e-004	7.348371e-003
9.605455532506639e-004	4.907794e-003
9.605655431664544e-004	3.285040e-003
9.605851570691279e-004	2.222325e-003
9.606054162360569e-004	1.484989e-003
9.606244100173501e-004	1.015104e-003
9.606424100505830e-004	7.114404e-004
9.606617326486547e-004	4.853022e-004
9.606786350674462e-004	3.473034e-004
9.606975785733377e-004	2.401951e-004
9.607164522678572e-004	1.654149e-004
9.607344711646468e-004	1.167256e-004
9.607570443689148e-004	7.524523e-005
9.607775421783856e-004	5.077699e-005
9.608064966093475e-004	2.907345e-005
9.608330648099452e-004	1.768874e-005
9.608763643833108e-004	7.804595e-006
9.609172608890015e-004	3.781377e-006
9.609990539003831e-004	8.687062e-007
9.610825562045029e-004	2.176389e-007
9.612495608127423e-004	-1.926528e-008
9.615042944631597e-004	3.440448e-008
9.620137617639943e-004	-8.404271e-009
9.629903242639943e-004	5.640304e-009
9.990234375000001e-004	3.876824e-009
1.000000000000000e-003	2.128494e-008
