V(out)	I(R_load)	power
8.631294e-020	8.631293e+000	7.44992271e-19	
9.038074e-020	8.631293e+000	7.801026e-19	
9.464025e-020	8.631293e+000	8.16867645e-19	
9.910051e-020	8.631293e+000	8.55365508e-19	
1.037710e-019	8.631293e+000	8.9567836e-19	
1.086615e-019	8.631293e+000	9.378892e-19	
1.137826e-019	8.631293e+000	9.8209138e-19	
1.191450e-019	8.631293e+000	1.0283758e-18	
1.247601e-019	8.631293e+000	1.07684122e-18	
1.306399e-019	8.631293e+000	1.12759167e-18	
1.367968e-019	8.631293e+000	1.18073387e-18	
1.432438e-019	8.631293e+000	1.23637973e-18	
1.499947e-019	8.631293e+000	1.29464781e-18	
1.570637e-019	8.631293e+000	1.35566321e-18	
1.644659e-019	8.631293e+000	1.41955368e-18	
1.722169e-019	8.631293e+000	1.4864549e-18	
1.803333e-019	8.631293e+000	1.55650908e-18	
1.888321e-019	8.631293e+000	1.62986505e-18	
1.977315e-019	8.631293e+000	1.70667824e-18	
2.070503e-019	8.631293e+000	1.78711194e-18	
2.168083e-019	8.631293e+000	1.87133606e-18	
2.270262e-019	8.631293e+000	1.95952971e-18	
2.377256e-019	8.631293e+000	2.05187859e-18	
2.489292e-019	8.631293e+000	2.14858025e-18	
2.606609e-019	8.631293e+000	2.24984016e-18	
2.729455e-019	8.631293e+000	2.35587299e-18	
2.858090e-019	8.631293e+000	2.46690132e-18	
2.992788e-019	8.631293e+000	2.58316353e-18	
3.133833e-019	8.631293e+000	2.70490326e-18	
3.281526e-019	8.631293e+000	2.8323813e-18	
3.436180e-019	8.631293e+000	2.96586763e-18	
3.598122e-019	8.631293e+000	3.1056441e-18	
3.767696e-019	8.631293e+000	3.25200838e-18	
3.945262e-019	8.631293e+000	3.40527124e-18	
4.131197e-019	8.631293e+000	3.5657567e-18	
4.325894e-019	8.631293e+000	3.73380588e-18	
4.529767e-019	8.631293e+000	3.90977435e-18	
4.743249e-019	8.631293e+000	4.09403749e-18	
4.966791e-019	8.631293e+000	4.2869825e-18	
5.200869e-019	8.631293e+000	4.48902292e-18	
5.445978e-019	8.631293e+000	4.70058284e-18	
5.702639e-019	8.631293e+000	4.922114e-18	
5.971396e-019	8.631293e+000	5.15408656e-18	
6.252820e-019	8.631293e+000	5.39699182e-18	
6.547506e-019	8.631293e+000	5.6513447e-18	
6.856080e-019	8.631293e+000	5.91768388e-18	
7.179197e-019	8.631293e+000	6.19657567e-18	
7.517543e-019	8.631293e+000	6.48861143e-18	
7.871833e-019	8.631293e+000	6.79440886e-18	
8.242821e-019	8.631293e+000	7.11461986e-18	
8.631294e-019	8.631293e+000	7.44992271e-18	
9.038074e-019	8.631293e+000	7.801026e-18	
9.464025e-019	8.631293e+000	8.16867645e-18	
9.910051e-019	8.631293e+000	8.55365508e-18	
1.037710e-018	8.631293e+000	8.9567836e-18	
1.086615e-018	8.631293e+000	9.378892e-18	
1.137826e-018	8.631293e+000	9.8209138e-18	
1.191450e-018	8.631293e+000	1.0283758e-17	
1.247601e-018	8.631293e+000	1.07684122e-17	
1.306399e-018	8.631293e+000	1.12759167e-17	
1.367968e-018	8.631293e+000	1.18073387e-17	
1.432438e-018	8.631293e+000	1.23637973e-17	
1.499947e-018	8.631293e+000	1.29464781e-17	
1.570637e-018	8.631293e+000	1.35566321e-17	
1.644659e-018	8.631293e+000	1.41955368e-17	
1.722169e-018	8.631293e+000	1.4864549e-17	
1.803333e-018	8.631293e+000	1.55650908e-17	
1.888321e-018	8.631293e+000	1.62986505e-17	
1.977315e-018	8.631293e+000	1.70667824e-17	
2.070503e-018	8.631293e+000	1.78711194e-17	
2.168083e-018	8.631293e+000	1.87133606e-17	
2.270262e-018	8.631293e+000	1.95952971e-17	
2.377256e-018	8.631293e+000	2.05187859e-17	
2.489292e-018	8.631293e+000	2.14858025e-17	
2.606609e-018	8.631293e+000	2.24984016e-17	
2.729455e-018	8.631293e+000	2.35587299e-17	
2.858090e-018	8.631293e+000	2.46690132e-17	
2.992787e-018	8.631293e+000	2.5831622e-17	
3.133833e-018	8.631293e+000	2.70490326e-17	
3.281526e-018	8.631293e+000	2.8323813e-17	
3.436180e-018	8.631293e+000	2.96586763e-17	
3.598122e-018	8.631293e+000	3.1056441e-17	
3.767696e-018	8.631293e+000	3.25200838e-17	
3.945262e-018	8.631293e+000	3.40527124e-17	
4.131197e-018	8.631293e+000	3.5657567e-17	
4.325894e-018	8.631293e+000	3.73380588e-17	
4.529767e-018	8.631293e+000	3.90977435e-17	
4.743248e-018	8.631293e+000	4.09403618e-17	
4.966791e-018	8.631293e+000	4.2869825e-17	
5.200869e-018	8.631293e+000	4.48902292e-17	
5.445978e-018	8.631293e+000	4.70058284e-17	
5.702639e-018	8.631293e+000	4.922114e-17	
5.971396e-018	8.631293e+000	5.15408656e-17	
6.252820e-018	8.631293e+000	5.39699182e-17	
6.547506e-018	8.631293e+000	5.6513447e-17	
6.856080e-018	8.631293e+000	5.91768388e-17	
7.179197e-018	8.631293e+000	6.19657567e-17	
7.517542e-018	8.631293e+000	6.48861012e-17	
7.871833e-018	8.631293e+000	6.79440886e-17	
8.242821e-018	8.631293e+000	7.11461986e-17	
8.631294e-018	8.631293e+000	7.44992271e-17	
9.038074e-018	8.631293e+000	7.801026e-17	
9.464025e-018	8.631293e+000	8.16867645e-17	
9.910051e-018	8.631293e+000	8.55365508e-17	
1.037710e-017	8.631293e+000	8.9567836e-17	
1.086615e-017	8.631293e+000	9.378892e-17	
1.137826e-017	8.631293e+000	9.8209138e-17	
1.191450e-017	8.631293e+000	1.0283758e-16	
1.247602e-017	8.631293e+000	1.07684122e-16	
1.306399e-017	8.631293e+000	1.12759167e-16	
1.367968e-017	8.631293e+000	1.18073387e-16	
1.432438e-017	8.631293e+000	1.23637973e-16	
1.499947e-017	8.631293e+000	1.29464781e-16	
1.570637e-017	8.631293e+000	1.35566321e-16	
1.644659e-017	8.631293e+000	1.41955368e-16	
1.722170e-017	8.631293e+000	1.4864549e-16	
1.803333e-017	8.631293e+000	1.55650908e-16	
1.888321e-017	8.631293e+000	1.62986505e-16	
1.977315e-017	8.631293e+000	1.70667824e-16	
2.070503e-017	8.631293e+000	1.78711194e-16	
2.168083e-017	8.631293e+000	1.87133606e-16	
2.270262e-017	8.631293e+000	1.95952971e-16	
2.377256e-017	8.631293e+000	2.05187859e-16	
2.489292e-017	8.631293e+000	2.14858025e-16	
2.606609e-017	8.631293e+000	2.24984016e-16	
2.729455e-017	8.631293e+000	2.35587299e-16	
2.858090e-017	8.631293e+000	2.46690132e-16	
2.992787e-017	8.631293e+000	2.5831622e-16	
3.133833e-017	8.631293e+000	2.70490326e-16	
3.281526e-017	8.631293e+000	2.8323813e-16	
3.436180e-017	8.631293e+000	2.96586763e-16	
3.598122e-017	8.631293e+000	3.1056441e-16	
3.767696e-017	8.631293e+000	3.25200838e-16	
3.945262e-017	8.631293e+000	3.40527124e-16	
4.131197e-017	8.631293e+000	3.5657567e-16	
4.325894e-017	8.631293e+000	3.73380588e-16	
4.529767e-017	8.631293e+000	3.90977435e-16	
4.743249e-017	8.631293e+000	4.09403749e-16	
4.966791e-017	8.631293e+000	4.2869825e-16	
5.200869e-017	8.631293e+000	4.48902292e-16	
5.445978e-017	8.631293e+000	4.70058284e-16	
5.702639e-017	8.631293e+000	4.922114e-16	
5.971396e-017	8.631293e+000	5.15408656e-16	
6.252820e-017	8.631293e+000	5.39699182e-16	
6.547506e-017	8.631293e+000	5.6513447e-16	
6.856080e-017	8.631293e+000	5.91768388e-16	
7.179197e-017	8.631293e+000	6.19657567e-16	
7.517542e-017	8.631293e+000	6.48861012e-16	
7.871833e-017	8.631293e+000	6.79440886e-16	
8.242821e-017	8.631293e+000	7.11461986e-16	
8.631294e-017	8.631293e+000	7.44992271e-16	
9.038074e-017	8.631293e+000	7.801026e-16	
9.464025e-017	8.631293e+000	8.16867645e-16	
9.910051e-017	8.631293e+000	8.55365508e-16	
1.037710e-016	8.631293e+000	8.9567836e-16	
1.086615e-016	8.631293e+000	9.378892e-16	
1.137826e-016	8.631293e+000	9.8209138e-16	
1.191450e-016	8.631293e+000	1.0283758e-15	
1.247601e-016	8.631293e+000	1.07684122e-15	
1.306399e-016	8.631293e+000	1.12759167e-15	
1.367968e-016	8.631293e+000	1.18073387e-15	
1.432438e-016	8.631293e+000	1.23637973e-15	
1.499947e-016	8.631293e+000	1.29464781e-15	
1.570637e-016	8.631293e+000	1.35566321e-15	
1.644659e-016	8.631293e+000	1.41955368e-15	
1.722170e-016	8.631293e+000	1.4864549e-15	
1.803333e-016	8.631293e+000	1.55650908e-15	
1.888321e-016	8.631293e+000	1.62986505e-15	
1.977315e-016	8.631293e+000	1.70667824e-15	
2.070503e-016	8.631293e+000	1.78711194e-15	
2.168083e-016	8.631293e+000	1.87133606e-15	
2.270261e-016	8.631293e+000	1.9595284e-15	
2.377256e-016	8.631293e+000	2.05187859e-15	
2.489292e-016	8.631293e+000	2.14858025e-15	
2.606609e-016	8.631293e+000	2.24984016e-15	
2.729455e-016	8.631293e+000	2.35587299e-15	
2.858090e-016	8.631293e+000	2.46690132e-15	
2.992788e-016	8.631293e+000	2.58316353e-15	
3.133833e-016	8.631293e+000	2.70490326e-15	
3.281526e-016	8.631293e+000	2.8323813e-15	
3.436180e-016	8.631293e+000	2.96586763e-15	
3.598122e-016	8.631293e+000	3.1056441e-15	
3.767696e-016	8.631293e+000	3.25200838e-15	
3.945262e-016	8.631293e+000	3.40527124e-15	
4.131197e-016	8.631293e+000	3.5657567e-15	
4.325894e-016	8.631293e+000	3.73380588e-15	
4.529767e-016	8.631293e+000	3.90977435e-15	
4.743248e-016	8.631293e+000	4.09403618e-15	
4.966791e-016	8.631293e+000	4.2869825e-15	
5.200869e-016	8.631293e+000	4.48902292e-15	
5.445978e-016	8.631293e+000	4.70058284e-15	
5.702639e-016	8.631293e+000	4.922114e-15	
5.971396e-016	8.631293e+000	5.15408656e-15	
6.252819e-016	8.631293e+000	5.3969905e-15	
6.547506e-016	8.631293e+000	5.6513447e-15	
6.856080e-016	8.631293e+000	5.91768388e-15	
7.179197e-016	8.631293e+000	6.19657567e-15	
7.517542e-016	8.631293e+000	6.48861012e-15	
7.871833e-016	8.631293e+000	6.79440886e-15	
8.242821e-016	8.631293e+000	7.11461986e-15	
8.631293e-016	8.631293e+000	7.4499214e-15	
9.038073e-016	8.631293e+000	7.801026e-15	
9.464025e-016	8.631293e+000	8.16867645e-15	
9.910050e-016	8.631293e+000	8.55365375e-15	
1.037710e-015	8.631293e+000	8.9567836e-15	
1.086615e-015	8.631293e+000	9.378892e-15	
1.137826e-015	8.631293e+000	9.8209138e-15	
1.191450e-015	8.631293e+000	1.0283758e-14	
1.247601e-015	8.631293e+000	1.07684122e-14	
1.306399e-015	8.631293e+000	1.12759167e-14	
1.367968e-015	8.631293e+000	1.18073387e-14	
1.432438e-015	8.631293e+000	1.23637973e-14	
1.499947e-015	8.631293e+000	1.29464781e-14	
1.570637e-015	8.631293e+000	1.35566321e-14	
1.644659e-015	8.631293e+000	1.41955368e-14	
1.722169e-015	8.631293e+000	1.4864549e-14	
1.803333e-015	8.631293e+000	1.55650908e-14	
1.888321e-015	8.631293e+000	1.62986505e-14	
1.977315e-015	8.631293e+000	1.70667824e-14	
2.070503e-015	8.631293e+000	1.78711194e-14	
2.168083e-015	8.631293e+000	1.87133606e-14	
2.270262e-015	8.631293e+000	1.95952971e-14	
2.377256e-015	8.631293e+000	2.05187859e-14	
2.489292e-015	8.631293e+000	2.14858025e-14	
2.606609e-015	8.631293e+000	2.24984016e-14	
2.729455e-015	8.631293e+000	2.35587299e-14	
2.858090e-015	8.631293e+000	2.46690132e-14	
2.992787e-015	8.631293e+000	2.5831622e-14	
3.133833e-015	8.631293e+000	2.70490326e-14	
3.281526e-015	8.631293e+000	2.8323813e-14	
3.436180e-015	8.631293e+000	2.96586763e-14	
3.598122e-015	8.631293e+000	3.1056441e-14	
3.767696e-015	8.631293e+000	3.25200838e-14	
3.945262e-015	8.631293e+000	3.40527124e-14	
4.131197e-015	8.631293e+000	3.5657567e-14	
4.325894e-015	8.631293e+000	3.73380588e-14	
4.529767e-015	8.631293e+000	3.90977435e-14	
4.743249e-015	8.631293e+000	4.09403749e-14	
4.966791e-015	8.631293e+000	4.2869825e-14	
5.200869e-015	8.631293e+000	4.48902292e-14	
5.445978e-015	8.631293e+000	4.70058284e-14	
5.702639e-015	8.631293e+000	4.922114e-14	
5.971396e-015	8.631293e+000	5.15408656e-14	
6.252819e-015	8.631293e+000	5.3969905e-14	
6.547506e-015	8.631293e+000	5.6513447e-14	
6.856080e-015	8.631293e+000	5.91768388e-14	
7.179197e-015	8.631293e+000	6.19657567e-14	
7.517543e-015	8.631293e+000	6.48861143e-14	
7.871833e-015	8.631293e+000	6.79440886e-14	
8.242822e-015	8.631293e+000	7.11462117e-14	
8.631294e-015	8.631293e+000	7.44992271e-14	
9.038074e-015	8.631293e+000	7.801026e-14	
9.464025e-015	8.631293e+000	8.16867645e-14	
9.910051e-015	8.631293e+000	8.55365508e-14	
1.037710e-014	8.631293e+000	8.9567836e-14	
1.086615e-014	8.631293e+000	9.378892e-14	
1.137826e-014	8.631293e+000	9.8209138e-14	
1.191450e-014	8.631293e+000	1.0283758e-13	
1.247602e-014	8.631293e+000	1.07684122e-13	
1.306399e-014	8.631293e+000	1.12759167e-13	
1.367968e-014	8.631293e+000	1.18073387e-13	
1.432438e-014	8.631293e+000	1.23637973e-13	
1.499947e-014	8.631293e+000	1.29464781e-13	
1.570637e-014	8.631293e+000	1.35566321e-13	
1.644659e-014	8.631293e+000	1.41955368e-13	
1.722169e-014	8.631293e+000	1.4864549e-13	
1.803333e-014	8.631293e+000	1.55650908e-13	
1.888321e-014	8.631293e+000	1.62986505e-13	
1.977315e-014	8.631293e+000	1.70667824e-13	
2.070503e-014	8.631293e+000	1.78711194e-13	
2.168083e-014	8.631293e+000	1.87133606e-13	
2.270262e-014	8.631293e+000	1.95952971e-13	
2.377256e-014	8.631293e+000	2.05187859e-13	
2.489292e-014	8.631293e+000	2.14858025e-13	
2.606609e-014	8.631293e+000	2.24984016e-13	
2.729455e-014	8.631293e+000	2.35587299e-13	
2.858090e-014	8.631293e+000	2.46690132e-13	
2.992788e-014	8.631293e+000	2.58316353e-13	
3.133833e-014	8.631293e+000	2.70490326e-13	
3.281526e-014	8.631293e+000	2.8323813e-13	
3.436180e-014	8.631293e+000	2.96586763e-13	
3.598122e-014	8.631293e+000	3.1056441e-13	
3.767696e-014	8.631293e+000	3.25200838e-13	
3.945262e-014	8.631293e+000	3.40527124e-13	
4.131197e-014	8.631293e+000	3.5657567e-13	
4.325894e-014	8.631293e+000	3.73380588e-13	
4.529767e-014	8.631293e+000	3.90977435e-13	
4.743249e-014	8.631293e+000	4.09403749e-13	
4.966791e-014	8.631293e+000	4.2869825e-13	
5.200869e-014	8.631293e+000	4.48902292e-13	
5.445978e-014	8.631293e+000	4.70058284e-13	
5.702639e-014	8.631293e+000	4.922114e-13	
5.971396e-014	8.631293e+000	5.15408656e-13	
6.252820e-014	8.631293e+000	5.39699182e-13	
6.547506e-014	8.631293e+000	5.6513447e-13	
6.856080e-014	8.631293e+000	5.91768388e-13	
7.179197e-014	8.631293e+000	6.19657567e-13	
7.517542e-014	8.631293e+000	6.48861012e-13	
7.871833e-014	8.631293e+000	6.79440886e-13	
8.242821e-014	8.631293e+000	7.11461986e-13	
8.631294e-014	8.631293e+000	7.44992271e-13	
9.038074e-014	8.631293e+000	7.801026e-13	
9.464025e-014	8.631293e+000	8.16867645e-13	
9.910051e-014	8.631293e+000	8.55365508e-13	
1.037710e-013	8.631293e+000	8.9567836e-13	
1.086615e-013	8.631293e+000	9.378892e-13	
1.137826e-013	8.631293e+000	9.8209138e-13	
1.191450e-013	8.631293e+000	1.0283758e-12	
1.247601e-013	8.631293e+000	1.07684122e-12	
1.306399e-013	8.631293e+000	1.12759167e-12	
1.367968e-013	8.631293e+000	1.18073387e-12	
1.432438e-013	8.631293e+000	1.23637973e-12	
1.499947e-013	8.631293e+000	1.29464781e-12	
1.570637e-013	8.631293e+000	1.35566321e-12	
1.644659e-013	8.631293e+000	1.41955368e-12	
1.722169e-013	8.631293e+000	1.4864549e-12	
1.803333e-013	8.631293e+000	1.55650908e-12	
1.888321e-013	8.631293e+000	1.62986505e-12	
1.977315e-013	8.631293e+000	1.70667824e-12	
2.070503e-013	8.631293e+000	1.78711194e-12	
2.168083e-013	8.631293e+000	1.87133606e-12	
2.270261e-013	8.631293e+000	1.9595284e-12	
2.377256e-013	8.631293e+000	2.05187859e-12	
2.489292e-013	8.631293e+000	2.14858025e-12	
2.606609e-013	8.631293e+000	2.24984016e-12	
2.729455e-013	8.631293e+000	2.35587299e-12	
2.858090e-013	8.631293e+000	2.46690132e-12	
2.992787e-013	8.631293e+000	2.5831622e-12	
3.133833e-013	8.631293e+000	2.70490326e-12	
3.281526e-013	8.631293e+000	2.8323813e-12	
3.436180e-013	8.631293e+000	2.96586763e-12	
3.598122e-013	8.631293e+000	3.1056441e-12	
3.767696e-013	8.631293e+000	3.25200838e-12	
3.945262e-013	8.631293e+000	3.40527124e-12	
4.131197e-013	8.631293e+000	3.5657567e-12	
4.325894e-013	8.631293e+000	3.73380588e-12	
4.529767e-013	8.631293e+000	3.90977435e-12	
4.743248e-013	8.631293e+000	4.09403618e-12	
4.966791e-013	8.631293e+000	4.2869825e-12	
5.200868e-013	8.631293e+000	4.4890216e-12	
5.445978e-013	8.631293e+000	4.70058284e-12	
5.702639e-013	8.631293e+000	4.922114e-12	
5.971396e-013	8.631293e+000	5.15408656e-12	
6.252819e-013	8.631293e+000	5.3969905e-12	
6.547506e-013	8.631293e+000	5.6513447e-12	
6.856080e-013	8.631293e+000	5.91768388e-12	
7.179197e-013	8.631293e+000	6.19657567e-12	
7.517542e-013	8.631293e+000	6.48861012e-12	
7.871833e-013	8.631293e+000	6.79440886e-12	
8.242821e-013	8.631293e+000	7.11461986e-12	
8.631293e-013	8.631293e+000	7.4499214e-12	
9.038074e-013	8.631293e+000	7.801026e-12	
9.464025e-013	8.631293e+000	8.16867645e-12	
9.910051e-013	8.631293e+000	8.55365508e-12	
1.037710e-012	8.631293e+000	8.9567836e-12	
1.086615e-012	8.631293e+000	9.378892e-12	
1.137826e-012	8.631293e+000	9.8209138e-12	
1.191450e-012	8.631293e+000	1.0283758e-11	
1.247602e-012	8.631293e+000	1.07684122e-11	
1.306399e-012	8.631293e+000	1.12759167e-11	
1.367968e-012	8.631293e+000	1.18073387e-11	
1.432438e-012	8.631293e+000	1.23637973e-11	
1.499947e-012	8.631293e+000	1.29464781e-11	
1.570637e-012	8.631293e+000	1.35566321e-11	
1.644659e-012	8.631293e+000	1.41955368e-11	
1.722169e-012	8.631293e+000	1.4864549e-11	
1.803333e-012	8.631293e+000	1.55650908e-11	
1.888321e-012	8.631293e+000	1.62986505e-11	
1.977315e-012	8.631293e+000	1.70667824e-11	
2.070503e-012	8.631293e+000	1.78711194e-11	
2.168083e-012	8.631293e+000	1.87133606e-11	
2.270261e-012	8.631293e+000	1.9595284e-11	
2.377256e-012	8.631293e+000	2.05187859e-11	
2.489292e-012	8.631293e+000	2.14858025e-11	
2.606609e-012	8.631293e+000	2.24984016e-11	
2.729455e-012	8.631293e+000	2.35587299e-11	
2.858090e-012	8.631293e+000	2.46690132e-11	
2.992787e-012	8.631293e+000	2.5831622e-11	
3.133833e-012	8.631293e+000	2.70490326e-11	
3.281526e-012	8.631293e+000	2.8323813e-11	
3.436180e-012	8.631293e+000	2.96586763e-11	
3.598122e-012	8.631293e+000	3.1056441e-11	
3.767696e-012	8.631293e+000	3.25200838e-11	
3.945263e-012	8.631293e+000	3.40527255e-11	
4.131197e-012	8.631293e+000	3.5657567e-11	
4.325894e-012	8.631293e+000	3.73380588e-11	
4.529767e-012	8.631293e+000	3.90977435e-11	
4.743249e-012	8.631293e+000	4.09403749e-11	
4.966791e-012	8.631293e+000	4.2869825e-11	
5.200869e-012	8.631293e+000	4.48902292e-11	
5.445978e-012	8.631293e+000	4.70058284e-11	
5.702639e-012	8.631293e+000	4.922114e-11	
5.971396e-012	8.631293e+000	5.15408656e-11	
6.252819e-012	8.631293e+000	5.3969905e-11	
6.547506e-012	8.631293e+000	5.6513447e-11	
6.856080e-012	8.631293e+000	5.91768388e-11	
7.179197e-012	8.631293e+000	6.19657567e-11	
7.517542e-012	8.631293e+000	6.48861012e-11	
7.871833e-012	8.631293e+000	6.79440886e-11	
8.242821e-012	8.631293e+000	7.11461986e-11	
8.631294e-012	8.631293e+000	7.44992271e-11	
9.038074e-012	8.631293e+000	7.801026e-11	
9.464025e-012	8.631293e+000	8.16867645e-11	
9.910051e-012	8.631293e+000	8.55365508e-11	
1.037710e-011	8.631293e+000	8.9567836e-11	
1.086615e-011	8.631293e+000	9.378892e-11	
1.137826e-011	8.631293e+000	9.8209138e-11	
1.191450e-011	8.631293e+000	1.0283758e-10	
1.247602e-011	8.631293e+000	1.07684122e-10	
1.306399e-011	8.631293e+000	1.12759167e-10	
1.367968e-011	8.631293e+000	1.18073387e-10	
1.432438e-011	8.631293e+000	1.23637973e-10	
1.499947e-011	8.631293e+000	1.29464781e-10	
1.570637e-011	8.631293e+000	1.35566321e-10	
1.644659e-011	8.631293e+000	1.41955368e-10	
1.722169e-011	8.631293e+000	1.4864549e-10	
1.803333e-011	8.631293e+000	1.55650908e-10	
1.888321e-011	8.631293e+000	1.62986505e-10	
1.977315e-011	8.631293e+000	1.70667824e-10	
2.070503e-011	8.631293e+000	1.78711194e-10	
2.168083e-011	8.631293e+000	1.87133606e-10	
2.270262e-011	8.631293e+000	1.95952971e-10	
2.377256e-011	8.631293e+000	2.05187859e-10	
2.489292e-011	8.631293e+000	2.14858025e-10	
2.606609e-011	8.631293e+000	2.24984016e-10	
2.729455e-011	8.631293e+000	2.35587299e-10	
2.858090e-011	8.631293e+000	2.46690132e-10	
2.992788e-011	8.631293e+000	2.58316353e-10	
3.133833e-011	8.631293e+000	2.70490326e-10	
3.281526e-011	8.631293e+000	2.8323813e-10	
3.436180e-011	8.631293e+000	2.96586763e-10	
3.598122e-011	8.631293e+000	3.1056441e-10	
3.767696e-011	8.631293e+000	3.25200838e-10	
3.945262e-011	8.631293e+000	3.40527124e-10	
4.131197e-011	8.631293e+000	3.5657567e-10	
4.325894e-011	8.631293e+000	3.73380588e-10	
4.529767e-011	8.631293e+000	3.90977435e-10	
4.743249e-011	8.631293e+000	4.09403749e-10	
4.966791e-011	8.631293e+000	4.2869825e-10	
5.200869e-011	8.631293e+000	4.48902292e-10	
5.445978e-011	8.631293e+000	4.70058284e-10	
5.702639e-011	8.631293e+000	4.922114e-10	
5.971396e-011	8.631293e+000	5.15408656e-10	
6.252819e-011	8.631293e+000	5.3969905e-10	
6.547506e-011	8.631293e+000	5.6513447e-10	
6.856080e-011	8.631293e+000	5.91768388e-10	
7.179198e-011	8.631293e+000	6.19657567e-10	
7.517542e-011	8.631293e+000	6.48861012e-10	
7.871833e-011	8.631293e+000	6.79440886e-10	
8.242821e-011	8.631293e+000	7.11461986e-10	
8.631294e-011	8.631293e+000	7.44992271e-10	
9.038074e-011	8.631293e+000	7.801026e-10	
9.464025e-011	8.631293e+000	8.16867645e-10	
9.910051e-011	8.631293e+000	8.55365508e-10	
1.037710e-010	8.631293e+000	8.9567836e-10	
1.086615e-010	8.631293e+000	9.378892e-10	
1.137826e-010	8.631293e+000	9.8209138e-10	
1.191450e-010	8.631293e+000	1.0283758e-9	
1.247601e-010	8.631293e+000	1.07684122e-9	
1.306399e-010	8.631293e+000	1.12759167e-9	
1.367968e-010	8.631293e+000	1.18073387e-9	
1.432438e-010	8.631293e+000	1.23637973e-9	
1.499947e-010	8.631293e+000	1.29464781e-9	
1.570637e-010	8.631293e+000	1.35566321e-9	
1.644659e-010	8.631293e+000	1.41955368e-9	
1.722169e-010	8.631293e+000	1.4864549e-9	
1.803333e-010	8.631293e+000	1.55650908e-9	
1.888321e-010	8.631293e+000	1.62986505e-9	
1.977315e-010	8.631293e+000	1.70667824e-9	
2.070503e-010	8.631293e+000	1.78711194e-9	
2.168083e-010	8.631293e+000	1.87133606e-9	
2.270261e-010	8.631293e+000	1.9595284e-9	
2.377256e-010	8.631293e+000	2.05187859e-9	
2.489292e-010	8.631293e+000	2.14858025e-9	
2.606609e-010	8.631293e+000	2.24984016e-9	
2.729455e-010	8.631293e+000	2.35587299e-9	
2.858090e-010	8.631293e+000	2.46690132e-9	
2.992787e-010	8.631293e+000	2.5831622e-9	
3.133833e-010	8.631293e+000	2.70490326e-9	
3.281526e-010	8.631293e+000	2.8323813e-9	
3.436180e-010	8.631293e+000	2.96586763e-9	
3.598122e-010	8.631293e+000	3.1056441e-9	
3.767696e-010	8.631293e+000	3.25200838e-9	
3.945262e-010	8.631293e+000	3.40527124e-9	
4.131197e-010	8.631293e+000	3.5657567e-9	
4.325894e-010	8.631293e+000	3.73380588e-9	
4.529767e-010	8.631293e+000	3.90977435e-9	
4.743249e-010	8.631293e+000	4.09403749e-9	
4.966791e-010	8.631293e+000	4.2869825e-9	
5.200869e-010	8.631293e+000	4.48902292e-9	
5.445978e-010	8.631293e+000	4.70058284e-9	
5.702639e-010	8.631293e+000	4.922114e-9	
5.971396e-010	8.631293e+000	5.15408656e-9	
6.252819e-010	8.631293e+000	5.3969905e-9	
6.547506e-010	8.631293e+000	5.6513447e-9	
6.856080e-010	8.631293e+000	5.91768388e-9	
7.179197e-010	8.631293e+000	6.19657567e-9	
7.517542e-010	8.631293e+000	6.48861012e-9	
7.871833e-010	8.631293e+000	6.79440886e-9	
8.242821e-010	8.631293e+000	7.11461986e-9	
8.631293e-010	8.631293e+000	7.4499214e-9	
9.038074e-010	8.631293e+000	7.801026e-9	
9.464025e-010	8.631293e+000	8.16867645e-9	
9.910051e-010	8.631293e+000	8.55365508e-9	
1.037710e-009	8.631293e+000	8.9567836e-9	
1.086615e-009	8.631293e+000	9.378892e-9	
1.137826e-009	8.631293e+000	9.8209138e-9	
1.191450e-009	8.631293e+000	1.0283758e-8	
1.247601e-009	8.631293e+000	1.07684122e-8	
1.306399e-009	8.631293e+000	1.12759167e-8	
1.367968e-009	8.631293e+000	1.18073387e-8	
1.432438e-009	8.631293e+000	1.23637973e-8	
1.499947e-009	8.631293e+000	1.29464781e-8	
1.570637e-009	8.631293e+000	1.35566321e-8	
1.644659e-009	8.631293e+000	1.41955368e-8	
1.722170e-009	8.631293e+000	1.4864549e-8	
1.803333e-009	8.631293e+000	1.55650908e-8	
1.888321e-009	8.631293e+000	1.62986505e-8	
1.977315e-009	8.631293e+000	1.70667824e-8	
2.070503e-009	8.631293e+000	1.78711194e-8	
2.168083e-009	8.631293e+000	1.87133606e-8	
2.270262e-009	8.631293e+000	1.95952971e-8	
2.377256e-009	8.631293e+000	2.05187859e-8	
2.489292e-009	8.631293e+000	2.14858025e-8	
2.606609e-009	8.631293e+000	2.24984016e-8	
2.729455e-009	8.631293e+000	2.35587299e-8	
2.858090e-009	8.631293e+000	2.46690132e-8	
2.992788e-009	8.631293e+000	2.58316353e-8	
3.133833e-009	8.631293e+000	2.70490326e-8	
3.281526e-009	8.631293e+000	2.8323813e-8	
3.436180e-009	8.631293e+000	2.96586763e-8	
3.598122e-009	8.631293e+000	3.1056441e-8	
3.767696e-009	8.631293e+000	3.25200838e-8	
3.945262e-009	8.631293e+000	3.40527124e-8	
4.131197e-009	8.631293e+000	3.5657567e-8	
4.325894e-009	8.631293e+000	3.73380588e-8	
4.529767e-009	8.631293e+000	3.90977435e-8	
4.743248e-009	8.631293e+000	4.09403618e-8	
4.966791e-009	8.631293e+000	4.2869825e-8	
5.200869e-009	8.631293e+000	4.48902292e-8	
5.445978e-009	8.631293e+000	4.70058284e-8	
5.702639e-009	8.631293e+000	4.922114e-8	
5.971396e-009	8.631293e+000	5.15408656e-8	
6.252820e-009	8.631293e+000	5.39699182e-8	
6.547506e-009	8.631293e+000	5.6513447e-8	
6.856080e-009	8.631293e+000	5.91768388e-8	
7.179197e-009	8.631293e+000	6.19657567e-8	
7.517542e-009	8.631293e+000	6.48861012e-8	
7.871833e-009	8.631293e+000	6.79440886e-8	
8.242822e-009	8.631293e+000	7.11462117e-8	
8.631294e-009	8.631293e+000	7.44992271e-8	
9.038073e-009	8.631293e+000	7.801026e-8	
9.464025e-009	8.631293e+000	8.16867645e-8	
9.910051e-009	8.631293e+000	8.55365508e-8	
1.037710e-008	8.631293e+000	8.9567836e-8	
1.086616e-008	8.631293e+000	9.3789052e-8	
1.137826e-008	8.631293e+000	9.8209138e-8	
1.191450e-008	8.631293e+000	1.0283758e-7	
1.247601e-008	8.631293e+000	1.07684122e-7	
1.306399e-008	8.631293e+000	1.12759167e-7	
1.367968e-008	8.631293e+000	1.18073387e-7	
1.432438e-008	8.631293e+000	1.23637973e-7	
1.499947e-008	8.631293e+000	1.29464781e-7	
1.570637e-008	8.631293e+000	1.35566321e-7	
1.644659e-008	8.631293e+000	1.41955368e-7	
1.722169e-008	8.631293e+000	1.4864549e-7	
1.803333e-008	8.631293e+000	1.55650908e-7	
1.888321e-008	8.631293e+000	1.62986505e-7	
1.977315e-008	8.631293e+000	1.70667824e-7	
2.070503e-008	8.631293e+000	1.78711194e-7	
2.168083e-008	8.631293e+000	1.87133606e-7	
2.270261e-008	8.631293e+000	1.9595284e-7	
2.377256e-008	8.631293e+000	2.05187859e-7	
2.489292e-008	8.631293e+000	2.14858025e-7	
2.606609e-008	8.631293e+000	2.24984016e-7	
2.729455e-008	8.631293e+000	2.35587299e-7	
2.858090e-008	8.631293e+000	2.46690132e-7	
2.992788e-008	8.631293e+000	2.58316353e-7	
3.133833e-008	8.631293e+000	2.70490326e-7	
3.281526e-008	8.631293e+000	2.8323813e-7	
3.436180e-008	8.631293e+000	2.96586763e-7	
3.598122e-008	8.631293e+000	3.1056441e-7	
3.767696e-008	8.631293e+000	3.25200838e-7	
3.945262e-008	8.631293e+000	3.40527124e-7	
4.131197e-008	8.631293e+000	3.5657567e-7	
4.325894e-008	8.631293e+000	3.73380588e-7	
4.529767e-008	8.631293e+000	3.90977435e-7	
4.743249e-008	8.631293e+000	4.09403749e-7	
4.966791e-008	8.631293e+000	4.2869825e-7	
5.200869e-008	8.631293e+000	4.48902292e-7	
5.445978e-008	8.631293e+000	4.70058284e-7	
5.702639e-008	8.631293e+000	4.922114e-7	
5.971396e-008	8.631293e+000	5.15408656e-7	
6.252819e-008	8.631293e+000	5.3969905e-7	
6.547506e-008	8.631293e+000	5.6513447e-7	
6.856080e-008	8.631293e+000	5.91768388e-7	
7.179197e-008	8.631293e+000	6.19657567e-7	
7.517542e-008	8.631293e+000	6.48861012e-7	
7.871833e-008	8.631293e+000	6.79440886e-7	
8.242822e-008	8.631293e+000	7.11462117e-7	
8.631294e-008	8.631293e+000	7.44992271e-7	
9.038074e-008	8.631293e+000	7.801026e-7	
9.464025e-008	8.631293e+000	8.16867645e-7	
9.910051e-008	8.631293e+000	8.55365508e-7	
1.037710e-007	8.631293e+000	8.9567836e-7	
1.086615e-007	8.631293e+000	9.378892e-7	
1.137826e-007	8.631293e+000	9.8209138e-7	
1.191450e-007	8.631293e+000	1.0283758e-6	
1.247601e-007	8.631293e+000	1.07684122e-6	
1.306399e-007	8.631293e+000	1.12759167e-6	
1.367968e-007	8.631293e+000	1.18073387e-6	
1.432438e-007	8.631293e+000	1.23637973e-6	
1.499947e-007	8.631293e+000	1.29464781e-6	
1.570637e-007	8.631293e+000	1.35566321e-6	
1.644659e-007	8.631293e+000	1.41955368e-6	
1.722169e-007	8.631293e+000	1.4864549e-6	
1.803333e-007	8.631293e+000	1.55650908e-6	
1.888321e-007	8.631293e+000	1.62986505e-6	
1.977315e-007	8.631293e+000	1.70667824e-6	
2.070503e-007	8.631293e+000	1.78711194e-6	
2.168083e-007	8.631293e+000	1.87133606e-6	
2.270261e-007	8.631293e+000	1.9595284e-6	
2.377256e-007	8.631293e+000	2.05187859e-6	
2.489292e-007	8.631293e+000	2.14858025e-6	
2.606609e-007	8.631293e+000	2.24984016e-6	
2.729455e-007	8.631293e+000	2.35587299e-6	
2.858090e-007	8.631293e+000	2.46690132e-6	
2.992788e-007	8.631293e+000	2.58316353e-6	
3.133833e-007	8.631293e+000	2.70490326e-6	
3.281526e-007	8.631293e+000	2.8323813e-6	
3.436180e-007	8.631293e+000	2.96586763e-6	
3.598122e-007	8.631293e+000	3.1056441e-6	
3.767696e-007	8.631293e+000	3.25200838e-6	
3.945262e-007	8.631293e+000	3.40527124e-6	
4.131197e-007	8.631293e+000	3.5657567e-6	
4.325894e-007	8.631293e+000	3.73380588e-6	
4.529767e-007	8.631293e+000	3.90977435e-6	
4.743248e-007	8.631293e+000	4.09403618e-6	
4.966791e-007	8.631293e+000	4.2869825e-6	
5.200869e-007	8.631293e+000	4.48902292e-6	
5.445978e-007	8.631293e+000	4.70058284e-6	
5.702639e-007	8.631293e+000	4.922114e-6	
5.971396e-007	8.631293e+000	5.15408656e-6	
6.252819e-007	8.631293e+000	5.3969905e-6	
6.547506e-007	8.631293e+000	5.6513447e-6	
6.856080e-007	8.631293e+000	5.91768388e-6	
7.179197e-007	8.631293e+000	6.19657567e-6	
7.517542e-007	8.631293e+000	6.48861012e-6	
7.871833e-007	8.631293e+000	6.79440886e-6	
8.242821e-007	8.631293e+000	7.11461986e-6	
8.631293e-007	8.631293e+000	7.4499214e-6	
9.038073e-007	8.631293e+000	7.801026e-6	
9.464025e-007	8.631293e+000	8.16867645e-6	
9.910051e-007	8.631293e+000	8.55365508e-6	
1.037710e-006	8.631293e+000	8.9567836e-6	
1.086615e-006	8.631293e+000	9.378892e-6	
1.137826e-006	8.631293e+000	9.8209138e-6	
1.191450e-006	8.631293e+000	1.0283758e-5	
1.247602e-006	8.631293e+000	1.07684122e-5	
1.306399e-006	8.631293e+000	1.12759167e-5	
1.367968e-006	8.631293e+000	1.18073387e-5	
1.432438e-006	8.631293e+000	1.23637973e-5	
1.499947e-006	8.631293e+000	1.29464781e-5	
1.570637e-006	8.631293e+000	1.35566321e-5	
1.644659e-006	8.631293e+000	1.41955368e-5	
1.722169e-006	8.631293e+000	1.4864549e-5	
1.803333e-006	8.631293e+000	1.55650908e-5	
1.888321e-006	8.631293e+000	1.62986505e-5	
1.977315e-006	8.631293e+000	1.70667824e-5	
2.070503e-006	8.631293e+000	1.78711194e-5	
2.168083e-006	8.631293e+000	1.87133606e-5	
2.270261e-006	8.631293e+000	1.9595284e-5	
2.377255e-006	8.631293e+000	2.05187859e-5	
2.489292e-006	8.631293e+000	2.14858025e-5	
2.606609e-006	8.631293e+000	2.24984016e-5	
2.729455e-006	8.631293e+000	2.35587299e-5	
2.858090e-006	8.631293e+000	2.46690132e-5	
2.992787e-006	8.631293e+000	2.5831622e-5	
3.133833e-006	8.631293e+000	2.70490326e-5	
3.281526e-006	8.631293e+000	2.8323813e-5	
3.436180e-006	8.631293e+000	2.96586763e-5	
3.598122e-006	8.631293e+000	3.1056441e-5	
3.767696e-006	8.631293e+000	3.25200838e-5	
3.945262e-006	8.631293e+000	3.40527124e-5	
4.131196e-006	8.631293e+000	3.5657567e-5	
4.325894e-006	8.631293e+000	3.73380588e-5	
4.529767e-006	8.631293e+000	3.90977435e-5	
4.743248e-006	8.631293e+000	4.09403618e-5	
4.966791e-006	8.631293e+000	4.2869825e-5	
5.200868e-006	8.631292e+000	4.4890216e-5	
5.445977e-006	8.631292e+000	4.70058151e-5	
5.702639e-006	8.631292e+000	4.922114e-5	
5.971396e-006	8.631292e+000	5.15408656e-5	
6.252819e-006	8.631292e+000	5.3969905e-5	
6.547505e-006	8.631292e+000	5.65134338e-5	
6.856079e-006	8.631292e+000	5.91768256e-5	
7.179196e-006	8.631292e+000	6.19657436e-5	
7.517542e-006	8.631292e+000	6.48861012e-5	
7.871832e-006	8.631292e+000	6.79440886e-5	
8.242821e-006	8.631292e+000	7.11461986e-5	
8.631292e-006	8.631292e+000	7.4499214e-5	
9.038073e-006	8.631292e+000	7.801026e-5	
9.464024e-006	8.631292e+000	8.16867645e-5	
9.910049e-006	8.631292e+000	8.55365375e-5	
1.037710e-005	8.631292e+000	8.9567836e-5	
1.086615e-005	8.631292e+000	9.378892e-5	
1.137826e-005	8.631292e+000	9.8209138e-5	
1.191450e-005	8.631292e+000	1.0283758e-4	
1.247601e-005	8.631291e+000	1.07684102e-4	
1.306399e-005	8.631291e+000	1.12759148e-4	
1.367968e-005	8.631291e+000	1.18073366e-4	
1.432438e-005	8.631291e+000	1.23637952e-4	
1.499947e-005	8.631291e+000	1.29464758e-4	
1.570637e-005	8.631291e+000	1.35566296e-4	
1.644659e-005	8.631291e+000	1.41955344e-4	
1.722169e-005	8.631291e+000	1.48645464e-4	
1.803332e-005	8.631291e+000	1.5565088e-4	
1.888321e-005	8.631291e+000	1.62986476e-4	
1.977314e-005	8.631290e+000	1.70667764e-4	
2.070502e-005	8.631290e+000	1.78711e-4	
2.168082e-005	8.631290e+000	1.87133408e-4	
2.270261e-005	8.631290e+000	1.9595277e-4	
2.377255e-005	8.631290e+000	2.05187785e-4	
2.489291e-005	8.631290e+000	2.1485795e-4	
2.606608e-005	8.631290e+000	2.24983937e-4	
2.729453e-005	8.631289e+000	2.35586952e-4	
2.858089e-005	8.631289e+000	2.46689912e-4	
2.992786e-005	8.631289e+000	2.58315997e-4	
3.133832e-005	8.631289e+000	2.70490099e-4	
3.281525e-005	8.631289e+000	2.83237898e-4	
3.436178e-005	8.631289e+000	2.96586526e-4	
3.598120e-005	8.631289e+000	3.1056417e-4	
3.767694e-005	8.631289e+000	3.2520059e-4	
3.945260e-005	8.631289e+000	3.40526872e-4	
4.131194e-005	8.631288e+000	3.56575218e-4	
4.325891e-005	8.631288e+000	3.73380125e-4	
4.529764e-005	8.631288e+000	3.90976965e-4	
4.743245e-005	8.631288e+000	4.09403137e-4	
4.966787e-005	8.631287e+000	4.28697684e-4	
5.200864e-005	8.631287e+000	4.48901448e-4	
5.445974e-005	8.631287e+000	4.70057687e-4	
5.702634e-005	8.631286e+000	4.92210657e-4	
5.971390e-005	8.631286e+000	5.15407765e-4	
6.252813e-005	8.631285e+000	5.39698178e-4	
6.547499e-005	8.631285e+000	5.65133311e-4	
6.856073e-005	8.631285e+000	5.91767206e-4	
7.179189e-005	8.631284e+000	6.1965612e-4	
7.517533e-005	8.631284e+000	6.48859534e-4	
7.871824e-005	8.631283e+000	6.79439507e-4	
8.242811e-005	8.631283e+000	7.11460442e-4	
8.631282e-005	8.631282e+000	7.44990297e-4	
9.038061e-005	8.631281e+000	7.80100443e-4	
9.464011e-005	8.631281e+000	8.16865305e-4	
9.910035e-005	8.631280e+000	8.5536298e-4	
1.037708e-004	8.631280e+000	8.9567447e-4	
1.086614e-004	8.631279e+000	9.3788638e-4	
1.137824e-004	8.631278e+000	9.8208702e-4	
1.191448e-004	8.631277e+000	1.02837134e-3	
1.247599e-004	8.631277e+000	1.07683667e-3	
1.306396e-004	8.631276e+000	1.12758685e-3	
1.367965e-004	8.631275e+000	1.18072873e-3	
1.432435e-004	8.631274e+000	1.23637448e-3	
1.499943e-004	8.631273e+000	1.2946422e-3	
1.570633e-004	8.631272e+000	1.3556559e-3	
1.644655e-004	8.631271e+000	1.41954622e-3	
1.722165e-004	8.631270e+000	1.486447e-3	
1.803328e-004	8.631269e+000	1.55650072e-3	
1.888316e-004	8.631268e+000	1.62985649e-3	
1.977309e-004	8.631267e+000	1.70666785e-3	
2.070496e-004	8.631266e+000	1.78709967e-3	
2.168076e-004	8.631265e+000	1.87132352e-3	
2.270253e-004	8.631263e+000	1.95951523e-3	
2.377247e-004	8.631262e+000	2.05186475e-3	
2.489283e-004	8.631260e+000	2.14856569e-3	
2.606598e-004	8.631258e+000	2.2498218e-3	
2.729443e-004	8.631257e+000	2.35585287e-3	
2.858077e-004	8.631255e+000	2.46687856e-3	
2.992774e-004	8.631253e+000	2.58313847e-3	
3.133818e-004	8.631251e+000	2.70487718e-3	
3.281510e-004	8.631249e+000	2.8323523e-3	
3.436161e-004	8.631248e+000	2.96583531e-3	
3.598102e-004	8.631245e+000	3.10560997e-3	
3.767674e-004	8.631243e+000	3.25197096e-3	
3.945238e-004	8.631240e+000	3.4052291e-3	
4.131170e-004	8.631238e+000	3.56571162e-3	
4.325865e-004	8.631235e+000	3.73375577e-3	
4.529735e-004	8.631232e+000	3.90971906e-3	
4.743213e-004	8.631229e+000	4.09397548e-3	
4.966753e-004	8.631227e+000	4.28691698e-3	
5.200827e-004	8.631224e+000	4.48895033e-3	
5.445931e-004	8.631220e+000	4.70050212e-3	
5.702588e-004	8.631217e+000	4.92202702e-3	
5.971341e-004	8.631213e+000	5.15399178e-3	
6.252758e-004	8.631209e+000	5.39688535e-3	
6.547439e-004	8.631206e+000	5.6512298e-3	
6.856007e-004	8.631201e+000	5.91755789e-3	
7.179117e-004	8.631197e+000	6.19643686e-3	
7.517454e-004	8.631192e+000	6.48845935e-3	
7.871736e-004	8.631187e+000	6.79424301e-3	
8.242715e-004	8.631183e+000	7.11443843e-3	
8.631177e-004	8.631177e+000	7.44972122e-3	
9.037946e-004	8.631171e+000	7.80080504e-3	
9.463885e-004	8.631166e+000	8.16843674e-3	
9.909897e-004	8.631160e+000	8.5533905e-3	
1.037693e-003	8.631153e+000	8.95648e-3	
1.086597e-003	8.631146e+000	9.3785748e-3	
1.137806e-003	8.631140e+000	9.820569e-3	
1.191428e-003	8.631133e+000	1.02833694e-2	
1.247577e-003	8.631125e+000	1.0767992e-2	
1.306372e-003	8.631117e+000	1.12754504e-2	
1.367939e-003	8.631109e+000	1.18068379e-2	
1.432406e-003	8.631101e+000	1.23632454e-2	
1.499912e-003	8.631091e+000	1.2945873e-2	
1.570599e-003	8.631082e+000	1.35559721e-2	
1.644617e-003	8.631072e+000	1.41948042e-2	
1.722123e-003	8.631062e+000	1.4863757e-2	
1.803282e-003	8.631050e+000	1.55642186e-2	
1.888265e-003	8.631039e+000	1.6297685e-2	
1.977254e-003	8.631026e+000	1.70657275e-2	
2.070436e-003	8.631014e+000	1.78699619e-2	
2.168010e-003	8.631001e+000	1.87120966e-2	
2.270181e-003	8.630987e+000	1.95939063e-2	
2.377167e-003	8.630973e+000	2.05172603e-2	
2.489195e-003	8.630958e+000	2.1484141e-2	
2.606503e-003	8.630941e+000	2.24965741e-2	
2.729338e-003	8.630925e+000	2.3556712e-2	
2.857962e-003	8.630908e+000	2.46668079e-2	
2.992647e-003	8.630890e+000	2.58292049e-2	
3.133680e-003	8.630871e+000	2.70463959e-2	
3.281358e-003	8.630851e+000	2.83209172e-2	
3.435995e-003	8.630830e+000	2.96554941e-2	
3.597920e-003	8.630808e+000	3.10529568e-2	
3.767474e-003	8.630785e+000	3.25162596e-2	
3.945019e-003	8.630761e+000	3.40485234e-2	
4.130930e-003	8.630736e+000	3.56529616e-2	
4.325602e-003	8.630710e+000	3.73330219e-2	
4.529446e-003	8.630682e+000	3.90922133e-2	
4.742897e-003	8.630653e+000	4.09343002e-2	
4.966405e-003	8.630624e+000	4.28631737e-2	
5.200446e-003	8.630591e+000	4.48829176e-2	
5.445514e-003	8.630559e+000	4.69978279e-2	
5.702130e-003	8.630524e+000	4.92123691e-2	
5.970839e-003	8.630487e+000	5.1531248e-2	
6.252208e-003	8.630450e+000	5.39593707e-2	
6.546835e-003	8.630410e+000	5.6501868e-2	
6.855345e-003	8.630368e+000	5.91641516e-2	
7.178391e-003	8.630325e+000	6.19518452e-2	
7.516659e-003	8.630280e+000	6.4870873e-2	
7.870864e-003	8.630232e+000	6.79273785e-2	
8.241760e-003	8.630181e+000	7.11278773e-2	
8.630129e-003	8.630129e+000	7.44791174e-2	
9.036797e-003	8.630075e+000	7.79882327e-2	
9.462625e-003	8.630016e+000	8.1662602e-2	
9.908516e-003	8.629956e+000	8.55100569e-2	
1.037541e-002	8.629893e+000	8.95387e-2	
1.086431e-002	8.629827e+000	9.3757053e-2	
1.137624e-002	8.629758e+000	9.817416e-2	
1.191228e-002	8.629686e+000	1.02799211e-1	
1.247358e-002	8.629610e+000	1.07642186e-1	
1.306132e-002	8.629531e+000	1.127131e-1	
1.367675e-002	8.629448e+000	1.18022737e-1	
1.432117e-002	8.629361e+000	1.23582518e-1	
1.499595e-002	8.629270e+000	1.29404147e-1	
1.570252e-002	8.629174e+000	1.3549972e-1	
1.644236e-002	8.629074e+000	1.41882407e-1	
1.721706e-002	8.628970e+000	1.48565468e-1	
1.802824e-002	8.628860e+000	1.55563202e-1	
1.887764e-002	8.628746e+000	1.62890358e-1	
1.976704e-002	8.628626e+000	1.70562419e-1	
2.069833e-002	8.628500e+000	1.7859558e-1	
2.167348e-002	8.628368e+000	1.87006728e-1	
2.269456e-002	8.628230e+000	1.95813931e-1	
2.376372e-002	8.628086e+000	2.05035382e-1	
2.488323e-002	8.627934e+000	2.14690825e-1	
2.605547e-002	8.627776e+000	2.2480071e-1	
2.728290e-002	8.627611e+000	2.35386224e-1	
2.856813e-002	8.627438e+000	2.46469785e-1	
2.991387e-002	8.627255e+000	2.5807454e-1	
3.132298e-002	8.627065e+000	2.70225392e-1	
3.279843e-002	8.626865e+000	2.82947627e-1	
3.434334e-002	8.626657e+000	2.962682e-1	
3.596098e-002	8.626438e+000	3.10215169e-1	
3.765477e-002	8.626210e+000	3.24817952e-1	
3.942829e-002	8.625970e+000	3.4010721e-1	
4.128529e-002	8.625719e+000	3.56115327e-1	
4.322969e-002	8.625457e+000	3.72875803e-1	
4.526560e-002	8.625181e+000	3.90423972e-1	
4.739732e-002	8.624893e+000	4.08796852e-1	
4.962935e-002	8.624592e+000	4.28032913e-1	
5.196640e-002	8.624276e+000	4.48172615e-1	
5.441342e-002	8.623945e+000	4.69258388e-1	
5.697555e-002	8.623599e+000	4.91334355e-1	
5.965822e-002	8.623236e+000	5.14446901e-1	
6.246707e-002	8.622856e+000	5.38644571e-1	
6.540804e-002	8.622458e+000	5.63978029e-1	
6.848732e-002	8.622043e+000	5.90500606e-1	
7.171140e-002	8.621606e+000	6.18267427e-1	
7.508708e-002	8.621150e+000	6.47337012e-1	
7.862146e-002	8.620671e+000	6.77769745e-1	
8.232199e-002	8.620171e+000	7.09629605e-1	
8.619647e-002	8.619647e+000	7.4298318e-1	
9.025303e-002	8.619098e+000	7.77899757e-1	
9.450022e-002	8.618523e+000	8.14452231e-1	
9.894697e-002	8.617921e+000	8.52717264e-1	
1.036026e-001	8.617290e+000	8.9277362e-1	
1.084770e-001	8.616631e+000	9.347064e-1	
1.135802e-001	8.615939e+000	9.7859984e-1	
1.189231e-001	8.615216e+000	1.02454764e0	
1.245168e-001	8.614458e+000	1.0726443e0	
1.303731e-001	8.613665e+000	1.12298991e0	
1.365042e-001	8.612833e+000	1.17568793e0	
1.429230e-001	8.611963e+000	1.23084734e0	
1.496429e-001	8.611053e+000	1.28858339e0	
1.566780e-001	8.610098e+000	1.34901305e0	
1.640430e-001	8.609099e+000	1.41226212e0	
1.717532e-001	8.608053e+000	1.47846104e0	
1.798248e-001	8.606957e+000	1.54774448e0	
1.882746e-001	8.605810e+000	1.62025497e0	
1.971202e-001	8.604609e+000	1.69614246e0	
2.063800e-001	8.603352e+000	1.77555989e0	
2.160733e-001	8.602035e+000	1.85867023e0	
2.262203e-001	8.600655e+000	1.94564218e0	
2.368419e-001	8.599211e+000	2.0366534e0	
2.479603e-001	8.597698e+000	2.13188812e0	
2.595985e-001	8.596115e+000	2.23153894e0	
2.717806e-001	8.594457e+000	2.33580609e0	
2.845317e-001	8.592720e+000	2.44490129e0	
2.978782e-001	8.590901e+000	2.55904274e0	
3.118477e-001	8.588998e+000	2.67845927e0	
3.264688e-001	8.587004e+000	2.803389e0	
3.417717e-001	8.584916e+000	2.93408154e0	
3.577877e-001	8.582730e+000	3.07079463e0	
3.745498e-001	8.580441e+000	3.21380312e0	
3.920923e-001	8.578044e+000	3.36338492e0	
4.104508e-001	8.575534e+000	3.51983434e0	
4.296631e-001	8.572906e+000	3.68346146e0	
4.497680e-001	8.570153e+000	3.85458081e0	
4.708066e-001	8.567271e+000	4.03352774e0	
4.928209e-001	8.564245e+000	4.22063916e0	
5.158564e-001	8.561085e+000	4.4162914e0	
5.399592e-001	8.557776e+000	4.62085031e0	
5.651783e-001	8.554320e+000	4.83471654e0	
5.915634e-001	8.550693e+000	5.058277e0	
6.191677e-001	8.546894e+000	5.29195969e0	
6.480465e-001	8.542916e+000	5.53620697e0	
6.782572e-001	8.538752e+000	5.79147002e0	
7.098597e-001	8.534391e+000	6.0582203e0	
7.429167e-001	8.529825e+000	6.33694946e0	
7.774933e-001	8.525044e+000	6.62816466e0	
8.136573e-001	8.520039e+000	6.9323916e0	
8.514797e-001	8.514797e+000	7.25017584e0	
8.910341e-001	8.509310e+000	7.58208472e0	
9.323959e-001	8.503552e+000	7.92867754e0	
9.756477e-001	8.497537e+000	8.29060295e0	
1.020871e+000	8.491239e+000	8.6684587e0	
1.068153e+000	8.484644e+000	9.0629007e0	
1.117584e+000	8.477741e+000	9.474589e0	
1.169258e+000	8.470528e+000	9.9042331e0	
1.223270e+000	8.462962e+000	1.03524849e1	
1.279723e+000	8.455043e+000	1.08201096e1	
1.338718e+000	8.446737e+000	1.13077968e1	
1.400369e+000	8.438058e+000	1.18163977e1	
1.464788e+000	8.428974e+000	1.2346653e1	
1.532091e+000	8.419466e+000	1.28993854e1	
1.602400e+000	8.409513e+000	1.34754042e1	
1.675840e+000	8.399098e+000	1.4075551e1	
1.752543e+000	8.388198e+000	1.47006818e1	
1.832642e+000	8.376792e+000	1.53516563e1	
1.916278e+000	8.364856e+000	1.602939e1	
2.003593e+000	8.352366e+000	1.6734747e1	
2.094737e+000	8.339299e+000	1.74686401e1	
2.189864e+000	8.325629e+000	1.8231991e1	
2.289130e+000	8.311329e+000	1.90257109e1	
2.392700e+000	8.296371e+000	1.98507295e1	
2.500740e+000	8.280727e+000	2.07079446e1	
2.613422e+000	8.264367e+000	2.15982771e1	
2.730925e+000	8.247261e+000	2.25226512e1	
2.853428e+000	8.229376e+000	2.34819379e1	
2.981118e+000	8.210680e+000	2.44769986e1	
3.114184e+000	8.191138e+000	2.55087146e1	
3.252821e+000	8.170717e+000	2.65778822e1	
3.397227e+000	8.149380e+000	2.76852992e1	
3.547603e+000	8.127089e+000	2.88316837e1	
3.704154e+000	8.103807e+000	3.00177448e1	
3.867090e+000	8.079495e+000	3.12441339e1	
4.036619e+000	8.054114e+000	3.25113931e1	
4.212956e+000	8.027622e+000	3.38200179e1	
4.396316e+000	7.999979e+000	3.51704382e1	
4.586913e+000	7.971141e+000	3.65629268e1	
4.784966e+000	7.941066e+000	3.79977267e1	
4.990690e+000	7.909711e+000	3.94749188e1	
5.204303e+000	7.877032e+000	4.09944635e1	
5.426019e+000	7.842984e+000	4.25561824e1	
5.656051e+000	7.807524e+000	4.41597594e1	
5.894609e+000	7.770608e+000	4.58046994e1	
6.141897e+000	7.732191e+000	4.7490328e1	
6.398118e+000	7.692229e+000	4.92157913e1	
6.663464e+000	7.650680e+000	5.09800371e1	
6.938123e+000	7.607501e+000	5.27817758e1	
7.222275e+000	7.562651e+000	5.46195439e1	
7.516089e+000	7.516089e+000	5.64915918e1	
7.819724e+000	7.467778e+000	5.83959592e1	
8.133325e+000	7.417680e+000	6.03304065e1	
8.457025e+000	7.365760e+000	6.22924113e1	
8.790941e+000	7.311986e+000	6.42792345e1	
9.135178e+000	7.256329e+000	6.62878574e1	
9.489817e+000	7.198762e+000	6.83149336e1	
9.854921e+000	7.139259e+000	7.03568364e1	
1.023054e+001	7.077803e+000	7.2409782e1	
1.061669e+001	7.014377e+000	7.4469421e1	
1.101337e+001	6.948968e+000	7.6531537e1	
1.142056e+001	6.881569e+000	7.859139e1	
1.183821e+001	6.812178e+000	8.0644e1	
1.226623e+001	6.740798e+000	8.2684207e1	
1.270453e+001	6.667434e+000	8.4706615e1	
1.315297e+001	6.592102e+000	8.6705716e1	
1.361138e+001	6.514818e+000	8.8675621e1	
1.407958e+001	6.435608e+000	9.061062e1	
1.455733e+001	6.354504e+000	9.2504599e1	
1.504438e+001	6.271541e+000	9.4351396e1	
1.554045e+001	6.186764e+000	9.6145111e1	
1.604521e+001	6.100220e+000	9.7879317e1	
1.655833e+001	6.011967e+000	9.9548167e1	
1.707942e+001	5.922065e+000	1.01145459e2	
1.760808e+001	5.830584e+000	1.0266539e2	
1.814387e+001	5.737596e+000	1.04102226e2	
1.868633e+001	5.643181e+000	1.05450311e2	
1.923497e+001	5.547425e+000	1.0670454e2	
1.978927e+001	5.450418e+000	1.07859828e2	
2.034871e+001	5.352256e+000	1.08911484e2	
2.091272e+001	5.253038e+000	1.09855312e2	
2.148074e+001	5.152870e+000	1.10687482e2	
2.205216e+001	5.051858e+000	1.11404364e2	
2.262639e+001	4.950115e+000	1.12003212e2	
2.320281e+001	4.847754e+000	1.12481485e2	
2.378079e+001	4.744892e+000	1.12837274e2	
2.435971e+001	4.641647e+000	1.13069185e2	
2.493893e+001	4.538139e+000	1.13176358e2	
2.551782e+001	4.434488e+000	1.13158473e2	
2.609574e+001	4.330815e+000	1.13015797e2	
2.667207e+001	4.227239e+000	1.12749214e2	
2.724620e+001	4.123879e+000	1.12360019e2	
2.781751e+001	4.020854e+000	1.1185013e2	
2.838542e+001	3.918278e+000	1.11221986e2	
2.894923e+001	3.816252e+000	1.10477576e2	
2.950856e+001	3.714907e+000	1.09621536e2	
3.006277e+001	3.614341e+000	1.08657141e2	
3.061137e+001	3.514655e+000	1.07588403e2	
3.115384e+001	3.415950e+000	1.06419957e2	
3.168971e+001	3.318320e+000	1.05156596e2	
3.221853e+001	3.221853e+000	1.03803407e2	
3.273989e+001	3.126636e+000	1.02365689e2	
3.325340e+001	3.032746e+000	1.00849103e2	
3.375867e+001	2.940257e+000	9.9259164e1	
3.425539e+001	2.849240e+000	9.760182e1	
3.474326e+001	2.759755e+000	9.588287e1	
3.522198e+001	2.671861e+000	9.4108257e1	
3.569133e+001	2.585608e+000	9.2283784e1	
3.615108e+001	2.501044e+000	9.0415424e1	
3.660106e+001	2.418208e+000	8.8508984e1	
3.704110e+001	2.337135e+000	8.6570079e1	
3.747107e+001	2.257855e+000	8.460425e1	
3.789088e+001	2.180393e+000	8.2616998e1	
3.830044e+001	2.104766e+000	8.0613449e1	
3.869971e+001	2.030990e+000	7.8598741e1	
3.908867e+001	1.959074e+000	7.657761e1	
3.946716e+001	1.889017e+000	7.455413e1	
3.983545e+001	1.820832e+000	7.2533632e1	
4.019348e+001	1.754509e+000	7.0519823e1	
4.054129e+001	1.690042e+000	6.8516487e1	
4.087896e+001	1.627421e+000	6.6527312e1	
4.120660e+001	1.566631e+000	6.4555524e1	
4.152429e+001	1.507656e+000	6.260432e1	
4.183218e+001	1.450476e+000	6.0676581e1	
4.213039e+001	1.395068e+000	5.8774768e1	
4.241906e+001	1.341409e+000	5.690133e1	
4.269837e+001	1.289470e+000	5.5058255e1	
4.296847e+001	1.239224e+000	5.3247575e1	
4.322953e+001	1.190640e+000	5.147081e1	
4.348175e+001	1.143687e+000	4.972953e1	
4.372530e+001	1.098330e+000	4.8024834e1	
4.396039e+001	1.054536e+000	4.6357831e1	
4.418720e+001	1.012270e+000	4.4729353e1	
4.440545e+001	9.714853e-001	4.31392477e1	
4.458991e+001	9.316152e-001	4.15406305e1	
4.467588e+001	8.914010e-001	3.98241203e1	
4.472045e+001	8.521306e-001	3.81076578e1	
4.475201e+001	8.143528e-001	3.64439313e1	
4.477744e+001	7.781427e-001	3.48432344e1	
4.479919e+001	7.434815e-001	3.33073697e1	
4.481842e+001	7.103241e-001	3.1835604e1	
4.483577e+001	6.786168e-001	3.0426306e1	
4.485162e+001	6.483032e-001	2.9077452e1	
4.486625e+001	6.193266e-001	2.77868675e1	
4.487981e+001	5.916311e-001	2.65522922e1	
4.489246e+001	5.651627e-001	2.53715398e1	
4.490431e+001	5.398685e-001	2.42424222e1	
4.491542e+001	5.156981e-001	2.31627965e1	
4.492588e+001	4.926025e-001	2.21305989e1	
4.493574e+001	4.705350e-001	2.11438396e1	
4.494490e+001	4.494490e-001	2.02004407e1	
4.495367e+001	4.293042e-001	1.92988011e1	
4.496198e+001	4.100581e-001	1.84370236e1	
4.496984e+001	3.916709e-001	1.76133722e1	
4.497729e+001	3.741048e-001	1.68262204e1	
4.498436e+001	3.573235e-001	1.60739668e1	
4.499106e+001	3.412921e-001	1.53550934e1	
4.499743e+001	3.259776e-001	1.46681577e1	
4.500348e+001	3.113480e-001	1.40117413e1	
4.500922e+001	2.973730e-001	1.33845277e1	
4.501468e+001	2.840234e-001	1.27852238e1	
4.501988e+001	2.712716e-001	1.22126184e1	
4.502482e+001	2.590908e-001	1.1665515e1	
4.502952e+001	2.474556e-001	1.1142808e1	
4.503399e+001	2.363417e-001	1.06434114e1	
4.503825e+001	2.257260e-001	1.01663054e1	
4.504230e+001	2.155860e-001	9.7104858e0	
4.504617e+001	2.059007e-001	9.2750397e0	
4.504984e+001	1.966497e-001	8.8590332e0	
4.505334e+001	1.878136e-001	8.4616293e0	
4.505669e+001	1.793739e-001	8.081995e0	
4.505986e+001	1.713128e-001	7.7193338e0	
4.506290e+001	1.636135e-001	7.3728952e0	
4.506578e+001	1.562597e-001	7.0419682e0	
4.506854e+001	1.492360e-001	6.7258485e0	
4.507117e+001	1.425275e-001	6.4238791e0	
4.507367e+001	1.361203e-001	6.1354413e0	
4.507606e+001	1.300008e-001	5.8599228e0	
4.507833e+001	1.241560e-001	5.5967459e0	
4.508050e+001	1.185738e-001	5.345365e0	
4.508257e+001	1.132423e-001	5.1052551e0	
4.508455e+001	1.081503e-001	4.8759088e0	
4.508643e+001	1.032870e-001	4.6568437e0	
4.508823e+001	9.864230e-002	4.44760649e0	
4.508994e+001	9.420624e-002	4.24775316e0	
4.509158e+001	8.996953e-002	4.05686847e0	
4.509314e+001	8.592320e-002	3.87454697e0	
4.509463e+001	8.205874e-002	3.70040921e0	
4.509605e+001	7.836795e-002	3.53408533e0	
4.509740e+001	7.484306e-002	3.37522733e0	
4.509870e+001	7.147662e-002	3.22350235e0	
4.509993e+001	6.826151e-002	3.07858908e0	
4.510111e+001	6.519094e-002	2.9401831e0	
4.510223e+001	6.225841e-002	2.80799326e0	
4.510331e+001	5.945774e-002	2.681741e0	
4.510433e+001	5.678299e-002	2.56115837e0	
4.510531e+001	5.422851e-002	2.44599434e0	
4.510624e+001	5.178889e-002	2.33600267e0	
4.510713e+001	4.945899e-002	2.23095293e0	
4.510798e+001	4.723386e-002	2.13062415e0	
4.510879e+001	4.510879e-002	2.03480339e0	
