V(out)	I(R_load)
9.915682e-020	9.915682e+000
1.038299e-019	9.915682e+000
1.087233e-019	9.915682e+000
1.138473e-019	9.915682e+000
1.192127e-019	9.915682e+000
1.248310e-019	9.915682e+000
1.307141e-019	9.915682e+000
1.368745e-019	9.915682e+000
1.433252e-019	9.915682e+000
1.500799e-019	9.915682e+000
1.571530e-019	9.915682e+000
1.645593e-019	9.915682e+000
1.723148e-019	9.915682e+000
1.804357e-019	9.915682e+000
1.889394e-019	9.915682e+000
1.978439e-019	9.915682e+000
2.071680e-019	9.915682e+000
2.169315e-019	9.915682e+000
2.271551e-019	9.915682e+000
2.378606e-019	9.915682e+000
2.490706e-019	9.915682e+000
2.608090e-019	9.915682e+000
2.731006e-019	9.915682e+000
2.859714e-019	9.915682e+000
2.994488e-019	9.915682e+000
3.135614e-019	9.915682e+000
3.283391e-019	9.915682e+000
3.438132e-019	9.915682e+000
3.600166e-019	9.915682e+000
3.769837e-019	9.915682e+000
3.947504e-019	9.915682e+000
4.133544e-019	9.915682e+000
4.328352e-019	9.915682e+000
4.532341e-019	9.915682e+000
4.745944e-019	9.915682e+000
4.969613e-019	9.915682e+000
5.203824e-019	9.915682e+000
5.449072e-019	9.915682e+000
5.705879e-019	9.915682e+000
5.974789e-019	9.915682e+000
6.256372e-019	9.915682e+000
6.551226e-019	9.915682e+000
6.859976e-019	9.915682e+000
7.183276e-019	9.915682e+000
7.521814e-019	9.915682e+000
7.876306e-019	9.915682e+000
8.247505e-019	9.915682e+000
8.636198e-019	9.915682e+000
9.043209e-019	9.915682e+000
9.469402e-019	9.915682e+000
9.915682e-019	9.915682e+000
1.038299e-018	9.915682e+000
1.087233e-018	9.915682e+000
1.138473e-018	9.915682e+000
1.192127e-018	9.915682e+000
1.248310e-018	9.915682e+000
1.307141e-018	9.915682e+000
1.368745e-018	9.915682e+000
1.433252e-018	9.915682e+000
1.500799e-018	9.915682e+000
1.571530e-018	9.915682e+000
1.645594e-018	9.915682e+000
1.723148e-018	9.915682e+000
1.804357e-018	9.915682e+000
1.889394e-018	9.915682e+000
1.978439e-018	9.915682e+000
2.071679e-018	9.915682e+000
2.169315e-018	9.915682e+000
2.271551e-018	9.915682e+000
2.378606e-018	9.915682e+000
2.490707e-018	9.915682e+000
2.608090e-018	9.915682e+000
2.731005e-018	9.915682e+000
2.859714e-018	9.915682e+000
2.994488e-018	9.915682e+000
3.135614e-018	9.915682e+000
3.283391e-018	9.915682e+000
3.438132e-018	9.915682e+000
3.600166e-018	9.915682e+000
3.769837e-018	9.915682e+000
3.947504e-018	9.915682e+000
4.133544e-018	9.915682e+000
4.328352e-018	9.915682e+000
4.532341e-018	9.915682e+000
4.745943e-018	9.915682e+000
4.969613e-018	9.915682e+000
5.203824e-018	9.915682e+000
5.449072e-018	9.915682e+000
5.705879e-018	9.915682e+000
5.974789e-018	9.915682e+000
6.256372e-018	9.915682e+000
6.551226e-018	9.915682e+000
6.859975e-018	9.915682e+000
7.183276e-018	9.915682e+000
7.521814e-018	9.915682e+000
7.876306e-018	9.915682e+000
8.247504e-018	9.915682e+000
8.636197e-018	9.915682e+000
9.043209e-018	9.915682e+000
9.469402e-018	9.915682e+000
9.915681e-018	9.915682e+000
1.038299e-017	9.915682e+000
1.087233e-017	9.915682e+000
1.138473e-017	9.915682e+000
1.192127e-017	9.915682e+000
1.248310e-017	9.915682e+000
1.307141e-017	9.915682e+000
1.368745e-017	9.915682e+000
1.433252e-017	9.915682e+000
1.500799e-017	9.915682e+000
1.571530e-017	9.915682e+000
1.645594e-017	9.915682e+000
1.723148e-017	9.915682e+000
1.804357e-017	9.915682e+000
1.889394e-017	9.915682e+000
1.978439e-017	9.915682e+000
2.071679e-017	9.915682e+000
2.169315e-017	9.915682e+000
2.271551e-017	9.915682e+000
2.378606e-017	9.915682e+000
2.490707e-017	9.915682e+000
2.608090e-017	9.915682e+000
2.731005e-017	9.915682e+000
2.859714e-017	9.915682e+000
2.994488e-017	9.915682e+000
3.135614e-017	9.915682e+000
3.283391e-017	9.915682e+000
3.438132e-017	9.915682e+000
3.600166e-017	9.915682e+000
3.769837e-017	9.915682e+000
3.947504e-017	9.915682e+000
4.133544e-017	9.915682e+000
4.328352e-017	9.915682e+000
4.532341e-017	9.915682e+000
4.745943e-017	9.915682e+000
4.969613e-017	9.915682e+000
5.203824e-017	9.915682e+000
5.449072e-017	9.915682e+000
5.705879e-017	9.915682e+000
5.974789e-017	9.915682e+000
6.256372e-017	9.915682e+000
6.551226e-017	9.915682e+000
6.859976e-017	9.915682e+000
7.183276e-017	9.915682e+000
7.521813e-017	9.915682e+000
7.876306e-017	9.915682e+000
8.247505e-017	9.915682e+000
8.636198e-017	9.915682e+000
9.043209e-017	9.915682e+000
9.469402e-017	9.915682e+000
9.915681e-017	9.915682e+000
1.038299e-016	9.915682e+000
1.087233e-016	9.915682e+000
1.138473e-016	9.915682e+000
1.192127e-016	9.915682e+000
1.248310e-016	9.915682e+000
1.307141e-016	9.915682e+000
1.368745e-016	9.915682e+000
1.433252e-016	9.915682e+000
1.500799e-016	9.915682e+000
1.571530e-016	9.915682e+000
1.645594e-016	9.915682e+000
1.723148e-016	9.915682e+000
1.804357e-016	9.915682e+000
1.889394e-016	9.915682e+000
1.978439e-016	9.915682e+000
2.071680e-016	9.915682e+000
2.169315e-016	9.915682e+000
2.271552e-016	9.915682e+000
2.378606e-016	9.915682e+000
2.490707e-016	9.915682e+000
2.608090e-016	9.915682e+000
2.731005e-016	9.915682e+000
2.859714e-016	9.915682e+000
2.994488e-016	9.915682e+000
3.135614e-016	9.915682e+000
3.283391e-016	9.915682e+000
3.438132e-016	9.915682e+000
3.600166e-016	9.915682e+000
3.769837e-016	9.915682e+000
3.947504e-016	9.915682e+000
4.133544e-016	9.915682e+000
4.328352e-016	9.915682e+000
4.532341e-016	9.915682e+000
4.745944e-016	9.915682e+000
4.969613e-016	9.915682e+000
5.203824e-016	9.915682e+000
5.449073e-016	9.915682e+000
5.705879e-016	9.915682e+000
5.974789e-016	9.915682e+000
6.256372e-016	9.915682e+000
6.551226e-016	9.915682e+000
6.859976e-016	9.915682e+000
7.183276e-016	9.915682e+000
7.521814e-016	9.915682e+000
7.876306e-016	9.915682e+000
8.247505e-016	9.915682e+000
8.636198e-016	9.915682e+000
9.043209e-016	9.915682e+000
9.469403e-016	9.915682e+000
9.915681e-016	9.915682e+000
1.038299e-015	9.915682e+000
1.087233e-015	9.915682e+000
1.138473e-015	9.915682e+000
1.192127e-015	9.915682e+000
1.248310e-015	9.915682e+000
1.307141e-015	9.915682e+000
1.368745e-015	9.915682e+000
1.433252e-015	9.915682e+000
1.500799e-015	9.915682e+000
1.571530e-015	9.915682e+000
1.645594e-015	9.915682e+000
1.723148e-015	9.915682e+000
1.804357e-015	9.915682e+000
1.889394e-015	9.915682e+000
1.978439e-015	9.915682e+000
2.071680e-015	9.915682e+000
2.169315e-015	9.915682e+000
2.271551e-015	9.915682e+000
2.378606e-015	9.915682e+000
2.490707e-015	9.915682e+000
2.608090e-015	9.915682e+000
2.731006e-015	9.915682e+000
2.859714e-015	9.915682e+000
2.994488e-015	9.915682e+000
3.135614e-015	9.915682e+000
3.283391e-015	9.915682e+000
3.438132e-015	9.915682e+000
3.600167e-015	9.915682e+000
3.769837e-015	9.915682e+000
3.947504e-015	9.915682e+000
4.133544e-015	9.915682e+000
4.328352e-015	9.915682e+000
4.532341e-015	9.915682e+000
4.745943e-015	9.915682e+000
4.969613e-015	9.915682e+000
5.203824e-015	9.915682e+000
5.449072e-015	9.915682e+000
5.705879e-015	9.915682e+000
5.974789e-015	9.915682e+000
6.256372e-015	9.915682e+000
6.551226e-015	9.915682e+000
6.859975e-015	9.915682e+000
7.183276e-015	9.915682e+000
7.521814e-015	9.915682e+000
7.876306e-015	9.915682e+000
8.247505e-015	9.915682e+000
8.636198e-015	9.915682e+000
9.043209e-015	9.915682e+000
9.469402e-015	9.915682e+000
9.915682e-015	9.915682e+000
1.038299e-014	9.915682e+000
1.087233e-014	9.915682e+000
1.138473e-014	9.915682e+000
1.192127e-014	9.915682e+000
1.248310e-014	9.915682e+000
1.307141e-014	9.915682e+000
1.368745e-014	9.915682e+000
1.433252e-014	9.915682e+000
1.500799e-014	9.915682e+000
1.571530e-014	9.915682e+000
1.645594e-014	9.915682e+000
1.723148e-014	9.915682e+000
1.804357e-014	9.915682e+000
1.889394e-014	9.915682e+000
1.978439e-014	9.915682e+000
2.071679e-014	9.915682e+000
2.169315e-014	9.915682e+000
2.271551e-014	9.915682e+000
2.378606e-014	9.915682e+000
2.490707e-014	9.915682e+000
2.608090e-014	9.915682e+000
2.731005e-014	9.915682e+000
2.859714e-014	9.915682e+000
2.994488e-014	9.915682e+000
3.135614e-014	9.915682e+000
3.283391e-014	9.915682e+000
3.438132e-014	9.915682e+000
3.600166e-014	9.915682e+000
3.769837e-014	9.915682e+000
3.947504e-014	9.915682e+000
4.133544e-014	9.915682e+000
4.328352e-014	9.915682e+000
4.532341e-014	9.915682e+000
4.745944e-014	9.915682e+000
4.969613e-014	9.915682e+000
5.203824e-014	9.915682e+000
5.449072e-014	9.915682e+000
5.705879e-014	9.915682e+000
5.974789e-014	9.915682e+000
6.256372e-014	9.915682e+000
6.551226e-014	9.915682e+000
6.859976e-014	9.915682e+000
7.183276e-014	9.915682e+000
7.521814e-014	9.915682e+000
7.876306e-014	9.915682e+000
8.247505e-014	9.915682e+000
8.636197e-014	9.915682e+000
9.043209e-014	9.915682e+000
9.469402e-014	9.915682e+000
9.915681e-014	9.915682e+000
1.038299e-013	9.915682e+000
1.087233e-013	9.915682e+000
1.138473e-013	9.915682e+000
1.192127e-013	9.915682e+000
1.248310e-013	9.915682e+000
1.307141e-013	9.915682e+000
1.368745e-013	9.915682e+000
1.433252e-013	9.915682e+000
1.500799e-013	9.915682e+000
1.571530e-013	9.915682e+000
1.645594e-013	9.915682e+000
1.723148e-013	9.915682e+000
1.804357e-013	9.915682e+000
1.889394e-013	9.915682e+000
1.978439e-013	9.915682e+000
2.071680e-013	9.915682e+000
2.169315e-013	9.915682e+000
2.271551e-013	9.915682e+000
2.378606e-013	9.915682e+000
2.490706e-013	9.915682e+000
2.608090e-013	9.915682e+000
2.731006e-013	9.915682e+000
2.859714e-013	9.915682e+000
2.994488e-013	9.915682e+000
3.135614e-013	9.915682e+000
3.283391e-013	9.915682e+000
3.438132e-013	9.915682e+000
3.600166e-013	9.915682e+000
3.769837e-013	9.915682e+000
3.947504e-013	9.915682e+000
4.133544e-013	9.915682e+000
4.328352e-013	9.915682e+000
4.532341e-013	9.915682e+000
4.745944e-013	9.915682e+000
4.969613e-013	9.915682e+000
5.203823e-013	9.915682e+000
5.449072e-013	9.915682e+000
5.705879e-013	9.915682e+000
5.974789e-013	9.915682e+000
6.256372e-013	9.915682e+000
6.551226e-013	9.915682e+000
6.859975e-013	9.915682e+000
7.183276e-013	9.915682e+000
7.521814e-013	9.915682e+000
7.876306e-013	9.915682e+000
8.247505e-013	9.915682e+000
8.636198e-013	9.915682e+000
9.043209e-013	9.915682e+000
9.469402e-013	9.915682e+000
9.915682e-013	9.915682e+000
1.038299e-012	9.915682e+000
1.087233e-012	9.915682e+000
1.138473e-012	9.915682e+000
1.192127e-012	9.915682e+000
1.248310e-012	9.915682e+000
1.307141e-012	9.915682e+000
1.368745e-012	9.915682e+000
1.433252e-012	9.915682e+000
1.500799e-012	9.915682e+000
1.571530e-012	9.915682e+000
1.645593e-012	9.915682e+000
1.723148e-012	9.915682e+000
1.804357e-012	9.915682e+000
1.889394e-012	9.915682e+000
1.978439e-012	9.915682e+000
2.071679e-012	9.915682e+000
2.169315e-012	9.915682e+000
2.271551e-012	9.915682e+000
2.378606e-012	9.915682e+000
2.490707e-012	9.915682e+000
2.608090e-012	9.915682e+000
2.731006e-012	9.915682e+000
2.859714e-012	9.915682e+000
2.994488e-012	9.915682e+000
3.135614e-012	9.915682e+000
3.283391e-012	9.915682e+000
3.438132e-012	9.915682e+000
3.600166e-012	9.915682e+000
3.769837e-012	9.915682e+000
3.947504e-012	9.915682e+000
4.133544e-012	9.915682e+000
4.328352e-012	9.915682e+000
4.532341e-012	9.915682e+000
4.745944e-012	9.915682e+000
4.969613e-012	9.915682e+000
5.203823e-012	9.915682e+000
5.449072e-012	9.915682e+000
5.705879e-012	9.915682e+000
5.974789e-012	9.915682e+000
6.256372e-012	9.915682e+000
6.551226e-012	9.915682e+000
6.859976e-012	9.915682e+000
7.183276e-012	9.915682e+000
7.521814e-012	9.915682e+000
7.876306e-012	9.915682e+000
8.247505e-012	9.915682e+000
8.636198e-012	9.915682e+000
9.043209e-012	9.915682e+000
9.469403e-012	9.915682e+000
9.915682e-012	9.915682e+000
1.038299e-011	9.915682e+000
1.087233e-011	9.915682e+000
1.138473e-011	9.915682e+000
1.192127e-011	9.915682e+000
1.248310e-011	9.915682e+000
1.307141e-011	9.915682e+000
1.368745e-011	9.915682e+000
1.433252e-011	9.915682e+000
1.500799e-011	9.915682e+000
1.571530e-011	9.915682e+000
1.645594e-011	9.915682e+000
1.723148e-011	9.915682e+000
1.804357e-011	9.915682e+000
1.889394e-011	9.915682e+000
1.978439e-011	9.915682e+000
2.071679e-011	9.915682e+000
2.169315e-011	9.915682e+000
2.271551e-011	9.915682e+000
2.378606e-011	9.915682e+000
2.490707e-011	9.915682e+000
2.608090e-011	9.915682e+000
2.731006e-011	9.915682e+000
2.859714e-011	9.915682e+000
2.994488e-011	9.915682e+000
3.135614e-011	9.915682e+000
3.283391e-011	9.915682e+000
3.438132e-011	9.915682e+000
3.600166e-011	9.915682e+000
3.769837e-011	9.915682e+000
3.947504e-011	9.915682e+000
4.133544e-011	9.915682e+000
4.328352e-011	9.915682e+000
4.532341e-011	9.915682e+000
4.745944e-011	9.915682e+000
4.969613e-011	9.915682e+000
5.203824e-011	9.915682e+000
5.449072e-011	9.915682e+000
5.705879e-011	9.915682e+000
5.974789e-011	9.915682e+000
6.256372e-011	9.915682e+000
6.551226e-011	9.915682e+000
6.859976e-011	9.915682e+000
7.183276e-011	9.915682e+000
7.521814e-011	9.915682e+000
7.876306e-011	9.915682e+000
8.247505e-011	9.915682e+000
8.636197e-011	9.915682e+000
9.043209e-011	9.915682e+000
9.469402e-011	9.915682e+000
9.915681e-011	9.915682e+000
1.038299e-010	9.915682e+000
1.087233e-010	9.915682e+000
1.138473e-010	9.915682e+000
1.192127e-010	9.915682e+000
1.248310e-010	9.915682e+000
1.307141e-010	9.915682e+000
1.368745e-010	9.915682e+000
1.433252e-010	9.915682e+000
1.500799e-010	9.915682e+000
1.571530e-010	9.915682e+000
1.645594e-010	9.915682e+000
1.723148e-010	9.915682e+000
1.804357e-010	9.915682e+000
1.889394e-010	9.915682e+000
1.978439e-010	9.915682e+000
2.071679e-010	9.915682e+000
2.169315e-010	9.915682e+000
2.271551e-010	9.915682e+000
2.378606e-010	9.915682e+000
2.490707e-010	9.915682e+000
2.608090e-010	9.915682e+000
2.731005e-010	9.915682e+000
2.859714e-010	9.915682e+000
2.994488e-010	9.915682e+000
3.135614e-010	9.915682e+000
3.283391e-010	9.915682e+000
3.438132e-010	9.915682e+000
3.600166e-010	9.915682e+000
3.769837e-010	9.915682e+000
3.947504e-010	9.915682e+000
4.133544e-010	9.915682e+000
4.328352e-010	9.915682e+000
4.532341e-010	9.915682e+000
4.745944e-010	9.915682e+000
4.969613e-010	9.915682e+000
5.203823e-010	9.915682e+000
5.449072e-010	9.915682e+000
5.705879e-010	9.915682e+000
5.974789e-010	9.915682e+000
6.256372e-010	9.915682e+000
6.551226e-010	9.915682e+000
6.859975e-010	9.915682e+000
7.183276e-010	9.915682e+000
7.521814e-010	9.915682e+000
7.876306e-010	9.915682e+000
8.247505e-010	9.915682e+000
8.636198e-010	9.915682e+000
9.043209e-010	9.915682e+000
9.469402e-010	9.915682e+000
9.915682e-010	9.915682e+000
1.038299e-009	9.915682e+000
1.087233e-009	9.915682e+000
1.138473e-009	9.915682e+000
1.192127e-009	9.915682e+000
1.248310e-009	9.915682e+000
1.307141e-009	9.915682e+000
1.368745e-009	9.915682e+000
1.433252e-009	9.915682e+000
1.500799e-009	9.915682e+000
1.571530e-009	9.915682e+000
1.645594e-009	9.915682e+000
1.723148e-009	9.915682e+000
1.804357e-009	9.915682e+000
1.889394e-009	9.915682e+000
1.978439e-009	9.915682e+000
2.071679e-009	9.915682e+000
2.169315e-009	9.915682e+000
2.271551e-009	9.915682e+000
2.378606e-009	9.915682e+000
2.490707e-009	9.915682e+000
2.608090e-009	9.915682e+000
2.731005e-009	9.915682e+000
2.859714e-009	9.915682e+000
2.994488e-009	9.915682e+000
3.135614e-009	9.915682e+000
3.283391e-009	9.915682e+000
3.438132e-009	9.915682e+000
3.600166e-009	9.915682e+000
3.769837e-009	9.915682e+000
3.947504e-009	9.915682e+000
4.133544e-009	9.915682e+000
4.328352e-009	9.915682e+000
4.532341e-009	9.915682e+000
4.745944e-009	9.915682e+000
4.969613e-009	9.915682e+000
5.203824e-009	9.915682e+000
5.449072e-009	9.915682e+000
5.705879e-009	9.915682e+000
5.974789e-009	9.915682e+000
6.256372e-009	9.915682e+000
6.551226e-009	9.915682e+000
6.859976e-009	9.915682e+000
7.183276e-009	9.915682e+000
7.521813e-009	9.915682e+000
7.876306e-009	9.915682e+000
8.247505e-009	9.915682e+000
8.636198e-009	9.915682e+000
9.043209e-009	9.915682e+000
9.469402e-009	9.915682e+000
9.915682e-009	9.915682e+000
1.038299e-008	9.915682e+000
1.087233e-008	9.915682e+000
1.138473e-008	9.915682e+000
1.192127e-008	9.915682e+000
1.248310e-008	9.915682e+000
1.307141e-008	9.915682e+000
1.368745e-008	9.915682e+000
1.433252e-008	9.915682e+000
1.500799e-008	9.915682e+000
1.571530e-008	9.915682e+000
1.645594e-008	9.915682e+000
1.723148e-008	9.915682e+000
1.804357e-008	9.915682e+000
1.889394e-008	9.915682e+000
1.978439e-008	9.915682e+000
2.071680e-008	9.915682e+000
2.169315e-008	9.915682e+000
2.271551e-008	9.915682e+000
2.378606e-008	9.915682e+000
2.490707e-008	9.915682e+000
2.608090e-008	9.915682e+000
2.731005e-008	9.915682e+000
2.859714e-008	9.915682e+000
2.994488e-008	9.915682e+000
3.135614e-008	9.915682e+000
3.283391e-008	9.915682e+000
3.438132e-008	9.915682e+000
3.600166e-008	9.915682e+000
3.769837e-008	9.915682e+000
3.947504e-008	9.915682e+000
4.133544e-008	9.915682e+000
4.328352e-008	9.915682e+000
4.532341e-008	9.915682e+000
4.745944e-008	9.915682e+000
4.969613e-008	9.915682e+000
5.203824e-008	9.915682e+000
5.449072e-008	9.915682e+000
5.705879e-008	9.915682e+000
5.974789e-008	9.915682e+000
6.256372e-008	9.915682e+000
6.551226e-008	9.915682e+000
6.859975e-008	9.915682e+000
7.183277e-008	9.915682e+000
7.521814e-008	9.915682e+000
7.876306e-008	9.915682e+000
8.247505e-008	9.915682e+000
8.636198e-008	9.915682e+000
9.043209e-008	9.915682e+000
9.469402e-008	9.915682e+000
9.915681e-008	9.915682e+000
1.038299e-007	9.915682e+000
1.087233e-007	9.915682e+000
1.138473e-007	9.915682e+000
1.192127e-007	9.915682e+000
1.248310e-007	9.915682e+000
1.307141e-007	9.915682e+000
1.368745e-007	9.915682e+000
1.433252e-007	9.915682e+000
1.500799e-007	9.915682e+000
1.571530e-007	9.915682e+000
1.645594e-007	9.915682e+000
1.723148e-007	9.915682e+000
1.804357e-007	9.915682e+000
1.889394e-007	9.915682e+000
1.978439e-007	9.915682e+000
2.071680e-007	9.915682e+000
2.169315e-007	9.915682e+000
2.271551e-007	9.915682e+000
2.378606e-007	9.915682e+000
2.490707e-007	9.915682e+000
2.608090e-007	9.915682e+000
2.731005e-007	9.915682e+000
2.859714e-007	9.915682e+000
2.994488e-007	9.915682e+000
3.135614e-007	9.915682e+000
3.283391e-007	9.915682e+000
3.438132e-007	9.915682e+000
3.600166e-007	9.915682e+000
3.769837e-007	9.915682e+000
3.947504e-007	9.915682e+000
4.133544e-007	9.915682e+000
4.328352e-007	9.915682e+000
4.532341e-007	9.915682e+000
4.745944e-007	9.915682e+000
4.969613e-007	9.915682e+000
5.203823e-007	9.915682e+000
5.449072e-007	9.915682e+000
5.705879e-007	9.915682e+000
5.974789e-007	9.915682e+000
6.256372e-007	9.915682e+000
6.551226e-007	9.915682e+000
6.859976e-007	9.915682e+000
7.183276e-007	9.915682e+000
7.521814e-007	9.915682e+000
7.876306e-007	9.915682e+000
8.247505e-007	9.915682e+000
8.636198e-007	9.915682e+000
9.043209e-007	9.915682e+000
9.469402e-007	9.915682e+000
9.915682e-007	9.915682e+000
1.038299e-006	9.915682e+000
1.087233e-006	9.915682e+000
1.138473e-006	9.915682e+000
1.192127e-006	9.915682e+000
1.248310e-006	9.915682e+000
1.307141e-006	9.915682e+000
1.368745e-006	9.915682e+000
1.433252e-006	9.915682e+000
1.500799e-006	9.915682e+000
1.571530e-006	9.915682e+000
1.645594e-006	9.915682e+000
1.723148e-006	9.915682e+000
1.804357e-006	9.915682e+000
1.889394e-006	9.915682e+000
1.978439e-006	9.915682e+000
2.071680e-006	9.915682e+000
2.169315e-006	9.915682e+000
2.271551e-006	9.915682e+000
2.378606e-006	9.915682e+000
2.490706e-006	9.915682e+000
2.608090e-006	9.915682e+000
2.731005e-006	9.915682e+000
2.859714e-006	9.915682e+000
2.994488e-006	9.915682e+000
3.135614e-006	9.915682e+000
3.283391e-006	9.915682e+000
3.438132e-006	9.915682e+000
3.600166e-006	9.915682e+000
3.769837e-006	9.915682e+000
3.947504e-006	9.915682e+000
4.133544e-006	9.915682e+000
4.328352e-006	9.915682e+000
4.532341e-006	9.915682e+000
4.745943e-006	9.915682e+000
4.969613e-006	9.915682e+000
5.203824e-006	9.915682e+000
5.449072e-006	9.915682e+000
5.705879e-006	9.915682e+000
5.974789e-006	9.915682e+000
6.256372e-006	9.915682e+000
6.551226e-006	9.915682e+000
6.859976e-006	9.915682e+000
7.183276e-006	9.915682e+000
7.521814e-006	9.915682e+000
7.876306e-006	9.915682e+000
8.247504e-006	9.915682e+000
8.636198e-006	9.915682e+000
9.043209e-006	9.915682e+000
9.469402e-006	9.915682e+000
9.915681e-006	9.915682e+000
1.038299e-005	9.915682e+000
1.087233e-005	9.915682e+000
1.138473e-005	9.915682e+000
1.192127e-005	9.915682e+000
1.248310e-005	9.915682e+000
1.307141e-005	9.915682e+000
1.368745e-005	9.915682e+000
1.433252e-005	9.915682e+000
1.500799e-005	9.915682e+000
1.571530e-005	9.915682e+000
1.645594e-005	9.915682e+000
1.723148e-005	9.915682e+000
1.804357e-005	9.915682e+000
1.889394e-005	9.915682e+000
1.978439e-005	9.915682e+000
2.071679e-005	9.915682e+000
2.169315e-005	9.915682e+000
2.271551e-005	9.915682e+000
2.378606e-005	9.915682e+000
2.490707e-005	9.915682e+000
2.608090e-005	9.915682e+000
2.731005e-005	9.915682e+000
2.859714e-005	9.915682e+000
2.994488e-005	9.915682e+000
3.135614e-005	9.915681e+000
3.283391e-005	9.915681e+000
3.438132e-005	9.915681e+000
3.600166e-005	9.915681e+000
3.769837e-005	9.915681e+000
3.947504e-005	9.915681e+000
4.133544e-005	9.915681e+000
4.328352e-005	9.915681e+000
4.532341e-005	9.915681e+000
4.745943e-005	9.915681e+000
4.969613e-005	9.915681e+000
5.203823e-005	9.915681e+000
5.449072e-005	9.915681e+000
5.705879e-005	9.915681e+000
5.974789e-005	9.915681e+000
6.256372e-005	9.915681e+000
6.551226e-005	9.915681e+000
6.859975e-005	9.915681e+000
7.183276e-005	9.915681e+000
7.521813e-005	9.915681e+000
7.876306e-005	9.915681e+000
8.247504e-005	9.915681e+000
8.636197e-005	9.915681e+000
9.043208e-005	9.915681e+000
9.469402e-005	9.915681e+000
9.915681e-005	9.915681e+000
1.038299e-004	9.915681e+000
1.087233e-004	9.915681e+000
1.138473e-004	9.915681e+000
1.192127e-004	9.915681e+000
1.248310e-004	9.915681e+000
1.307141e-004	9.915681e+000
1.368745e-004	9.915681e+000
1.433252e-004	9.915681e+000
1.500799e-004	9.915681e+000
1.571529e-004	9.915681e+000
1.645593e-004	9.915680e+000
1.723148e-004	9.915680e+000
1.804357e-004	9.915680e+000
1.889394e-004	9.915680e+000
1.978438e-004	9.915680e+000
2.071679e-004	9.915680e+000
2.169314e-004	9.915680e+000
2.271551e-004	9.915680e+000
2.378606e-004	9.915680e+000
2.490706e-004	9.915680e+000
2.608089e-004	9.915680e+000
2.731005e-004	9.915680e+000
2.859713e-004	9.915680e+000
2.994487e-004	9.915679e+000
3.135613e-004	9.915679e+000
3.283390e-004	9.915679e+000
3.438131e-004	9.915679e+000
3.600165e-004	9.915679e+000
3.769836e-004	9.915679e+000
3.947503e-004	9.915679e+000
4.133543e-004	9.915679e+000
4.328350e-004	9.915678e+000
4.532340e-004	9.915678e+000
4.745942e-004	9.915678e+000
4.969611e-004	9.915678e+000
5.203822e-004	9.915678e+000
5.449070e-004	9.915678e+000
5.705877e-004	9.915677e+000
5.974786e-004	9.915677e+000
6.256370e-004	9.915677e+000
6.551223e-004	9.915677e+000
6.859972e-004	9.915676e+000
7.183272e-004	9.915676e+000
7.521809e-004	9.915676e+000
7.876302e-004	9.915676e+000
8.247500e-004	9.915675e+000
8.636192e-004	9.915675e+000
9.043203e-004	9.915675e+000
9.469396e-004	9.915674e+000
9.915674e-004	9.915674e+000
1.038298e-003	9.915674e+000
1.087232e-003	9.915673e+000
1.138472e-003	9.915673e+000
1.192126e-003	9.915673e+000
1.248309e-003	9.915672e+000
1.307140e-003	9.915672e+000
1.368744e-003	9.915671e+000
1.433250e-003	9.915671e+000
1.500797e-003	9.915670e+000
1.571528e-003	9.915670e+000
1.645592e-003	9.915669e+000
1.723146e-003	9.915669e+000
1.804355e-003	9.915668e+000
1.889392e-003	9.915668e+000
1.978436e-003	9.915668e+000
2.071676e-003	9.915667e+000
2.169311e-003	9.915666e+000
2.271548e-003	9.915665e+000
2.378602e-003	9.915665e+000
2.490702e-003	9.915664e+000
2.608085e-003	9.915663e+000
2.731000e-003	9.915662e+000
2.859708e-003	9.915661e+000
2.994481e-003	9.915660e+000
3.135607e-003	9.915659e+000
3.283383e-003	9.915658e+000
3.438124e-003	9.915656e+000
3.600157e-003	9.915655e+000
3.769827e-003	9.915654e+000
3.947493e-003	9.915653e+000
4.133531e-003	9.915651e+000
4.328338e-003	9.915650e+000
4.532326e-003	9.915648e+000
4.745927e-003	9.915647e+000
4.969595e-003	9.915646e+000
5.203804e-003	9.915644e+000
5.449051e-003	9.915642e+000
5.705855e-003	9.915640e+000
5.974763e-003	9.915638e+000
6.256343e-003	9.915636e+000
6.551194e-003	9.915634e+000
6.859941e-003	9.915631e+000
7.183238e-003	9.915629e+000
7.521772e-003	9.915627e+000
7.876260e-003	9.915624e+000
8.247455e-003	9.915622e+000
8.636143e-003	9.915619e+000
9.043149e-003	9.915615e+000
9.469336e-003	9.915612e+000
9.915609e-003	9.915609e+000
1.038291e-002	9.915606e+000
1.087224e-002	9.915602e+000
1.138463e-002	9.915599e+000
1.192117e-002	9.915594e+000
1.248299e-002	9.915590e+000
1.307129e-002	9.915586e+000
1.368731e-002	9.915582e+000
1.433237e-002	9.915577e+000
1.500783e-002	9.915572e+000
1.571511e-002	9.915566e+000
1.645574e-002	9.915562e+000
1.723126e-002	9.915556e+000
1.804333e-002	9.915549e+000
1.889368e-002	9.915544e+000
1.978410e-002	9.915537e+000
2.071648e-002	9.915530e+000
2.169280e-002	9.915523e+000
2.271513e-002	9.915516e+000
2.378565e-002	9.915507e+000
2.490661e-002	9.915500e+000
2.608040e-002	9.915491e+000
2.730951e-002	9.915482e+000
2.859654e-002	9.915472e+000
2.994422e-002	9.915462e+000
3.135541e-002	9.915452e+000
3.283311e-002	9.915442e+000
3.438045e-002	9.915430e+000
3.600071e-002	9.915418e+000
3.769732e-002	9.915405e+000
3.947389e-002	9.915393e+000
4.133418e-002	9.915379e+000
4.328214e-002	9.915364e+000
4.532189e-002	9.915349e+000
4.745777e-002	9.915334e+000
4.969430e-002	9.915318e+000
5.203623e-002	9.915300e+000
5.448852e-002	9.915282e+000
5.705638e-002	9.915263e+000
5.974525e-002	9.915243e+000
6.256083e-002	9.915222e+000
6.550908e-002	9.915200e+000
6.859627e-002	9.915177e+000
7.182894e-002	9.915154e+000
7.521395e-002	9.915129e+000
7.875846e-002	9.915102e+000
8.247000e-002	9.915075e+000
8.635644e-002	9.915046e+000
9.042602e-002	9.915016e+000
9.468736e-002	9.914985e+000
9.914951e-002	9.914951e+000
1.038219e-001	9.914916e+000
1.087145e-001	9.914880e+000
1.138376e-001	9.914842e+000
1.192021e-001	9.914802e+000
1.248194e-001	9.914760e+000
1.307014e-001	9.914716e+000
1.368605e-001	9.914670e+000
1.433099e-001	9.914621e+000
1.500631e-001	9.914571e+000
1.571345e-001	9.914517e+000
1.645391e-001	9.914461e+000
1.722926e-001	9.914403e+000
1.804114e-001	9.914342e+000
1.889127e-001	9.914277e+000
1.978145e-001	9.914210e+000
2.071357e-001	9.914140e+000
2.168961e-001	9.914065e+000
2.271163e-001	9.913987e+000
2.378180e-001	9.913905e+000
2.490239e-001	9.913819e+000
2.607577e-001	9.913730e+000
2.730442e-001	9.913635e+000
2.859095e-001	9.913536e+000
2.993809e-001	9.913432e+000
3.134868e-001	9.913322e+000
3.282572e-001	9.913208e+000
3.437233e-001	9.913088e+000
3.599178e-001	9.912961e+000
3.768752e-001	9.912827e+000
3.946312e-001	9.912688e+000
4.132235e-001	9.912541e+000
4.326914e-001	9.912387e+000
4.530761e-001	9.912225e+000
4.744207e-001	9.912054e+000
4.967705e-001	9.911875e+000
5.201727e-001	9.911686e+000
5.446767e-001	9.911487e+000
5.703345e-001	9.911278e+000
5.972003e-001	9.911057e+000
6.253309e-001	9.910826e+000
6.547857e-001	9.910583e+000
6.856270e-001	9.910325e+000
7.179199e-001	9.910054e+000
7.517328e-001	9.909768e+000
7.871370e-001	9.909467e+000
8.242071e-001	9.909149e+000
8.630216e-001	9.908813e+000
9.036623e-001	9.908460e+000
9.462149e-001	9.908086e+000
9.907690e-001	9.907691e+000
1.037419e+000	9.907272e+000
1.086262e+000	9.906831e+000
1.137403e+000	9.906363e+000
1.190947e+000	9.905869e+000
1.247009e+000	9.905344e+000
1.305705e+000	9.904788e+000
1.367160e+000	9.904199e+000
1.431502e+000	9.903573e+000
1.498866e+000	9.902909e+000
1.569393e+000	9.902203e+000
1.643232e+000	9.901452e+000
1.720536e+000	9.900653e+000
1.801468e+000	9.899801e+000
1.886195e+000	9.898892e+000
1.974895e+000	9.897923e+000
2.067753e+000	9.896889e+000
2.164961e+000	9.895781e+000
2.266721e+000	9.894595e+000
2.373243e+000	9.893325e+000
2.484748e+000	9.891962e+000
2.601466e+000	9.890497e+000
2.723635e+000	9.888922e+000
2.851506e+000	9.887224e+000
2.985341e+000	9.885393e+000
3.125410e+000	9.883414e+000
3.271997e+000	9.881274e+000
3.425398e+000	9.878955e+000
3.585917e+000	9.876437e+000
3.753876e+000	9.873699e+000
3.929603e+000	9.870717e+000
4.113443e+000	9.867464e+000
4.305751e+000	9.863907e+000
4.506895e+000	9.860011e+000
4.717252e+000	9.855737e+000
4.937215e+000	9.851039e+000
5.167182e+000	9.845863e+000
5.407567e+000	9.840154e+000
5.658785e+000	9.833841e+000
5.921264e+000	9.826852e+000
6.195433e+000	9.819100e+000
6.481726e+000	9.810489e+000
6.780574e+000	9.800911e+000
7.092406e+000	9.790245e+000
7.417642e+000	9.778357e+000
7.756692e+000	9.765097e+000
8.109948e+000	9.750302e+000
8.477781e+000	9.733796e+000
8.860537e+000	9.715385e+000
9.258527e+000	9.694868e+000
9.672029e+000	9.672029e+000
1.010128e+001	9.646649e+000
1.054648e+001	9.618502e+000
1.100776e+001	9.587362e+000
1.148525e+001	9.553011e+000
1.197897e+001	9.515238e+000
1.248896e+001	9.473845e+000
1.301517e+001	9.428657e+000
1.355752e+001	9.379515e+000
1.411591e+001	9.326286e+000
1.469017e+001	9.268867e+000
1.528011e+001	9.207179e+000
1.588553e+001	9.141169e+000
1.650616e+001	9.070811e+000
1.714173e+001	8.996108e+000
1.779192e+001	8.917082e+000
1.845638e+001	8.833778e+000
1.913474e+001	8.746263e+000
1.982658e+001	8.654617e+000
2.053147e+001	8.558942e+000
2.124893e+001	8.459350e+000
2.197844e+001	8.355968e+000
2.271945e+001	8.248934e+000
2.347139e+001	8.138395e+000
2.423363e+001	8.024510e+000
2.500553e+001	7.907444e+000
2.578641e+001	7.787370e+000
2.657553e+001	7.664467e+000
2.737217e+001	7.538921e+000
2.817555e+001	7.410925e+000
2.898484e+001	7.280663e+000
2.979927e+001	7.148347e+000
3.061795e+001	7.014168e+000
3.144006e+001	6.878335e+000
3.226471e+001	6.741053e+000
3.309101e+001	6.602525e+000
3.391809e+001	6.462960e+000
3.474506e+001	6.322561e+000
3.557102e+001	6.181535e+000
3.639510e+001	6.040082e+000
3.721641e+001	5.898404e+000
3.803402e+001	5.756682e+000
3.884721e+001	5.615129e+000
3.965508e+001	5.473925e+000
4.045685e+001	5.333251e+000
4.125172e+001	5.193285e+000
4.203896e+001	5.054194e+000
4.276226e+001	4.909765e+000
4.298519e+001	4.713232e+000
4.313213e+001	4.516489e+000
4.325923e+001	4.325923e+000
4.337387e+001	4.142172e+000
4.347888e+001	3.965321e+000
4.357585e+001	3.795298e+000
4.366582e+001	3.631965e+000
4.374959e+001	3.475153e+000
4.382778e+001	3.324677e+000
4.390092e+001	3.180341e+000
4.396945e+001	3.041943e+000
4.403376e+001	2.909282e+000
4.409418e+001	2.782155e+000
4.415102e+001	2.660362e+000
4.420447e+001	2.543702e+000
4.425489e+001	2.431987e+000
4.430244e+001	2.325025e+000
4.434733e+001	2.222632e+000
4.438973e+001	2.124626e+000
4.442980e+001	2.030834e+000
4.446770e+001	1.941085e+000
4.450356e+001	1.855217e+000
4.453751e+001	1.773070e+000
4.456967e+001	1.694492e+000
4.460014e+001	1.619333e+000
4.462903e+001	1.547453e+000
4.465643e+001	1.478713e+000
4.468242e+001	1.412982e+000
4.470709e+001	1.350133e+000
4.473051e+001	1.290042e+000
4.475275e+001	1.232593e+000
4.477388e+001	1.177673e+000
4.479396e+001	1.125173e+000
4.481303e+001	1.074990e+000
4.483117e+001	1.027023e+000
4.484842e+001	9.811766e-001
4.486483e+001	9.373591e-001
4.488043e+001	8.954824e-001
4.489528e+001	8.554620e-001
4.490941e+001	8.172170e-001
4.492286e+001	7.806699e-001
4.493567e+001	7.457465e-001
4.494786e+001	7.123756e-001
4.495947e+001	6.804892e-001
4.497053e+001	6.500220e-001
4.498107e+001	6.209116e-001
4.499111e+001	5.930983e-001
4.500068e+001	5.665249e-001
4.500971e+001	5.411358e-001
4.501839e+001	5.168803e-001
4.502677e+001	4.937087e-001
4.503467e+001	4.715708e-001
4.504220e+001	4.504220e-001
4.504921e+001	4.302166e-001
4.505604e+001	4.109159e-001
4.506255e+001	3.924784e-001
4.506875e+001	3.748656e-001
4.507467e+001	3.580409e-001
4.508032e+001	3.419692e-001
4.508570e+001	3.266170e-001
4.509084e+001	3.119524e-001
4.509573e+001	2.979445e-001
4.510041e+001	2.845643e-001
4.510486e+001	2.717837e-001
4.510911e+001	2.595758e-001
4.511317e+001	2.479153e-001
4.511704e+001	2.367776e-001
4.512073e+001	2.261394e-001
4.512426e+001	2.159783e-001
4.512762e+001	2.062730e-001
4.513083e+001	1.970032e-001
4.513388e+001	1.881493e-001
4.513681e+001	1.796929e-001
4.513960e+001	1.716160e-001
4.514226e+001	1.639016e-001
4.514479e+001	1.565336e-001
4.514722e+001	1.494965e-001
4.514953e+001	1.427754e-001
4.515174e+001	1.363561e-001
4.515385e+001	1.302251e-001
4.515586e+001	1.243696e-001
4.515778e+001	1.187771e-001
4.515961e+001	1.134358e-001
4.516136e+001	1.083346e-001
4.516303e+001	1.034625e-001
4.516463e+001	9.880944e-002
4.516615e+001	9.436546e-002
4.516760e+001	9.012122e-002
4.516899e+001	8.606774e-002
4.517031e+001	8.219646e-002
4.517158e+001	7.849921e-002
4.517279e+001	7.496817e-002
4.517394e+001	7.159587e-002
4.517504e+001	6.837519e-002
4.517609e+001	6.529932e-002
4.517709e+001	6.236175e-002
4.517805e+001	5.955627e-002
4.517896e+001	5.687695e-002
4.517984e+001	5.431811e-002
4.518067e+001	5.187435e-002
4.518147e+001	4.954049e-002
4.518222e+001	4.731160e-002
4.518295e+001	4.518295e-002
