V(out)	power output	
9.915682e-020	9.83207387e-19	
1.038299e-019	1.02954477e-18	
1.087233e-019	1.07806557e-18	
1.138473e-019	1.12887405e-18	
1.192127e-019	1.18207462e-18	
1.248310e-019	1.23778375e-18	
1.307141e-019	1.29611948e-18	
1.368745e-019	1.35720435e-18	
1.433252e-019	1.42116698e-18	
1.500799e-019	1.48814503e-18	
1.571530e-019	1.55827924e-18	
1.645593e-019	1.63171785e-18	
1.723148e-019	1.70861824e-18	
1.804357e-019	1.7891423e-18	
1.889394e-019	1.87346251e-18	
1.978439e-019	1.96175742e-18	
2.071680e-019	2.05421158e-18	
2.169315e-019	2.15102322e-18	
2.271551e-019	2.25239812e-18	
2.378606e-019	2.35854959e-18	
2.490706e-019	2.46970459e-18	
2.608090e-019	2.58609917e-18	
2.731006e-019	2.70797841e-18	
2.859714e-019	2.83560104e-18	
2.994488e-019	2.96923943e-18	
3.135614e-019	3.10917497e-18	
3.283391e-019	3.25570573e-18	
3.438132e-019	3.40914188e-18	
3.600166e-019	3.56981024e-18	
3.769837e-019	3.73804971e-18	
3.947504e-019	3.91421887e-18	
4.133544e-019	4.09868996e-18	
4.328352e-019	4.29185631e-18	
4.532341e-019	4.49412495e-18	
4.745944e-019	4.7059271e-18	
4.969613e-019	4.92771059e-18	
5.203824e-019	5.15994595e-18	
5.449072e-019	5.40312648e-18	
5.705879e-019	5.65776807e-18	
5.974789e-019	5.92441087e-18	
6.256372e-019	6.20361925e-18	
6.551226e-019	6.4959863e-18	
6.859976e-019	6.80213387e-18	
7.183276e-019	7.12270802e-18	
7.521814e-019	7.45839111e-18	
7.876306e-019	7.80989427e-18	
8.247505e-019	8.17796342e-18	
8.636198e-019	8.56337926e-18	
9.043209e-019	8.96695729e-18	
9.469402e-019	9.38955693e-18	
9.915682e-019	9.83207387e-18	
1.038299e-018	1.02954477e-17	
1.087233e-018	1.07806557e-17	
1.138473e-018	1.12887405e-17	
1.192127e-018	1.18207462e-17	
1.248310e-018	1.23778375e-17	
1.307141e-018	1.29611948e-17	
1.368745e-018	1.35720435e-17	
1.433252e-018	1.42116698e-17	
1.500799e-018	1.48814503e-17	
1.571530e-018	1.55827924e-17	
1.645594e-018	1.63171785e-17	
1.723148e-018	1.70861824e-17	
1.804357e-018	1.7891423e-17	
1.889394e-018	1.87346251e-17	
1.978439e-018	1.96175742e-17	
2.071679e-018	2.05421158e-17	
2.169315e-018	2.15102322e-17	
2.271551e-018	2.25239812e-17	
2.378606e-018	2.35854959e-17	
2.490707e-018	2.4697061e-17	
2.608090e-018	2.58609917e-17	
2.731005e-018	2.7079769e-17	
2.859714e-018	2.83560104e-17	
2.994488e-018	2.96923943e-17	
3.135614e-018	3.10917497e-17	
3.283391e-018	3.25570573e-17	
3.438132e-018	3.40914188e-17	
3.600166e-018	3.56981024e-17	
3.769837e-018	3.73804971e-17	
3.947504e-018	3.91421887e-17	
4.133544e-018	4.09868996e-17	
4.328352e-018	4.29185631e-17	
4.532341e-018	4.49412495e-17	
4.745943e-018	4.70592558e-17	
4.969613e-018	4.92771059e-17	
5.203824e-018	5.15994595e-17	
5.449072e-018	5.40312648e-17	
5.705879e-018	5.65776807e-17	
5.974789e-018	5.92441087e-17	
6.256372e-018	6.20361925e-17	
6.551226e-018	6.4959863e-17	
6.859975e-018	6.80213235e-17	
7.183276e-018	7.12270802e-17	
7.521814e-018	7.45839111e-17	
7.876306e-018	7.80989427e-17	
8.247504e-018	8.1779619e-17	
8.636197e-018	8.56337773e-17	
9.043209e-018	8.96695729e-17	
9.469402e-018	9.38955693e-17	
9.915681e-018	9.83207387e-17	
1.038299e-017	1.02954477e-16	
1.087233e-017	1.07806557e-16	
1.138473e-017	1.12887405e-16	
1.192127e-017	1.18207462e-16	
1.248310e-017	1.23778375e-16	
1.307141e-017	1.29611948e-16	
1.368745e-017	1.35720435e-16	
1.433252e-017	1.42116698e-16	
1.500799e-017	1.48814503e-16	
1.571530e-017	1.55827924e-16	
1.645594e-017	1.63171785e-16	
1.723148e-017	1.70861824e-16	
1.804357e-017	1.7891423e-16	
1.889394e-017	1.87346251e-16	
1.978439e-017	1.96175742e-16	
2.071679e-017	2.05421158e-16	
2.169315e-017	2.15102322e-16	
2.271551e-017	2.25239812e-16	
2.378606e-017	2.35854959e-16	
2.490707e-017	2.4697061e-16	
2.608090e-017	2.58609917e-16	
2.731005e-017	2.7079769e-16	
2.859714e-017	2.83560104e-16	
2.994488e-017	2.96923943e-16	
3.135614e-017	3.10917497e-16	
3.283391e-017	3.25570573e-16	
3.438132e-017	3.40914188e-16	
3.600166e-017	3.56981024e-16	
3.769837e-017	3.73804971e-16	
3.947504e-017	3.91421887e-16	
4.133544e-017	4.09868996e-16	
4.328352e-017	4.29185631e-16	
4.532341e-017	4.49412495e-16	
4.745943e-017	4.70592558e-16	
4.969613e-017	4.92771059e-16	
5.203824e-017	5.15994595e-16	
5.449072e-017	5.40312648e-16	
5.705879e-017	5.65776807e-16	
5.974789e-017	5.92441087e-16	
6.256372e-017	6.20361925e-16	
6.551226e-017	6.4959863e-16	
6.859976e-017	6.80213387e-16	
7.183276e-017	7.12270802e-16	
7.521813e-017	7.4583896e-16	
7.876306e-017	7.80989427e-16	
8.247505e-017	8.17796342e-16	
8.636198e-017	8.56337926e-16	
9.043209e-017	8.96695729e-16	
9.469402e-017	9.38955693e-16	
9.915681e-017	9.83207387e-16	
1.038299e-016	1.02954477e-15	
1.087233e-016	1.07806557e-15	
1.138473e-016	1.12887405e-15	
1.192127e-016	1.18207462e-15	
1.248310e-016	1.23778375e-15	
1.307141e-016	1.29611948e-15	
1.368745e-016	1.35720435e-15	
1.433252e-016	1.42116698e-15	
1.500799e-016	1.48814503e-15	
1.571530e-016	1.55827924e-15	
1.645594e-016	1.63171785e-15	
1.723148e-016	1.70861824e-15	
1.804357e-016	1.7891423e-15	
1.889394e-016	1.87346251e-15	
1.978439e-016	1.96175742e-15	
2.071680e-016	2.05421158e-15	
2.169315e-016	2.15102322e-15	
2.271552e-016	2.25239812e-15	
2.378606e-016	2.35854959e-15	
2.490707e-016	2.4697061e-15	
2.608090e-016	2.58609917e-15	
2.731005e-016	2.7079769e-15	
2.859714e-016	2.83560104e-15	
2.994488e-016	2.96923943e-15	
3.135614e-016	3.10917497e-15	
3.283391e-016	3.25570573e-15	
3.438132e-016	3.40914188e-15	
3.600166e-016	3.56981024e-15	
3.769837e-016	3.73804971e-15	
3.947504e-016	3.91421887e-15	
4.133544e-016	4.09868996e-15	
4.328352e-016	4.29185631e-15	
4.532341e-016	4.49412495e-15	
4.745944e-016	4.7059271e-15	
4.969613e-016	4.92771059e-15	
5.203824e-016	5.15994595e-15	
5.449073e-016	5.40312648e-15	
5.705879e-016	5.65776807e-15	
5.974789e-016	5.92441087e-15	
6.256372e-016	6.20361925e-15	
6.551226e-016	6.4959863e-15	
6.859976e-016	6.80213387e-15	
7.183276e-016	7.12270802e-15	
7.521814e-016	7.45839111e-15	
7.876306e-016	7.80989427e-15	
8.247505e-016	8.17796342e-15	
8.636198e-016	8.56337926e-15	
9.043209e-016	8.96695729e-15	
9.469403e-016	9.38955844e-15	
9.915681e-016	9.83207387e-15	
1.038299e-015	1.02954477e-14	
1.087233e-015	1.07806557e-14	
1.138473e-015	1.12887405e-14	
1.192127e-015	1.18207462e-14	
1.248310e-015	1.23778375e-14	
1.307141e-015	1.29611948e-14	
1.368745e-015	1.35720435e-14	
1.433252e-015	1.42116698e-14	
1.500799e-015	1.48814503e-14	
1.571530e-015	1.55827924e-14	
1.645594e-015	1.63171785e-14	
1.723148e-015	1.70861824e-14	
1.804357e-015	1.7891423e-14	
1.889394e-015	1.87346251e-14	
1.978439e-015	1.96175742e-14	
2.071680e-015	2.05421158e-14	
2.169315e-015	2.15102322e-14	
2.271551e-015	2.25239812e-14	
2.378606e-015	2.35854959e-14	
2.490707e-015	2.4697061e-14	
2.608090e-015	2.58609917e-14	
2.731006e-015	2.70797841e-14	
2.859714e-015	2.83560104e-14	
2.994488e-015	2.96923943e-14	
3.135614e-015	3.10917497e-14	
3.283391e-015	3.25570573e-14	
3.438132e-015	3.40914188e-14	
3.600167e-015	3.56981024e-14	
3.769837e-015	3.73804971e-14	
3.947504e-015	3.91421887e-14	
4.133544e-015	4.09868996e-14	
4.328352e-015	4.29185631e-14	
4.532341e-015	4.49412495e-14	
4.745943e-015	4.70592558e-14	
4.969613e-015	4.92771059e-14	
5.203824e-015	5.15994595e-14	
5.449072e-015	5.40312648e-14	
5.705879e-015	5.65776807e-14	
5.974789e-015	5.92441087e-14	
6.256372e-015	6.20361925e-14	
6.551226e-015	6.4959863e-14	
6.859975e-015	6.80213235e-14	
7.183276e-015	7.12270802e-14	
7.521814e-015	7.45839111e-14	
7.876306e-015	7.80989427e-14	
8.247505e-015	8.17796342e-14	
8.636198e-015	8.56337926e-14	
9.043209e-015	8.96695729e-14	
9.469402e-015	9.38955693e-14	
9.915682e-015	9.83207387e-14	
1.038299e-014	1.02954477e-13	
1.087233e-014	1.07806557e-13	
1.138473e-014	1.12887405e-13	
1.192127e-014	1.18207462e-13	
1.248310e-014	1.23778375e-13	
1.307141e-014	1.29611948e-13	
1.368745e-014	1.35720435e-13	
1.433252e-014	1.42116698e-13	
1.500799e-014	1.48814503e-13	
1.571530e-014	1.55827924e-13	
1.645594e-014	1.63171785e-13	
1.723148e-014	1.70861824e-13	
1.804357e-014	1.7891423e-13	
1.889394e-014	1.87346251e-13	
1.978439e-014	1.96175742e-13	
2.071679e-014	2.05421158e-13	
2.169315e-014	2.15102322e-13	
2.271551e-014	2.25239812e-13	
2.378606e-014	2.35854959e-13	
2.490707e-014	2.4697061e-13	
2.608090e-014	2.58609917e-13	
2.731005e-014	2.7079769e-13	
2.859714e-014	2.83560104e-13	
2.994488e-014	2.96923943e-13	
3.135614e-014	3.10917497e-13	
3.283391e-014	3.25570573e-13	
3.438132e-014	3.40914188e-13	
3.600166e-014	3.56981024e-13	
3.769837e-014	3.73804971e-13	
3.947504e-014	3.91421887e-13	
4.133544e-014	4.09868996e-13	
4.328352e-014	4.29185631e-13	
4.532341e-014	4.49412495e-13	
4.745944e-014	4.7059271e-13	
4.969613e-014	4.92771059e-13	
5.203824e-014	5.15994595e-13	
5.449072e-014	5.40312648e-13	
5.705879e-014	5.65776807e-13	
5.974789e-014	5.92441087e-13	
6.256372e-014	6.20361925e-13	
6.551226e-014	6.4959863e-13	
6.859976e-014	6.80213387e-13	
7.183276e-014	7.12270802e-13	
7.521814e-014	7.45839111e-13	
7.876306e-014	7.80989427e-13	
8.247505e-014	8.17796342e-13	
8.636197e-014	8.56337773e-13	
9.043209e-014	8.96695729e-13	
9.469402e-014	9.38955693e-13	
9.915681e-014	9.83207387e-13	
1.038299e-013	1.02954477e-12	
1.087233e-013	1.07806557e-12	
1.138473e-013	1.12887405e-12	
1.192127e-013	1.18207462e-12	
1.248310e-013	1.23778375e-12	
1.307141e-013	1.29611948e-12	
1.368745e-013	1.35720435e-12	
1.433252e-013	1.42116698e-12	
1.500799e-013	1.48814503e-12	
1.571530e-013	1.55827924e-12	
1.645594e-013	1.63171785e-12	
1.723148e-013	1.70861824e-12	
1.804357e-013	1.7891423e-12	
1.889394e-013	1.87346251e-12	
1.978439e-013	1.96175742e-12	
2.071680e-013	2.05421158e-12	
2.169315e-013	2.15102322e-12	
2.271551e-013	2.25239812e-12	
2.378606e-013	2.35854959e-12	
2.490706e-013	2.46970459e-12	
2.608090e-013	2.58609917e-12	
2.731006e-013	2.70797841e-12	
2.859714e-013	2.83560104e-12	
2.994488e-013	2.96923943e-12	
3.135614e-013	3.10917497e-12	
3.283391e-013	3.25570573e-12	
3.438132e-013	3.40914188e-12	
3.600166e-013	3.56981024e-12	
3.769837e-013	3.73804971e-12	
3.947504e-013	3.91421887e-12	
4.133544e-013	4.09868996e-12	
4.328352e-013	4.29185631e-12	
4.532341e-013	4.49412495e-12	
4.745944e-013	4.7059271e-12	
4.969613e-013	4.92771059e-12	
5.203823e-013	5.15994444e-12	
5.449072e-013	5.40312648e-12	
5.705879e-013	5.65776807e-12	
5.974789e-013	5.92441087e-12	
6.256372e-013	6.20361925e-12	
6.551226e-013	6.4959863e-12	
6.859975e-013	6.80213235e-12	
7.183276e-013	7.12270802e-12	
7.521814e-013	7.45839111e-12	
7.876306e-013	7.80989427e-12	
8.247505e-013	8.17796342e-12	
8.636198e-013	8.56337926e-12	
9.043209e-013	8.96695729e-12	
9.469402e-013	9.38955693e-12	
9.915682e-013	9.83207387e-12	
1.038299e-012	1.02954477e-11	
1.087233e-012	1.07806557e-11	
1.138473e-012	1.12887405e-11	
1.192127e-012	1.18207462e-11	
1.248310e-012	1.23778375e-11	
1.307141e-012	1.29611948e-11	
1.368745e-012	1.35720435e-11	
1.433252e-012	1.42116698e-11	
1.500799e-012	1.48814503e-11	
1.571530e-012	1.55827924e-11	
1.645593e-012	1.63171785e-11	
1.723148e-012	1.70861824e-11	
1.804357e-012	1.7891423e-11	
1.889394e-012	1.87346251e-11	
1.978439e-012	1.96175742e-11	
2.071679e-012	2.05421158e-11	
2.169315e-012	2.15102322e-11	
2.271551e-012	2.25239812e-11	
2.378606e-012	2.35854959e-11	
2.490707e-012	2.4697061e-11	
2.608090e-012	2.58609917e-11	
2.731006e-012	2.70797841e-11	
2.859714e-012	2.83560104e-11	
2.994488e-012	2.96923943e-11	
3.135614e-012	3.10917497e-11	
3.283391e-012	3.25570573e-11	
3.438132e-012	3.40914188e-11	
3.600166e-012	3.56981024e-11	
3.769837e-012	3.73804971e-11	
3.947504e-012	3.91421887e-11	
4.133544e-012	4.09868996e-11	
4.328352e-012	4.29185631e-11	
4.532341e-012	4.49412495e-11	
4.745944e-012	4.7059271e-11	
4.969613e-012	4.92771059e-11	
5.203823e-012	5.15994444e-11	
5.449072e-012	5.40312648e-11	
5.705879e-012	5.65776807e-11	
5.974789e-012	5.92441087e-11	
6.256372e-012	6.20361925e-11	
6.551226e-012	6.4959863e-11	
6.859976e-012	6.80213387e-11	
7.183276e-012	7.12270802e-11	
7.521814e-012	7.45839111e-11	
7.876306e-012	7.80989427e-11	
8.247505e-012	8.17796342e-11	
8.636198e-012	8.56337926e-11	
9.043209e-012	8.96695729e-11	
9.469403e-012	9.38955844e-11	
9.915682e-012	9.83207387e-11	
1.038299e-011	1.02954477e-10	
1.087233e-011	1.07806557e-10	
1.138473e-011	1.12887405e-10	
1.192127e-011	1.18207462e-10	
1.248310e-011	1.23778375e-10	
1.307141e-011	1.29611948e-10	
1.368745e-011	1.35720435e-10	
1.433252e-011	1.42116698e-10	
1.500799e-011	1.48814503e-10	
1.571530e-011	1.55827924e-10	
1.645594e-011	1.63171785e-10	
1.723148e-011	1.70861824e-10	
1.804357e-011	1.7891423e-10	
1.889394e-011	1.87346251e-10	
1.978439e-011	1.96175742e-10	
2.071679e-011	2.05421158e-10	
2.169315e-011	2.15102322e-10	
2.271551e-011	2.25239812e-10	
2.378606e-011	2.35854959e-10	
2.490707e-011	2.4697061e-10	
2.608090e-011	2.58609917e-10	
2.731006e-011	2.70797841e-10	
2.859714e-011	2.83560104e-10	
2.994488e-011	2.96923943e-10	
3.135614e-011	3.10917497e-10	
3.283391e-011	3.25570573e-10	
3.438132e-011	3.40914188e-10	
3.600166e-011	3.56981024e-10	
3.769837e-011	3.73804971e-10	
3.947504e-011	3.91421887e-10	
4.133544e-011	4.09868996e-10	
4.328352e-011	4.29185631e-10	
4.532341e-011	4.49412495e-10	
4.745944e-011	4.7059271e-10	
4.969613e-011	4.92771059e-10	
5.203824e-011	5.15994595e-10	
5.449072e-011	5.40312648e-10	
5.705879e-011	5.65776807e-10	
5.974789e-011	5.92441087e-10	
6.256372e-011	6.20361925e-10	
6.551226e-011	6.4959863e-10	
6.859976e-011	6.80213387e-10	
7.183276e-011	7.12270802e-10	
7.521814e-011	7.45839111e-10	
7.876306e-011	7.80989427e-10	
8.247505e-011	8.17796342e-10	
8.636197e-011	8.56337773e-10	
9.043209e-011	8.96695729e-10	
9.469402e-011	9.38955693e-10	
9.915681e-011	9.83207387e-10	
1.038299e-010	1.02954477e-9	
1.087233e-010	1.07806557e-9	
1.138473e-010	1.12887405e-9	
1.192127e-010	1.18207462e-9	
1.248310e-010	1.23778375e-9	
1.307141e-010	1.29611948e-9	
1.368745e-010	1.35720435e-9	
1.433252e-010	1.42116698e-9	
1.500799e-010	1.48814503e-9	
1.571530e-010	1.55827924e-9	
1.645594e-010	1.63171785e-9	
1.723148e-010	1.70861824e-9	
1.804357e-010	1.7891423e-9	
1.889394e-010	1.87346251e-9	
1.978439e-010	1.96175742e-9	
2.071679e-010	2.05421158e-9	
2.169315e-010	2.15102322e-9	
2.271551e-010	2.25239812e-9	
2.378606e-010	2.35854959e-9	
2.490707e-010	2.4697061e-9	
2.608090e-010	2.58609917e-9	
2.731005e-010	2.7079769e-9	
2.859714e-010	2.83560104e-9	
2.994488e-010	2.96923943e-9	
3.135614e-010	3.10917497e-9	
3.283391e-010	3.25570573e-9	
3.438132e-010	3.40914188e-9	
3.600166e-010	3.56981024e-9	
3.769837e-010	3.73804971e-9	
3.947504e-010	3.91421887e-9	
4.133544e-010	4.09868996e-9	
4.328352e-010	4.29185631e-9	
4.532341e-010	4.49412495e-9	
4.745944e-010	4.7059271e-9	
4.969613e-010	4.92771059e-9	
5.203823e-010	5.15994444e-9	
5.449072e-010	5.40312648e-9	
5.705879e-010	5.65776807e-9	
5.974789e-010	5.92441087e-9	
6.256372e-010	6.20361925e-9	
6.551226e-010	6.4959863e-9	
6.859975e-010	6.80213235e-9	
7.183276e-010	7.12270802e-9	
7.521814e-010	7.45839111e-9	
7.876306e-010	7.80989427e-9	
8.247505e-010	8.17796342e-9	
8.636198e-010	8.56337926e-9	
9.043209e-010	8.96695729e-9	
9.469402e-010	9.38955693e-9	
9.915682e-010	9.83207387e-9	
1.038299e-009	1.02954477e-8	
1.087233e-009	1.07806557e-8	
1.138473e-009	1.12887405e-8	
1.192127e-009	1.18207462e-8	
1.248310e-009	1.23778375e-8	
1.307141e-009	1.29611948e-8	
1.368745e-009	1.35720435e-8	
1.433252e-009	1.42116698e-8	
1.500799e-009	1.48814503e-8	
1.571530e-009	1.55827924e-8	
1.645594e-009	1.63171785e-8	
1.723148e-009	1.70861824e-8	
1.804357e-009	1.7891423e-8	
1.889394e-009	1.87346251e-8	
1.978439e-009	1.96175742e-8	
2.071679e-009	2.05421158e-8	
2.169315e-009	2.15102322e-8	
2.271551e-009	2.25239812e-8	
2.378606e-009	2.35854959e-8	
2.490707e-009	2.4697061e-8	
2.608090e-009	2.58609917e-8	
2.731005e-009	2.7079769e-8	
2.859714e-009	2.83560104e-8	
2.994488e-009	2.96923943e-8	
3.135614e-009	3.10917497e-8	
3.283391e-009	3.25570573e-8	
3.438132e-009	3.40914188e-8	
3.600166e-009	3.56981024e-8	
3.769837e-009	3.73804971e-8	
3.947504e-009	3.91421887e-8	
4.133544e-009	4.09868996e-8	
4.328352e-009	4.29185631e-8	
4.532341e-009	4.49412495e-8	
4.745944e-009	4.7059271e-8	
4.969613e-009	4.92771059e-8	
5.203824e-009	5.15994595e-8	
5.449072e-009	5.40312648e-8	
5.705879e-009	5.65776807e-8	
5.974789e-009	5.92441087e-8	
6.256372e-009	6.20361925e-8	
6.551226e-009	6.4959863e-8	
6.859976e-009	6.80213387e-8	
7.183276e-009	7.12270802e-8	
7.521813e-009	7.4583896e-8	
7.876306e-009	7.80989427e-8	
8.247505e-009	8.17796342e-8	
8.636198e-009	8.56337926e-8	
9.043209e-009	8.96695729e-8	
9.469402e-009	9.38955693e-8	
9.915682e-009	9.83207387e-8	
1.038299e-008	1.02954477e-7	
1.087233e-008	1.07806557e-7	
1.138473e-008	1.12887405e-7	
1.192127e-008	1.18207462e-7	
1.248310e-008	1.23778375e-7	
1.307141e-008	1.29611948e-7	
1.368745e-008	1.35720435e-7	
1.433252e-008	1.42116698e-7	
1.500799e-008	1.48814503e-7	
1.571530e-008	1.55827924e-7	
1.645594e-008	1.63171785e-7	
1.723148e-008	1.70861824e-7	
1.804357e-008	1.7891423e-7	
1.889394e-008	1.87346251e-7	
1.978439e-008	1.96175742e-7	
2.071680e-008	2.05421158e-7	
2.169315e-008	2.15102322e-7	
2.271551e-008	2.25239812e-7	
2.378606e-008	2.35854959e-7	
2.490707e-008	2.4697061e-7	
2.608090e-008	2.58609917e-7	
2.731005e-008	2.7079769e-7	
2.859714e-008	2.83560104e-7	
2.994488e-008	2.96923943e-7	
3.135614e-008	3.10917497e-7	
3.283391e-008	3.25570573e-7	
3.438132e-008	3.40914188e-7	
3.600166e-008	3.56981024e-7	
3.769837e-008	3.73804971e-7	
3.947504e-008	3.91421887e-7	
4.133544e-008	4.09868996e-7	
4.328352e-008	4.29185631e-7	
4.532341e-008	4.49412495e-7	
4.745944e-008	4.7059271e-7	
4.969613e-008	4.92771059e-7	
5.203824e-008	5.15994595e-7	
5.449072e-008	5.40312648e-7	
5.705879e-008	5.65776807e-7	
5.974789e-008	5.92441087e-7	
6.256372e-008	6.20361925e-7	
6.551226e-008	6.4959863e-7	
6.859975e-008	6.80213235e-7	
7.183277e-008	7.12270802e-7	
7.521814e-008	7.45839111e-7	
7.876306e-008	7.80989427e-7	
8.247505e-008	8.17796342e-7	
8.636198e-008	8.56337926e-7	
9.043209e-008	8.96695729e-7	
9.469402e-008	9.38955693e-7	
9.915681e-008	9.83207387e-7	
1.038299e-007	1.02954477e-6	
1.087233e-007	1.07806557e-6	
1.138473e-007	1.12887405e-6	
1.192127e-007	1.18207462e-6	
1.248310e-007	1.23778375e-6	
1.307141e-007	1.29611948e-6	
1.368745e-007	1.35720435e-6	
1.433252e-007	1.42116698e-6	
1.500799e-007	1.48814503e-6	
1.571530e-007	1.55827924e-6	
1.645594e-007	1.63171785e-6	
1.723148e-007	1.70861824e-6	
1.804357e-007	1.7891423e-6	
1.889394e-007	1.87346251e-6	
1.978439e-007	1.96175742e-6	
2.071680e-007	2.05421158e-6	
2.169315e-007	2.15102322e-6	
2.271551e-007	2.25239812e-6	
2.378606e-007	2.35854959e-6	
2.490707e-007	2.4697061e-6	
2.608090e-007	2.58609917e-6	
2.731005e-007	2.7079769e-6	
2.859714e-007	2.83560104e-6	
2.994488e-007	2.96923943e-6	
3.135614e-007	3.10917497e-6	
3.283391e-007	3.25570573e-6	
3.438132e-007	3.40914188e-6	
3.600166e-007	3.56981024e-6	
3.769837e-007	3.73804971e-6	
3.947504e-007	3.91421887e-6	
4.133544e-007	4.09868996e-6	
4.328352e-007	4.29185631e-6	
4.532341e-007	4.49412495e-6	
4.745944e-007	4.7059271e-6	
4.969613e-007	4.92771059e-6	
5.203823e-007	5.15994444e-6	
5.449072e-007	5.40312648e-6	
5.705879e-007	5.65776807e-6	
5.974789e-007	5.92441087e-6	
6.256372e-007	6.20361925e-6	
6.551226e-007	6.4959863e-6	
6.859976e-007	6.80213387e-6	
7.183276e-007	7.12270802e-6	
7.521814e-007	7.45839111e-6	
7.876306e-007	7.80989427e-6	
8.247505e-007	8.17796342e-6	
8.636198e-007	8.56337926e-6	
9.043209e-007	8.96695729e-6	
9.469402e-007	9.38955693e-6	
9.915682e-007	9.83207387e-6	
1.038299e-006	1.02954477e-5	
1.087233e-006	1.07806557e-5	
1.138473e-006	1.12887405e-5	
1.192127e-006	1.18207462e-5	
1.248310e-006	1.23778375e-5	
1.307141e-006	1.29611948e-5	
1.368745e-006	1.35720435e-5	
1.433252e-006	1.42116698e-5	
1.500799e-006	1.48814503e-5	
1.571530e-006	1.55827924e-5	
1.645594e-006	1.63171785e-5	
1.723148e-006	1.70861824e-5	
1.804357e-006	1.7891423e-5	
1.889394e-006	1.87346251e-5	
1.978439e-006	1.96175742e-5	
2.071680e-006	2.05421158e-5	
2.169315e-006	2.15102322e-5	
2.271551e-006	2.25239812e-5	
2.378606e-006	2.35854959e-5	
2.490706e-006	2.46970459e-5	
2.608090e-006	2.58609917e-5	
2.731005e-006	2.7079769e-5	
2.859714e-006	2.83560104e-5	
2.994488e-006	2.96923943e-5	
3.135614e-006	3.10917497e-5	
3.283391e-006	3.25570573e-5	
3.438132e-006	3.40914188e-5	
3.600166e-006	3.56981024e-5	
3.769837e-006	3.73804971e-5	
3.947504e-006	3.91421887e-5	
4.133544e-006	4.09868996e-5	
4.328352e-006	4.29185631e-5	
4.532341e-006	4.49412495e-5	
4.745943e-006	4.70592558e-5	
4.969613e-006	4.92771059e-5	
5.203824e-006	5.15994595e-5	
5.449072e-006	5.40312648e-5	
5.705879e-006	5.65776807e-5	
5.974789e-006	5.92441087e-5	
6.256372e-006	6.20361925e-5	
6.551226e-006	6.4959863e-5	
6.859976e-006	6.80213387e-5	
7.183276e-006	7.12270802e-5	
7.521814e-006	7.45839111e-5	
7.876306e-006	7.80989427e-5	
8.247504e-006	8.1779619e-5	
8.636198e-006	8.56337926e-5	
9.043209e-006	8.96695729e-5	
9.469402e-006	9.38955693e-5	
9.915681e-006	9.83207387e-5	
1.038299e-005	1.02954477e-4	
1.087233e-005	1.07806557e-4	
1.138473e-005	1.12887405e-4	
1.192127e-005	1.18207462e-4	
1.248310e-005	1.23778375e-4	
1.307141e-005	1.29611948e-4	
1.368745e-005	1.35720435e-4	
1.433252e-005	1.42116698e-4	
1.500799e-005	1.48814503e-4	
1.571530e-005	1.55827924e-4	
1.645594e-005	1.63171785e-4	
1.723148e-005	1.70861824e-4	
1.804357e-005	1.7891423e-4	
1.889394e-005	1.87346251e-4	
1.978439e-005	1.96175742e-4	
2.071679e-005	2.05421158e-4	
2.169315e-005	2.15102322e-4	
2.271551e-005	2.25239812e-4	
2.378606e-005	2.35854959e-4	
2.490707e-005	2.4697061e-4	
2.608090e-005	2.58609917e-4	
2.731005e-005	2.7079769e-4	
2.859714e-005	2.83560104e-4	
2.994488e-005	2.96923943e-4	
3.135614e-005	3.10917497e-4	
3.283391e-005	3.25570573e-4	
3.438132e-005	3.40914188e-4	
3.600166e-005	3.56981024e-4	
3.769837e-005	3.73804971e-4	
3.947504e-005	3.91421887e-4	
4.133544e-005	4.09868996e-4	
4.328352e-005	4.29185631e-4	
4.532341e-005	4.49412495e-4	
4.745943e-005	4.70592558e-4	
4.969613e-005	4.92771059e-4	
5.203823e-005	5.15994444e-4	
5.449072e-005	5.40312648e-4	
5.705879e-005	5.65776807e-4	
5.974789e-005	5.92441087e-4	
6.256372e-005	6.20361925e-4	
6.551226e-005	6.4959863e-4	
6.859975e-005	6.80213235e-4	
7.183276e-005	7.12270802e-4	
7.521813e-005	7.4583896e-4	
7.876306e-005	7.80989427e-4	
8.247504e-005	8.1779619e-4	
8.636197e-005	8.56337773e-4	
9.043208e-005	8.96695729e-4	
9.469402e-005	9.38955693e-4	
9.915681e-005	9.83207387e-4	
1.038299e-004	1.02954477e-3	
1.087233e-004	1.07806557e-3	
1.138473e-004	1.12887405e-3	
1.192127e-004	1.18207462e-3	
1.248310e-004	1.23778375e-3	
1.307141e-004	1.29611948e-3	
1.368745e-004	1.35720435e-3	
1.433252e-004	1.42116698e-3	
1.500799e-004	1.48814503e-3	
1.571529e-004	1.55827771e-3	
1.645593e-004	1.6317176e-3	
1.723148e-004	1.70861798e-3	
1.804357e-004	1.78914203e-3	
1.889394e-004	1.87346223e-3	
1.978438e-004	1.9617556e-3	
2.071679e-004	2.05421126e-3	
2.169314e-004	2.15102289e-3	
2.271551e-004	2.25239777e-3	
2.378606e-004	2.35854922e-3	
2.490706e-004	2.46970421e-3	
2.608089e-004	2.58609726e-3	
2.731005e-004	2.70797649e-3	
2.859713e-004	2.83560062e-3	
2.994487e-004	2.969237e-3	
3.135613e-004	3.1091725e-3	
3.283390e-004	3.25570322e-3	
3.438131e-004	3.40914084e-3	
3.600165e-004	3.56980762e-3	
3.769836e-004	3.73804855e-3	
3.947503e-004	3.91421768e-3	
4.133543e-004	4.09868869e-3	
4.328350e-004	4.29185196e-3	
4.532340e-004	4.49412206e-3	
4.745942e-004	4.70592413e-3	
4.969611e-004	4.92770604e-3	
5.203822e-004	5.15994286e-3	
5.449070e-004	5.4031233e-3	
5.705877e-004	5.65776393e-3	
5.974786e-004	5.9244051e-3	
6.256370e-004	6.20361487e-3	
6.551223e-004	6.49598178e-3	
6.859972e-004	6.80212514e-3	
7.183272e-004	7.1226991e-3	
7.521809e-004	7.45838199e-3	
7.876302e-004	7.80988493e-3	
8.247500e-004	8.17795384e-3	
8.636192e-004	8.56336794e-3	
9.043203e-004	8.96694724e-3	
9.469396e-004	9.38954366e-3	
9.915674e-004	9.83205875e-3	
1.038298e-003	1.02954245e-2	
1.087232e-003	1.07806306e-2	
1.138472e-003	1.1288715e-2	
1.192126e-003	1.18207353e-2	
1.248309e-003	1.23778261e-2	
1.307140e-003	1.29611678e-2	
1.368744e-003	1.35720137e-2	
1.433250e-003	1.42116393e-2	
1.500797e-003	1.48814017e-2	
1.571528e-003	1.5582758e-2	
1.645592e-003	1.63171432e-2	
1.723146e-003	1.70861462e-2	
1.804355e-003	1.78913832e-2	
1.889392e-003	1.8734584e-2	
1.978436e-003	1.96175166e-2	
2.071676e-003	2.0542057e-2	
2.169311e-003	2.15101689e-2	
2.271548e-003	2.25239128e-2	
2.378602e-003	2.35854257e-2	
2.490702e-003	2.46969588e-2	
2.608085e-003	2.58608984e-2	
2.731000e-003	2.70796693e-2	
2.859708e-003	2.83558932e-2	
2.994481e-003	2.96922546e-2	
3.135607e-003	3.10916022e-2	
3.283383e-003	3.25569064e-2	
3.438124e-003	3.4091254e-2	
3.600157e-003	3.56979182e-2	
3.769827e-003	3.73803027e-2	
3.947493e-003	3.91419684e-2	
4.133531e-003	4.09866524e-2	
4.328338e-003	4.29182883e-2	
4.532326e-003	4.49409462e-2	
4.745927e-003	4.7058938e-2	
4.969595e-003	4.92767499e-2	
5.203804e-003	5.15990643e-2	
5.449051e-003	5.40308368e-2	
5.705855e-003	5.65772035e-2	
5.974763e-003	5.92435962e-2	
6.256343e-003	6.20356186e-2	
6.551194e-003	6.49592354e-2	
6.859941e-003	6.80206453e-2	
7.183238e-003	7.12263293e-2	
7.521772e-003	7.45830743e-2	
7.876260e-003	7.80980322e-2	
8.247455e-003	8.17786441e-2	
8.636143e-003	8.56327075e-2	
9.043149e-003	8.96683757e-2	
9.469336e-003	9.3894254e-2	
9.915609e-003	9.83193164e-2	
1.038291e-002	1.02952792e-1	
1.087224e-002	1.07804787e-1	
1.138463e-002	1.1288541e-1	
1.192117e-002	1.18205518e-1	
1.248299e-002	1.23776173e-1	
1.307129e-002	1.29609482e-1	
1.368731e-002	1.35717715e-1	
1.433237e-002	1.42113698e-1	
1.500783e-002	1.4881119e-1	
1.571511e-002	1.55824133e-1	
1.645574e-002	1.6316786e-1	
1.723126e-002	1.7085755e-1	
1.804333e-002	1.78909566e-1	
1.889368e-002	1.87341084e-1	
1.978410e-002	1.96169998e-1	
2.071648e-002	2.05414851e-1	
2.169280e-002	2.150954e-1	
2.271513e-002	2.25232286e-1	
2.378565e-002	2.35846736e-1	
2.490661e-002	2.4696155e-1	
2.608040e-002	2.5859995e-1	
2.730951e-002	2.70786935e-1	
2.859654e-002	2.83548225e-1	
2.994422e-002	2.96910706e-1	
3.135541e-002	3.10903058e-1	
3.283311e-002	3.2555484e-1	
3.438045e-002	3.40896909e-1	
3.600071e-002	3.5696214e-1	
3.769732e-002	3.73784271e-1	
3.947389e-002	3.91399156e-1	
4.133418e-002	4.09844101e-1	
4.328214e-002	4.29158125e-1	
4.532189e-002	4.49382289e-1	
4.745777e-002	4.70559557e-1	
4.969430e-002	4.92734856e-1	
5.203623e-002	5.15954774e-1	
5.448852e-002	5.40269077e-1	
5.705638e-002	5.65729045e-1	
5.974525e-002	5.92388748e-1	
6.256083e-002	6.20304594e-1	
6.550908e-002	6.49535571e-1	
6.859627e-002	6.80144093e-1	
7.182894e-002	7.12194904e-1	
7.521395e-002	7.45755959e-1	
7.875846e-002	7.80898068e-1	
8.247000e-002	8.17696303e-1	
8.635644e-002	8.56228186e-1	
9.042602e-002	8.96575504e-1	
9.468736e-002	9.38823842e-1	
9.914951e-002	9.83062445e-1	
1.038219e-001	1.02938504e0	
1.087145e-001	1.07789073e0	
1.138376e-001	1.12868169e0	
1.192021e-001	1.18186545e0	
1.248194e-001	1.23755373e0	
1.307014e-001	1.29586766e0	
1.368605e-001	1.3569267e0	
1.433099e-001	1.4208637e0	
1.500631e-001	1.4878119e0	
1.571345e-001	1.55791321e0	
1.645391e-001	1.63131577e0	
1.722926e-001	1.70817856e0	
1.804114e-001	1.78866003e0	
1.889127e-001	1.87293254e0	
1.978145e-001	1.96117442e0	
2.071357e-001	2.0535731e0	
2.168961e-001	2.15032172e0	
2.271163e-001	2.25162762e0	
2.378180e-001	2.35770506e0	
2.490239e-001	2.46877766e0	
2.607577e-001	2.5850819e0	
2.730442e-001	2.7068599e0	
2.859095e-001	2.83437338e0	
2.993809e-001	2.96789279e0	
3.134868e-001	3.10769559e0	
3.282572e-001	3.25408131e0	
3.437233e-001	3.4073591e0	
3.599178e-001	3.5678506e0	
3.768752e-001	3.73589801e0	
3.946312e-001	3.91185577e0	
4.132235e-001	4.09609567e0	
4.326914e-001	4.28900409e0	
4.530761e-001	4.4909931e0	
4.744207e-001	4.70248305e0	
4.967705e-001	4.92392656e0	
5.201727e-001	5.15578912e0	
5.446767e-001	5.39855559e0	
5.703345e-001	5.65274338e0	
5.972003e-001	5.9188861e0	
6.253309e-001	6.19754643e0	
6.547857e-001	6.489309e0	
6.856270e-001	6.79478665e0	
7.179199e-001	7.1146252e0	
7.517328e-001	7.44949803e0	
7.871370e-001	7.8001077e0	
8.242071e-001	8.16719162e0	
8.630216e-001	8.55151952e0	
9.036623e-001	8.9539009e0	
9.462149e-001	9.3751783e0	
9.907690e-001	9.81623296e0	
1.037419e+000	1.02779938e1	
1.086262e+000	1.07614194e1	
1.137403e+000	1.12675203e1	
1.190947e+000	1.17973639e1	
1.247009e+000	1.23520554e1	
1.305705e+000	1.2932734e1	
1.367160e+000	1.35406253e1	
1.431502e+000	1.4176983e1	
1.498866e+000	1.48431352e1	
1.569393e+000	1.55404427e1	
1.643232e+000	1.6270391e1	
1.720536e+000	1.70344228e1	
1.801468e+000	1.78341748e1	
1.886195e+000	1.86712447e1	
1.974895e+000	1.95473563e1	
2.067753e+000	2.04643272e1	
2.164961e+000	2.14239821e1	
2.266721e+000	2.24282828e1	
2.373243e+000	2.34792696e1	
2.484748e+000	2.45790251e1	
2.601466e+000	2.57297948e1	
2.723635e+000	2.69338078e1	
2.851506e+000	2.81934784e1	
2.985341e+000	2.95112671e1	
3.125410e+000	3.08897244e1	
3.271997e+000	3.23315009e1	
3.425398e+000	3.38393555e1	
3.585917e+000	3.54160912e1	
3.753876e+000	3.70646368e1	
3.929603e+000	3.87880042e1	
4.113443e+000	4.05892493e1	
4.305751e+000	4.24715271e1	
4.506895e+000	4.44380399e1	
4.717252e+000	4.64919923e1	
4.937215e+000	4.86366946e1	
5.167182e+000	5.08753618e1	
5.407567e+000	5.32112877e1	
5.658785e+000	5.56475865e1	
5.921264e+000	5.81873938e1	
6.195433e+000	6.0833573e1	
6.481726e+000	6.35889015e1	
6.780574e+000	6.64558023e1	
7.092406e+000	6.94363898e1	
7.417642e+000	7.2532353e1	
7.756692e+000	7.5744855e1	
8.109948e+000	7.90744502e1	
8.477781e+000	8.25210031e1	
8.860537e+000	8.60835391e1	
9.258527e+000	8.97601976e1	
9.672029e+000	9.35481471e1	
1.010128e+001	9.7443433e1	
1.054648e+001	1.01441315e2	
1.100776e+001	1.0553545e2	
1.148525e+001	1.09718663e2	
1.197897e+001	1.13982776e2	
1.248896e+001	1.18318399e2	
1.301517e+001	1.22715553e2	
1.355752e+001	1.27163016e2	
1.411591e+001	1.31648978e2	
1.469017e+001	1.36161241e2	
1.528011e+001	1.4068667e2	
1.588553e+001	1.45212312e2	
1.650616e+001	1.49724306e2	
1.714173e+001	1.54208788e2	
1.779192e+001	1.58651976e2	
1.845638e+001	1.63039526e2	
1.913474e+001	1.67357428e2	
1.982658e+001	1.71591495e2	
2.053147e+001	1.75727599e2	
2.124893e+001	1.79752164e2	
2.197844e+001	1.83651129e2	
2.271945e+001	1.87411246e2	
2.347139e+001	1.91019456e2	
2.423363e+001	1.94462988e2	
2.500553e+001	1.97729758e2	
2.578641e+001	2.00808302e2	
2.657553e+001	2.03687276e2	
2.737217e+001	2.0635667e2	
2.817555e+001	2.08806912e2	
2.898484e+001	2.11028786e2	
2.979927e+001	2.1301554e2	
3.061795e+001	2.1475944e2	
3.144006e+001	2.16255305e2	
3.226471e+001	2.17498091e2	
3.309101e+001	2.18484187e2	
3.391809e+001	2.1921124e2	
3.474506e+001	2.19677759e2	
3.557102e+001	2.19883482e2	
3.639510e+001	2.19829355e2	
3.721641e+001	2.1951745e2	
3.803402e+001	2.18949792e2	
3.884721e+001	2.1813212e2	
3.965508e+001	2.17068877e2	
4.045685e+001	2.15766502e2	
4.125172e+001	2.14231944e2	
4.203896e+001	2.12473064e2	
4.276226e+001	2.09952638e2	
4.298519e+001	2.02599161e2	
4.313213e+001	1.94805756e2	
4.325923e+001	1.87136111e2	
4.337387e+001	1.79662044e2	
4.347888e+001	1.72407738e2	
4.357585e+001	1.65383308e2	
4.366582e+001	1.58592747e2	
4.374959e+001	1.52036493e2	
4.382778e+001	1.4571317e2	
4.390092e+001	1.39619891e2	
4.396945e+001	1.33752582e2	
4.403376e+001	1.281066e2	
4.409418e+001	1.22676828e2	
4.415102e+001	1.17457697e2	
4.420447e+001	1.12443024e2	
4.425489e+001	1.076273e2	
4.430244e+001	1.03004265e2	
4.434733e+001	9.85678e1	
4.438973e+001	9.4311569e1	
4.442980e+001	9.022951e1	
4.446770e+001	8.6315547e1	
4.450356e+001	8.2563751e1	
4.453751e+001	7.8968105e1	
4.456967e+001	7.5522932e1	
4.460014e+001	7.2222478e1	
4.462903e+001	6.9061337e1	
4.465643e+001	6.6034024e1	
4.468242e+001	6.3135461e1	
4.470709e+001	6.0360509e1	
4.473051e+001	5.7704247e1	
4.475275e+001	5.5161911e1	
4.477388e+001	5.2729004e1	
4.479396e+001	5.0400928e1	
4.481303e+001	4.8173532e1	
4.483117e+001	4.6042664e1	
4.484842e+001	4.40042197e1	
4.486483e+001	4.20544522e1	
4.488043e+001	4.0189634e1	
4.489528e+001	3.84062067e1	
4.490941e+001	3.67007298e1	
4.492286e+001	3.50699281e1	
4.493567e+001	3.3510616e1	
4.494786e+001	3.2019761e1	
4.495947e+001	3.05944354e1	
4.497053e+001	2.9231836e1	
4.498107e+001	2.79292624e1	
4.499111e+001	2.66841472e1	
4.500068e+001	2.54940123e1	
4.500971e+001	2.43563654e1	
4.501839e+001	2.32691191e1	
4.502677e+001	2.22301027e1	
4.503467e+001	2.12370316e1	
4.504220e+001	2.0288003e1	
4.504921e+001	1.9380921e1	
4.505604e+001	1.85142424e1	
4.506255e+001	1.76860727e1	
4.506875e+001	1.68947249e1	
4.507467e+001	1.61385788e1	
4.508032e+001	1.54160793e1	
4.508570e+001	1.47257527e1	
4.509084e+001	1.40661926e1	
4.509573e+001	1.34360252e1	
4.510041e+001	1.28339673e1	
4.510486e+001	1.22587675e1	
4.510911e+001	1.1709235e1	
4.511317e+001	1.1184248e1	
4.511704e+001	1.06827054e1	
4.512073e+001	1.0203573e1	
4.512426e+001	9.7458598e0	
4.512762e+001	9.3086122e0	
4.513083e+001	8.8909164e0	
4.513388e+001	8.4919063e0	
4.513681e+001	8.1107616e0	
4.513960e+001	7.7466806e0	
4.514226e+001	7.3988914e0	
4.514479e+001	7.0666792e0	
4.514722e+001	6.749349e0	
4.514953e+001	6.4462439e0	
4.515174e+001	6.1567119e0	
4.515385e+001	5.8801636e0	
4.515586e+001	5.616018e0	
4.515778e+001	5.3637123e0	
4.515961e+001	5.122717e0	
4.516136e+001	4.8925404e0	
4.516303e+001	4.6726805e0	
4.516463e+001	4.46269118e0	
4.516615e+001	4.26212494e0	
4.516760e+001	4.07055925e0	
4.516899e+001	3.8875927e0	
4.517031e+001	3.71283888e0	
4.517158e+001	3.54593358e0	
4.517279e+001	3.38652144e0	
4.517394e+001	3.23426721e0	
4.517504e+001	3.08885118e0	
4.517609e+001	2.94996756e0	
4.517709e+001	2.81732285e0	
4.517805e+001	2.69063663e0	
4.517896e+001	2.5696413e0	
4.517984e+001	2.45408376e0	
4.518067e+001	2.3437173e0	
4.518147e+001	2.2383126e0	
4.518222e+001	2.13764313e0	
4.518295e+001	2.04149922e0	
