V(out)	I(R_load)
8.631294e-020	8.631293e+000
9.038074e-020	8.631293e+000
9.464025e-020	8.631293e+000
9.910051e-020	8.631293e+000
1.037710e-019	8.631293e+000
1.086615e-019	8.631293e+000
1.137826e-019	8.631293e+000
1.191450e-019	8.631293e+000
1.247601e-019	8.631293e+000
1.306399e-019	8.631293e+000
1.367968e-019	8.631293e+000
1.432438e-019	8.631293e+000
1.499947e-019	8.631293e+000
1.570637e-019	8.631293e+000
1.644659e-019	8.631293e+000
1.722169e-019	8.631293e+000
1.803333e-019	8.631293e+000
1.888321e-019	8.631293e+000
1.977315e-019	8.631293e+000
2.070503e-019	8.631293e+000
2.168083e-019	8.631293e+000
2.270262e-019	8.631293e+000
2.377256e-019	8.631293e+000
2.489292e-019	8.631293e+000
2.606609e-019	8.631293e+000
2.729455e-019	8.631293e+000
2.858090e-019	8.631293e+000
2.992788e-019	8.631293e+000
3.133833e-019	8.631293e+000
3.281526e-019	8.631293e+000
3.436180e-019	8.631293e+000
3.598122e-019	8.631293e+000
3.767696e-019	8.631293e+000
3.945262e-019	8.631293e+000
4.131197e-019	8.631293e+000
4.325894e-019	8.631293e+000
4.529767e-019	8.631293e+000
4.743249e-019	8.631293e+000
4.966791e-019	8.631293e+000
5.200869e-019	8.631293e+000
5.445978e-019	8.631293e+000
5.702639e-019	8.631293e+000
5.971396e-019	8.631293e+000
6.252820e-019	8.631293e+000
6.547506e-019	8.631293e+000
6.856080e-019	8.631293e+000
7.179197e-019	8.631293e+000
7.517543e-019	8.631293e+000
7.871833e-019	8.631293e+000
8.242821e-019	8.631293e+000
8.631294e-019	8.631293e+000
9.038074e-019	8.631293e+000
9.464025e-019	8.631293e+000
9.910051e-019	8.631293e+000
1.037710e-018	8.631293e+000
1.086615e-018	8.631293e+000
1.137826e-018	8.631293e+000
1.191450e-018	8.631293e+000
1.247601e-018	8.631293e+000
1.306399e-018	8.631293e+000
1.367968e-018	8.631293e+000
1.432438e-018	8.631293e+000
1.499947e-018	8.631293e+000
1.570637e-018	8.631293e+000
1.644659e-018	8.631293e+000
1.722169e-018	8.631293e+000
1.803333e-018	8.631293e+000
1.888321e-018	8.631293e+000
1.977315e-018	8.631293e+000
2.070503e-018	8.631293e+000
2.168083e-018	8.631293e+000
2.270262e-018	8.631293e+000
2.377256e-018	8.631293e+000
2.489292e-018	8.631293e+000
2.606609e-018	8.631293e+000
2.729455e-018	8.631293e+000
2.858090e-018	8.631293e+000
2.992787e-018	8.631293e+000
3.133833e-018	8.631293e+000
3.281526e-018	8.631293e+000
3.436180e-018	8.631293e+000
3.598122e-018	8.631293e+000
3.767696e-018	8.631293e+000
3.945262e-018	8.631293e+000
4.131197e-018	8.631293e+000
4.325894e-018	8.631293e+000
4.529767e-018	8.631293e+000
4.743248e-018	8.631293e+000
4.966791e-018	8.631293e+000
5.200869e-018	8.631293e+000
5.445978e-018	8.631293e+000
5.702639e-018	8.631293e+000
5.971396e-018	8.631293e+000
6.252820e-018	8.631293e+000
6.547506e-018	8.631293e+000
6.856080e-018	8.631293e+000
7.179197e-018	8.631293e+000
7.517542e-018	8.631293e+000
7.871833e-018	8.631293e+000
8.242821e-018	8.631293e+000
8.631294e-018	8.631293e+000
9.038074e-018	8.631293e+000
9.464025e-018	8.631293e+000
9.910051e-018	8.631293e+000
1.037710e-017	8.631293e+000
1.086615e-017	8.631293e+000
1.137826e-017	8.631293e+000
1.191450e-017	8.631293e+000
1.247602e-017	8.631293e+000
1.306399e-017	8.631293e+000
1.367968e-017	8.631293e+000
1.432438e-017	8.631293e+000
1.499947e-017	8.631293e+000
1.570637e-017	8.631293e+000
1.644659e-017	8.631293e+000
1.722170e-017	8.631293e+000
1.803333e-017	8.631293e+000
1.888321e-017	8.631293e+000
1.977315e-017	8.631293e+000
2.070503e-017	8.631293e+000
2.168083e-017	8.631293e+000
2.270262e-017	8.631293e+000
2.377256e-017	8.631293e+000
2.489292e-017	8.631293e+000
2.606609e-017	8.631293e+000
2.729455e-017	8.631293e+000
2.858090e-017	8.631293e+000
2.992787e-017	8.631293e+000
3.133833e-017	8.631293e+000
3.281526e-017	8.631293e+000
3.436180e-017	8.631293e+000
3.598122e-017	8.631293e+000
3.767696e-017	8.631293e+000
3.945262e-017	8.631293e+000
4.131197e-017	8.631293e+000
4.325894e-017	8.631293e+000
4.529767e-017	8.631293e+000
4.743249e-017	8.631293e+000
4.966791e-017	8.631293e+000
5.200869e-017	8.631293e+000
5.445978e-017	8.631293e+000
5.702639e-017	8.631293e+000
5.971396e-017	8.631293e+000
6.252820e-017	8.631293e+000
6.547506e-017	8.631293e+000
6.856080e-017	8.631293e+000
7.179197e-017	8.631293e+000
7.517542e-017	8.631293e+000
7.871833e-017	8.631293e+000
8.242821e-017	8.631293e+000
8.631294e-017	8.631293e+000
9.038074e-017	8.631293e+000
9.464025e-017	8.631293e+000
9.910051e-017	8.631293e+000
1.037710e-016	8.631293e+000
1.086615e-016	8.631293e+000
1.137826e-016	8.631293e+000
1.191450e-016	8.631293e+000
1.247601e-016	8.631293e+000
1.306399e-016	8.631293e+000
1.367968e-016	8.631293e+000
1.432438e-016	8.631293e+000
1.499947e-016	8.631293e+000
1.570637e-016	8.631293e+000
1.644659e-016	8.631293e+000
1.722170e-016	8.631293e+000
1.803333e-016	8.631293e+000
1.888321e-016	8.631293e+000
1.977315e-016	8.631293e+000
2.070503e-016	8.631293e+000
2.168083e-016	8.631293e+000
2.270261e-016	8.631293e+000
2.377256e-016	8.631293e+000
2.489292e-016	8.631293e+000
2.606609e-016	8.631293e+000
2.729455e-016	8.631293e+000
2.858090e-016	8.631293e+000
2.992788e-016	8.631293e+000
3.133833e-016	8.631293e+000
3.281526e-016	8.631293e+000
3.436180e-016	8.631293e+000
3.598122e-016	8.631293e+000
3.767696e-016	8.631293e+000
3.945262e-016	8.631293e+000
4.131197e-016	8.631293e+000
4.325894e-016	8.631293e+000
4.529767e-016	8.631293e+000
4.743248e-016	8.631293e+000
4.966791e-016	8.631293e+000
5.200869e-016	8.631293e+000
5.445978e-016	8.631293e+000
5.702639e-016	8.631293e+000
5.971396e-016	8.631293e+000
6.252819e-016	8.631293e+000
6.547506e-016	8.631293e+000
6.856080e-016	8.631293e+000
7.179197e-016	8.631293e+000
7.517542e-016	8.631293e+000
7.871833e-016	8.631293e+000
8.242821e-016	8.631293e+000
8.631293e-016	8.631293e+000
9.038073e-016	8.631293e+000
9.464025e-016	8.631293e+000
9.910050e-016	8.631293e+000
1.037710e-015	8.631293e+000
1.086615e-015	8.631293e+000
1.137826e-015	8.631293e+000
1.191450e-015	8.631293e+000
1.247601e-015	8.631293e+000
1.306399e-015	8.631293e+000
1.367968e-015	8.631293e+000
1.432438e-015	8.631293e+000
1.499947e-015	8.631293e+000
1.570637e-015	8.631293e+000
1.644659e-015	8.631293e+000
1.722169e-015	8.631293e+000
1.803333e-015	8.631293e+000
1.888321e-015	8.631293e+000
1.977315e-015	8.631293e+000
2.070503e-015	8.631293e+000
2.168083e-015	8.631293e+000
2.270262e-015	8.631293e+000
2.377256e-015	8.631293e+000
2.489292e-015	8.631293e+000
2.606609e-015	8.631293e+000
2.729455e-015	8.631293e+000
2.858090e-015	8.631293e+000
2.992787e-015	8.631293e+000
3.133833e-015	8.631293e+000
3.281526e-015	8.631293e+000
3.436180e-015	8.631293e+000
3.598122e-015	8.631293e+000
3.767696e-015	8.631293e+000
3.945262e-015	8.631293e+000
4.131197e-015	8.631293e+000
4.325894e-015	8.631293e+000
4.529767e-015	8.631293e+000
4.743249e-015	8.631293e+000
4.966791e-015	8.631293e+000
5.200869e-015	8.631293e+000
5.445978e-015	8.631293e+000
5.702639e-015	8.631293e+000
5.971396e-015	8.631293e+000
6.252819e-015	8.631293e+000
6.547506e-015	8.631293e+000
6.856080e-015	8.631293e+000
7.179197e-015	8.631293e+000
7.517543e-015	8.631293e+000
7.871833e-015	8.631293e+000
8.242822e-015	8.631293e+000
8.631294e-015	8.631293e+000
9.038074e-015	8.631293e+000
9.464025e-015	8.631293e+000
9.910051e-015	8.631293e+000
1.037710e-014	8.631293e+000
1.086615e-014	8.631293e+000
1.137826e-014	8.631293e+000
1.191450e-014	8.631293e+000
1.247602e-014	8.631293e+000
1.306399e-014	8.631293e+000
1.367968e-014	8.631293e+000
1.432438e-014	8.631293e+000
1.499947e-014	8.631293e+000
1.570637e-014	8.631293e+000
1.644659e-014	8.631293e+000
1.722169e-014	8.631293e+000
1.803333e-014	8.631293e+000
1.888321e-014	8.631293e+000
1.977315e-014	8.631293e+000
2.070503e-014	8.631293e+000
2.168083e-014	8.631293e+000
2.270262e-014	8.631293e+000
2.377256e-014	8.631293e+000
2.489292e-014	8.631293e+000
2.606609e-014	8.631293e+000
2.729455e-014	8.631293e+000
2.858090e-014	8.631293e+000
2.992788e-014	8.631293e+000
3.133833e-014	8.631293e+000
3.281526e-014	8.631293e+000
3.436180e-014	8.631293e+000
3.598122e-014	8.631293e+000
3.767696e-014	8.631293e+000
3.945262e-014	8.631293e+000
4.131197e-014	8.631293e+000
4.325894e-014	8.631293e+000
4.529767e-014	8.631293e+000
4.743249e-014	8.631293e+000
4.966791e-014	8.631293e+000
5.200869e-014	8.631293e+000
5.445978e-014	8.631293e+000
5.702639e-014	8.631293e+000
5.971396e-014	8.631293e+000
6.252820e-014	8.631293e+000
6.547506e-014	8.631293e+000
6.856080e-014	8.631293e+000
7.179197e-014	8.631293e+000
7.517542e-014	8.631293e+000
7.871833e-014	8.631293e+000
8.242821e-014	8.631293e+000
8.631294e-014	8.631293e+000
9.038074e-014	8.631293e+000
9.464025e-014	8.631293e+000
9.910051e-014	8.631293e+000
1.037710e-013	8.631293e+000
1.086615e-013	8.631293e+000
1.137826e-013	8.631293e+000
1.191450e-013	8.631293e+000
1.247601e-013	8.631293e+000
1.306399e-013	8.631293e+000
1.367968e-013	8.631293e+000
1.432438e-013	8.631293e+000
1.499947e-013	8.631293e+000
1.570637e-013	8.631293e+000
1.644659e-013	8.631293e+000
1.722169e-013	8.631293e+000
1.803333e-013	8.631293e+000
1.888321e-013	8.631293e+000
1.977315e-013	8.631293e+000
2.070503e-013	8.631293e+000
2.168083e-013	8.631293e+000
2.270261e-013	8.631293e+000
2.377256e-013	8.631293e+000
2.489292e-013	8.631293e+000
2.606609e-013	8.631293e+000
2.729455e-013	8.631293e+000
2.858090e-013	8.631293e+000
2.992787e-013	8.631293e+000
3.133833e-013	8.631293e+000
3.281526e-013	8.631293e+000
3.436180e-013	8.631293e+000
3.598122e-013	8.631293e+000
3.767696e-013	8.631293e+000
3.945262e-013	8.631293e+000
4.131197e-013	8.631293e+000
4.325894e-013	8.631293e+000
4.529767e-013	8.631293e+000
4.743248e-013	8.631293e+000
4.966791e-013	8.631293e+000
5.200868e-013	8.631293e+000
5.445978e-013	8.631293e+000
5.702639e-013	8.631293e+000
5.971396e-013	8.631293e+000
6.252819e-013	8.631293e+000
6.547506e-013	8.631293e+000
6.856080e-013	8.631293e+000
7.179197e-013	8.631293e+000
7.517542e-013	8.631293e+000
7.871833e-013	8.631293e+000
8.242821e-013	8.631293e+000
8.631293e-013	8.631293e+000
9.038074e-013	8.631293e+000
9.464025e-013	8.631293e+000
9.910051e-013	8.631293e+000
1.037710e-012	8.631293e+000
1.086615e-012	8.631293e+000
1.137826e-012	8.631293e+000
1.191450e-012	8.631293e+000
1.247602e-012	8.631293e+000
1.306399e-012	8.631293e+000
1.367968e-012	8.631293e+000
1.432438e-012	8.631293e+000
1.499947e-012	8.631293e+000
1.570637e-012	8.631293e+000
1.644659e-012	8.631293e+000
1.722169e-012	8.631293e+000
1.803333e-012	8.631293e+000
1.888321e-012	8.631293e+000
1.977315e-012	8.631293e+000
2.070503e-012	8.631293e+000
2.168083e-012	8.631293e+000
2.270261e-012	8.631293e+000
2.377256e-012	8.631293e+000
2.489292e-012	8.631293e+000
2.606609e-012	8.631293e+000
2.729455e-012	8.631293e+000
2.858090e-012	8.631293e+000
2.992787e-012	8.631293e+000
3.133833e-012	8.631293e+000
3.281526e-012	8.631293e+000
3.436180e-012	8.631293e+000
3.598122e-012	8.631293e+000
3.767696e-012	8.631293e+000
3.945263e-012	8.631293e+000
4.131197e-012	8.631293e+000
4.325894e-012	8.631293e+000
4.529767e-012	8.631293e+000
4.743249e-012	8.631293e+000
4.966791e-012	8.631293e+000
5.200869e-012	8.631293e+000
5.445978e-012	8.631293e+000
5.702639e-012	8.631293e+000
5.971396e-012	8.631293e+000
6.252819e-012	8.631293e+000
6.547506e-012	8.631293e+000
6.856080e-012	8.631293e+000
7.179197e-012	8.631293e+000
7.517542e-012	8.631293e+000
7.871833e-012	8.631293e+000
8.242821e-012	8.631293e+000
8.631294e-012	8.631293e+000
9.038074e-012	8.631293e+000
9.464025e-012	8.631293e+000
9.910051e-012	8.631293e+000
1.037710e-011	8.631293e+000
1.086615e-011	8.631293e+000
1.137826e-011	8.631293e+000
1.191450e-011	8.631293e+000
1.247602e-011	8.631293e+000
1.306399e-011	8.631293e+000
1.367968e-011	8.631293e+000
1.432438e-011	8.631293e+000
1.499947e-011	8.631293e+000
1.570637e-011	8.631293e+000
1.644659e-011	8.631293e+000
1.722169e-011	8.631293e+000
1.803333e-011	8.631293e+000
1.888321e-011	8.631293e+000
1.977315e-011	8.631293e+000
2.070503e-011	8.631293e+000
2.168083e-011	8.631293e+000
2.270262e-011	8.631293e+000
2.377256e-011	8.631293e+000
2.489292e-011	8.631293e+000
2.606609e-011	8.631293e+000
2.729455e-011	8.631293e+000
2.858090e-011	8.631293e+000
2.992788e-011	8.631293e+000
3.133833e-011	8.631293e+000
3.281526e-011	8.631293e+000
3.436180e-011	8.631293e+000
3.598122e-011	8.631293e+000
3.767696e-011	8.631293e+000
3.945262e-011	8.631293e+000
4.131197e-011	8.631293e+000
4.325894e-011	8.631293e+000
4.529767e-011	8.631293e+000
4.743249e-011	8.631293e+000
4.966791e-011	8.631293e+000
5.200869e-011	8.631293e+000
5.445978e-011	8.631293e+000
5.702639e-011	8.631293e+000
5.971396e-011	8.631293e+000
6.252819e-011	8.631293e+000
6.547506e-011	8.631293e+000
6.856080e-011	8.631293e+000
7.179198e-011	8.631293e+000
7.517542e-011	8.631293e+000
7.871833e-011	8.631293e+000
8.242821e-011	8.631293e+000
8.631294e-011	8.631293e+000
9.038074e-011	8.631293e+000
9.464025e-011	8.631293e+000
9.910051e-011	8.631293e+000
1.037710e-010	8.631293e+000
1.086615e-010	8.631293e+000
1.137826e-010	8.631293e+000
1.191450e-010	8.631293e+000
1.247601e-010	8.631293e+000
1.306399e-010	8.631293e+000
1.367968e-010	8.631293e+000
1.432438e-010	8.631293e+000
1.499947e-010	8.631293e+000
1.570637e-010	8.631293e+000
1.644659e-010	8.631293e+000
1.722169e-010	8.631293e+000
1.803333e-010	8.631293e+000
1.888321e-010	8.631293e+000
1.977315e-010	8.631293e+000
2.070503e-010	8.631293e+000
2.168083e-010	8.631293e+000
2.270261e-010	8.631293e+000
2.377256e-010	8.631293e+000
2.489292e-010	8.631293e+000
2.606609e-010	8.631293e+000
2.729455e-010	8.631293e+000
2.858090e-010	8.631293e+000
2.992787e-010	8.631293e+000
3.133833e-010	8.631293e+000
3.281526e-010	8.631293e+000
3.436180e-010	8.631293e+000
3.598122e-010	8.631293e+000
3.767696e-010	8.631293e+000
3.945262e-010	8.631293e+000
4.131197e-010	8.631293e+000
4.325894e-010	8.631293e+000
4.529767e-010	8.631293e+000
4.743249e-010	8.631293e+000
4.966791e-010	8.631293e+000
5.200869e-010	8.631293e+000
5.445978e-010	8.631293e+000
5.702639e-010	8.631293e+000
5.971396e-010	8.631293e+000
6.252819e-010	8.631293e+000
6.547506e-010	8.631293e+000
6.856080e-010	8.631293e+000
7.179197e-010	8.631293e+000
7.517542e-010	8.631293e+000
7.871833e-010	8.631293e+000
8.242821e-010	8.631293e+000
8.631293e-010	8.631293e+000
9.038074e-010	8.631293e+000
9.464025e-010	8.631293e+000
9.910051e-010	8.631293e+000
1.037710e-009	8.631293e+000
1.086615e-009	8.631293e+000
1.137826e-009	8.631293e+000
1.191450e-009	8.631293e+000
1.247601e-009	8.631293e+000
1.306399e-009	8.631293e+000
1.367968e-009	8.631293e+000
1.432438e-009	8.631293e+000
1.499947e-009	8.631293e+000
1.570637e-009	8.631293e+000
1.644659e-009	8.631293e+000
1.722170e-009	8.631293e+000
1.803333e-009	8.631293e+000
1.888321e-009	8.631293e+000
1.977315e-009	8.631293e+000
2.070503e-009	8.631293e+000
2.168083e-009	8.631293e+000
2.270262e-009	8.631293e+000
2.377256e-009	8.631293e+000
2.489292e-009	8.631293e+000
2.606609e-009	8.631293e+000
2.729455e-009	8.631293e+000
2.858090e-009	8.631293e+000
2.992788e-009	8.631293e+000
3.133833e-009	8.631293e+000
3.281526e-009	8.631293e+000
3.436180e-009	8.631293e+000
3.598122e-009	8.631293e+000
3.767696e-009	8.631293e+000
3.945262e-009	8.631293e+000
4.131197e-009	8.631293e+000
4.325894e-009	8.631293e+000
4.529767e-009	8.631293e+000
4.743248e-009	8.631293e+000
4.966791e-009	8.631293e+000
5.200869e-009	8.631293e+000
5.445978e-009	8.631293e+000
5.702639e-009	8.631293e+000
5.971396e-009	8.631293e+000
6.252820e-009	8.631293e+000
6.547506e-009	8.631293e+000
6.856080e-009	8.631293e+000
7.179197e-009	8.631293e+000
7.517542e-009	8.631293e+000
7.871833e-009	8.631293e+000
8.242822e-009	8.631293e+000
8.631294e-009	8.631293e+000
9.038073e-009	8.631293e+000
9.464025e-009	8.631293e+000
9.910051e-009	8.631293e+000
1.037710e-008	8.631293e+000
1.086616e-008	8.631293e+000
1.137826e-008	8.631293e+000
1.191450e-008	8.631293e+000
1.247601e-008	8.631293e+000
1.306399e-008	8.631293e+000
1.367968e-008	8.631293e+000
1.432438e-008	8.631293e+000
1.499947e-008	8.631293e+000
1.570637e-008	8.631293e+000
1.644659e-008	8.631293e+000
1.722169e-008	8.631293e+000
1.803333e-008	8.631293e+000
1.888321e-008	8.631293e+000
1.977315e-008	8.631293e+000
2.070503e-008	8.631293e+000
2.168083e-008	8.631293e+000
2.270261e-008	8.631293e+000
2.377256e-008	8.631293e+000
2.489292e-008	8.631293e+000
2.606609e-008	8.631293e+000
2.729455e-008	8.631293e+000
2.858090e-008	8.631293e+000
2.992788e-008	8.631293e+000
3.133833e-008	8.631293e+000
3.281526e-008	8.631293e+000
3.436180e-008	8.631293e+000
3.598122e-008	8.631293e+000
3.767696e-008	8.631293e+000
3.945262e-008	8.631293e+000
4.131197e-008	8.631293e+000
4.325894e-008	8.631293e+000
4.529767e-008	8.631293e+000
4.743249e-008	8.631293e+000
4.966791e-008	8.631293e+000
5.200869e-008	8.631293e+000
5.445978e-008	8.631293e+000
5.702639e-008	8.631293e+000
5.971396e-008	8.631293e+000
6.252819e-008	8.631293e+000
6.547506e-008	8.631293e+000
6.856080e-008	8.631293e+000
7.179197e-008	8.631293e+000
7.517542e-008	8.631293e+000
7.871833e-008	8.631293e+000
8.242822e-008	8.631293e+000
8.631294e-008	8.631293e+000
9.038074e-008	8.631293e+000
9.464025e-008	8.631293e+000
9.910051e-008	8.631293e+000
1.037710e-007	8.631293e+000
1.086615e-007	8.631293e+000
1.137826e-007	8.631293e+000
1.191450e-007	8.631293e+000
1.247601e-007	8.631293e+000
1.306399e-007	8.631293e+000
1.367968e-007	8.631293e+000
1.432438e-007	8.631293e+000
1.499947e-007	8.631293e+000
1.570637e-007	8.631293e+000
1.644659e-007	8.631293e+000
1.722169e-007	8.631293e+000
1.803333e-007	8.631293e+000
1.888321e-007	8.631293e+000
1.977315e-007	8.631293e+000
2.070503e-007	8.631293e+000
2.168083e-007	8.631293e+000
2.270261e-007	8.631293e+000
2.377256e-007	8.631293e+000
2.489292e-007	8.631293e+000
2.606609e-007	8.631293e+000
2.729455e-007	8.631293e+000
2.858090e-007	8.631293e+000
2.992788e-007	8.631293e+000
3.133833e-007	8.631293e+000
3.281526e-007	8.631293e+000
3.436180e-007	8.631293e+000
3.598122e-007	8.631293e+000
3.767696e-007	8.631293e+000
3.945262e-007	8.631293e+000
4.131197e-007	8.631293e+000
4.325894e-007	8.631293e+000
4.529767e-007	8.631293e+000
4.743248e-007	8.631293e+000
4.966791e-007	8.631293e+000
5.200869e-007	8.631293e+000
5.445978e-007	8.631293e+000
5.702639e-007	8.631293e+000
5.971396e-007	8.631293e+000
6.252819e-007	8.631293e+000
6.547506e-007	8.631293e+000
6.856080e-007	8.631293e+000
7.179197e-007	8.631293e+000
7.517542e-007	8.631293e+000
7.871833e-007	8.631293e+000
8.242821e-007	8.631293e+000
8.631293e-007	8.631293e+000
9.038073e-007	8.631293e+000
9.464025e-007	8.631293e+000
9.910051e-007	8.631293e+000
1.037710e-006	8.631293e+000
1.086615e-006	8.631293e+000
1.137826e-006	8.631293e+000
1.191450e-006	8.631293e+000
1.247602e-006	8.631293e+000
1.306399e-006	8.631293e+000
1.367968e-006	8.631293e+000
1.432438e-006	8.631293e+000
1.499947e-006	8.631293e+000
1.570637e-006	8.631293e+000
1.644659e-006	8.631293e+000
1.722169e-006	8.631293e+000
1.803333e-006	8.631293e+000
1.888321e-006	8.631293e+000
1.977315e-006	8.631293e+000
2.070503e-006	8.631293e+000
2.168083e-006	8.631293e+000
2.270261e-006	8.631293e+000
2.377255e-006	8.631293e+000
2.489292e-006	8.631293e+000
2.606609e-006	8.631293e+000
2.729455e-006	8.631293e+000
2.858090e-006	8.631293e+000
2.992787e-006	8.631293e+000
3.133833e-006	8.631293e+000
3.281526e-006	8.631293e+000
3.436180e-006	8.631293e+000
3.598122e-006	8.631293e+000
3.767696e-006	8.631293e+000
3.945262e-006	8.631293e+000
4.131196e-006	8.631293e+000
4.325894e-006	8.631293e+000
4.529767e-006	8.631293e+000
4.743248e-006	8.631293e+000
4.966791e-006	8.631293e+000
5.200868e-006	8.631292e+000
5.445977e-006	8.631292e+000
5.702639e-006	8.631292e+000
5.971396e-006	8.631292e+000
6.252819e-006	8.631292e+000
6.547505e-006	8.631292e+000
6.856079e-006	8.631292e+000
7.179196e-006	8.631292e+000
7.517542e-006	8.631292e+000
7.871832e-006	8.631292e+000
8.242821e-006	8.631292e+000
8.631292e-006	8.631292e+000
9.038073e-006	8.631292e+000
9.464024e-006	8.631292e+000
9.910049e-006	8.631292e+000
1.037710e-005	8.631292e+000
1.086615e-005	8.631292e+000
1.137826e-005	8.631292e+000
1.191450e-005	8.631292e+000
1.247601e-005	8.631291e+000
1.306399e-005	8.631291e+000
1.367968e-005	8.631291e+000
1.432438e-005	8.631291e+000
1.499947e-005	8.631291e+000
1.570637e-005	8.631291e+000
1.644659e-005	8.631291e+000
1.722169e-005	8.631291e+000
1.803332e-005	8.631291e+000
1.888321e-005	8.631291e+000
1.977314e-005	8.631290e+000
2.070502e-005	8.631290e+000
2.168082e-005	8.631290e+000
2.270261e-005	8.631290e+000
2.377255e-005	8.631290e+000
2.489291e-005	8.631290e+000
2.606608e-005	8.631290e+000
2.729453e-005	8.631289e+000
2.858089e-005	8.631289e+000
2.992786e-005	8.631289e+000
3.133832e-005	8.631289e+000
3.281525e-005	8.631289e+000
3.436178e-005	8.631289e+000
3.598120e-005	8.631289e+000
3.767694e-005	8.631289e+000
3.945260e-005	8.631289e+000
4.131194e-005	8.631288e+000
4.325891e-005	8.631288e+000
4.529764e-005	8.631288e+000
4.743245e-005	8.631288e+000
4.966787e-005	8.631287e+000
5.200864e-005	8.631287e+000
5.445974e-005	8.631287e+000
5.702634e-005	8.631286e+000
5.971390e-005	8.631286e+000
6.252813e-005	8.631285e+000
6.547499e-005	8.631285e+000
6.856073e-005	8.631285e+000
7.179189e-005	8.631284e+000
7.517533e-005	8.631284e+000
7.871824e-005	8.631283e+000
8.242811e-005	8.631283e+000
8.631282e-005	8.631282e+000
9.038061e-005	8.631281e+000
9.464011e-005	8.631281e+000
9.910035e-005	8.631280e+000
1.037708e-004	8.631280e+000
1.086614e-004	8.631279e+000
1.137824e-004	8.631278e+000
1.191448e-004	8.631277e+000
1.247599e-004	8.631277e+000
1.306396e-004	8.631276e+000
1.367965e-004	8.631275e+000
1.432435e-004	8.631274e+000
1.499943e-004	8.631273e+000
1.570633e-004	8.631272e+000
1.644655e-004	8.631271e+000
1.722165e-004	8.631270e+000
1.803328e-004	8.631269e+000
1.888316e-004	8.631268e+000
1.977309e-004	8.631267e+000
2.070496e-004	8.631266e+000
2.168076e-004	8.631265e+000
2.270253e-004	8.631263e+000
2.377247e-004	8.631262e+000
2.489283e-004	8.631260e+000
2.606598e-004	8.631258e+000
2.729443e-004	8.631257e+000
2.858077e-004	8.631255e+000
2.992774e-004	8.631253e+000
3.133818e-004	8.631251e+000
3.281510e-004	8.631249e+000
3.436161e-004	8.631248e+000
3.598102e-004	8.631245e+000
3.767674e-004	8.631243e+000
3.945238e-004	8.631240e+000
4.131170e-004	8.631238e+000
4.325865e-004	8.631235e+000
4.529735e-004	8.631232e+000
4.743213e-004	8.631229e+000
4.966753e-004	8.631227e+000
5.200827e-004	8.631224e+000
5.445931e-004	8.631220e+000
5.702588e-004	8.631217e+000
5.971341e-004	8.631213e+000
6.252758e-004	8.631209e+000
6.547439e-004	8.631206e+000
6.856007e-004	8.631201e+000
7.179117e-004	8.631197e+000
7.517454e-004	8.631192e+000
7.871736e-004	8.631187e+000
8.242715e-004	8.631183e+000
8.631177e-004	8.631177e+000
9.037946e-004	8.631171e+000
9.463885e-004	8.631166e+000
9.909897e-004	8.631160e+000
1.037693e-003	8.631153e+000
1.086597e-003	8.631146e+000
1.137806e-003	8.631140e+000
1.191428e-003	8.631133e+000
1.247577e-003	8.631125e+000
1.306372e-003	8.631117e+000
1.367939e-003	8.631109e+000
1.432406e-003	8.631101e+000
1.499912e-003	8.631091e+000
1.570599e-003	8.631082e+000
1.644617e-003	8.631072e+000
1.722123e-003	8.631062e+000
1.803282e-003	8.631050e+000
1.888265e-003	8.631039e+000
1.977254e-003	8.631026e+000
2.070436e-003	8.631014e+000
2.168010e-003	8.631001e+000
2.270181e-003	8.630987e+000
2.377167e-003	8.630973e+000
2.489195e-003	8.630958e+000
2.606503e-003	8.630941e+000
2.729338e-003	8.630925e+000
2.857962e-003	8.630908e+000
2.992647e-003	8.630890e+000
3.133680e-003	8.630871e+000
3.281358e-003	8.630851e+000
3.435995e-003	8.630830e+000
3.597920e-003	8.630808e+000
3.767474e-003	8.630785e+000
3.945019e-003	8.630761e+000
4.130930e-003	8.630736e+000
4.325602e-003	8.630710e+000
4.529446e-003	8.630682e+000
4.742897e-003	8.630653e+000
4.966405e-003	8.630624e+000
5.200446e-003	8.630591e+000
5.445514e-003	8.630559e+000
5.702130e-003	8.630524e+000
5.970839e-003	8.630487e+000
6.252208e-003	8.630450e+000
6.546835e-003	8.630410e+000
6.855345e-003	8.630368e+000
7.178391e-003	8.630325e+000
7.516659e-003	8.630280e+000
7.870864e-003	8.630232e+000
8.241760e-003	8.630181e+000
8.630129e-003	8.630129e+000
9.036797e-003	8.630075e+000
9.462625e-003	8.630016e+000
9.908516e-003	8.629956e+000
1.037541e-002	8.629893e+000
1.086431e-002	8.629827e+000
1.137624e-002	8.629758e+000
1.191228e-002	8.629686e+000
1.247358e-002	8.629610e+000
1.306132e-002	8.629531e+000
1.367675e-002	8.629448e+000
1.432117e-002	8.629361e+000
1.499595e-002	8.629270e+000
1.570252e-002	8.629174e+000
1.644236e-002	8.629074e+000
1.721706e-002	8.628970e+000
1.802824e-002	8.628860e+000
1.887764e-002	8.628746e+000
1.976704e-002	8.628626e+000
2.069833e-002	8.628500e+000
2.167348e-002	8.628368e+000
2.269456e-002	8.628230e+000
2.376372e-002	8.628086e+000
2.488323e-002	8.627934e+000
2.605547e-002	8.627776e+000
2.728290e-002	8.627611e+000
2.856813e-002	8.627438e+000
2.991387e-002	8.627255e+000
3.132298e-002	8.627065e+000
3.279843e-002	8.626865e+000
3.434334e-002	8.626657e+000
3.596098e-002	8.626438e+000
3.765477e-002	8.626210e+000
3.942829e-002	8.625970e+000
4.128529e-002	8.625719e+000
4.322969e-002	8.625457e+000
4.526560e-002	8.625181e+000
4.739732e-002	8.624893e+000
4.962935e-002	8.624592e+000
5.196640e-002	8.624276e+000
5.441342e-002	8.623945e+000
5.697555e-002	8.623599e+000
5.965822e-002	8.623236e+000
6.246707e-002	8.622856e+000
6.540804e-002	8.622458e+000
6.848732e-002	8.622043e+000
7.171140e-002	8.621606e+000
7.508708e-002	8.621150e+000
7.862146e-002	8.620671e+000
8.232199e-002	8.620171e+000
8.619647e-002	8.619647e+000
9.025303e-002	8.619098e+000
9.450022e-002	8.618523e+000
9.894697e-002	8.617921e+000
1.036026e-001	8.617290e+000
1.084770e-001	8.616631e+000
1.135802e-001	8.615939e+000
1.189231e-001	8.615216e+000
1.245168e-001	8.614458e+000
1.303731e-001	8.613665e+000
1.365042e-001	8.612833e+000
1.429230e-001	8.611963e+000
1.496429e-001	8.611053e+000
1.566780e-001	8.610098e+000
1.640430e-001	8.609099e+000
1.717532e-001	8.608053e+000
1.798248e-001	8.606957e+000
1.882746e-001	8.605810e+000
1.971202e-001	8.604609e+000
2.063800e-001	8.603352e+000
2.160733e-001	8.602035e+000
2.262203e-001	8.600655e+000
2.368419e-001	8.599211e+000
2.479603e-001	8.597698e+000
2.595985e-001	8.596115e+000
2.717806e-001	8.594457e+000
2.845317e-001	8.592720e+000
2.978782e-001	8.590901e+000
3.118477e-001	8.588998e+000
3.264688e-001	8.587004e+000
3.417717e-001	8.584916e+000
3.577877e-001	8.582730e+000
3.745498e-001	8.580441e+000
3.920923e-001	8.578044e+000
4.104508e-001	8.575534e+000
4.296631e-001	8.572906e+000
4.497680e-001	8.570153e+000
4.708066e-001	8.567271e+000
4.928209e-001	8.564245e+000
5.158564e-001	8.561085e+000
5.399592e-001	8.557776e+000
5.651783e-001	8.554320e+000
5.915634e-001	8.550693e+000
6.191677e-001	8.546894e+000
6.480465e-001	8.542916e+000
6.782572e-001	8.538752e+000
7.098597e-001	8.534391e+000
7.429167e-001	8.529825e+000
7.774933e-001	8.525044e+000
8.136573e-001	8.520039e+000
8.514797e-001	8.514797e+000
8.910341e-001	8.509310e+000
9.323959e-001	8.503552e+000
9.756477e-001	8.497537e+000
1.020871e+000	8.491239e+000
1.068153e+000	8.484644e+000
1.117584e+000	8.477741e+000
1.169258e+000	8.470528e+000
1.223270e+000	8.462962e+000
1.279723e+000	8.455043e+000
1.338718e+000	8.446737e+000
1.400369e+000	8.438058e+000
1.464788e+000	8.428974e+000
1.532091e+000	8.419466e+000
1.602400e+000	8.409513e+000
1.675840e+000	8.399098e+000
1.752543e+000	8.388198e+000
1.832642e+000	8.376792e+000
1.916278e+000	8.364856e+000
2.003593e+000	8.352366e+000
2.094737e+000	8.339299e+000
2.189864e+000	8.325629e+000
2.289130e+000	8.311329e+000
2.392700e+000	8.296371e+000
2.500740e+000	8.280727e+000
2.613422e+000	8.264367e+000
2.730925e+000	8.247261e+000
2.853428e+000	8.229376e+000
2.981118e+000	8.210680e+000
3.114184e+000	8.191138e+000
3.252821e+000	8.170717e+000
3.397227e+000	8.149380e+000
3.547603e+000	8.127089e+000
3.704154e+000	8.103807e+000
3.867090e+000	8.079495e+000
4.036619e+000	8.054114e+000
4.212956e+000	8.027622e+000
4.396316e+000	7.999979e+000
4.586913e+000	7.971141e+000
4.784966e+000	7.941066e+000
4.990690e+000	7.909711e+000
5.204303e+000	7.877032e+000
5.426019e+000	7.842984e+000
5.656051e+000	7.807524e+000
5.894609e+000	7.770608e+000
6.141897e+000	7.732191e+000
6.398118e+000	7.692229e+000
6.663464e+000	7.650680e+000
6.938123e+000	7.607501e+000
7.222275e+000	7.562651e+000
7.516089e+000	7.516089e+000
7.819724e+000	7.467778e+000
8.133325e+000	7.417680e+000
8.457025e+000	7.365760e+000
8.790941e+000	7.311986e+000
9.135178e+000	7.256329e+000
9.489817e+000	7.198762e+000
9.854921e+000	7.139259e+000
1.023054e+001	7.077803e+000
1.061669e+001	7.014377e+000
1.101337e+001	6.948968e+000
1.142056e+001	6.881569e+000
1.183821e+001	6.812178e+000
1.226623e+001	6.740798e+000
1.270453e+001	6.667434e+000
1.315297e+001	6.592102e+000
1.361138e+001	6.514818e+000
1.407958e+001	6.435608e+000
1.455733e+001	6.354504e+000
1.504438e+001	6.271541e+000
1.554045e+001	6.186764e+000
1.604521e+001	6.100220e+000
1.655833e+001	6.011967e+000
1.707942e+001	5.922065e+000
1.760808e+001	5.830584e+000
1.814387e+001	5.737596e+000
1.868633e+001	5.643181e+000
1.923497e+001	5.547425e+000
1.978927e+001	5.450418e+000
2.034871e+001	5.352256e+000
2.091272e+001	5.253038e+000
2.148074e+001	5.152870e+000
2.205216e+001	5.051858e+000
2.262639e+001	4.950115e+000
2.320281e+001	4.847754e+000
2.378079e+001	4.744892e+000
2.435971e+001	4.641647e+000
2.493893e+001	4.538139e+000
2.551782e+001	4.434488e+000
2.609574e+001	4.330815e+000
2.667207e+001	4.227239e+000
2.724620e+001	4.123879e+000
2.781751e+001	4.020854e+000
2.838542e+001	3.918278e+000
2.894923e+001	3.816252e+000
2.950856e+001	3.714907e+000
3.006277e+001	3.614341e+000
3.061137e+001	3.514655e+000
3.115384e+001	3.415950e+000
3.168971e+001	3.318320e+000
3.221853e+001	3.221853e+000
3.273989e+001	3.126636e+000
3.325340e+001	3.032746e+000
3.375867e+001	2.940257e+000
3.425539e+001	2.849240e+000
3.474326e+001	2.759755e+000
3.522198e+001	2.671861e+000
3.569133e+001	2.585608e+000
3.615108e+001	2.501044e+000
3.660106e+001	2.418208e+000
3.704110e+001	2.337135e+000
3.747107e+001	2.257855e+000
3.789088e+001	2.180393e+000
3.830044e+001	2.104766e+000
3.869971e+001	2.030990e+000
3.908867e+001	1.959074e+000
3.946716e+001	1.889017e+000
3.983545e+001	1.820832e+000
4.019348e+001	1.754509e+000
4.054129e+001	1.690042e+000
4.087896e+001	1.627421e+000
4.120660e+001	1.566631e+000
4.152429e+001	1.507656e+000
4.183218e+001	1.450476e+000
4.213039e+001	1.395068e+000
4.241906e+001	1.341409e+000
4.269837e+001	1.289470e+000
4.296847e+001	1.239224e+000
4.322953e+001	1.190640e+000
4.348175e+001	1.143687e+000
4.372530e+001	1.098330e+000
4.396039e+001	1.054536e+000
4.418720e+001	1.012270e+000
4.440545e+001	9.714853e-001
4.458991e+001	9.316152e-001
4.467588e+001	8.914010e-001
4.472045e+001	8.521306e-001
4.475201e+001	8.143528e-001
4.477744e+001	7.781427e-001
4.479919e+001	7.434815e-001
4.481842e+001	7.103241e-001
4.483577e+001	6.786168e-001
4.485162e+001	6.483032e-001
4.486625e+001	6.193266e-001
4.487981e+001	5.916311e-001
4.489246e+001	5.651627e-001
4.490431e+001	5.398685e-001
4.491542e+001	5.156981e-001
4.492588e+001	4.926025e-001
4.493574e+001	4.705350e-001
4.494490e+001	4.494490e-001
4.495367e+001	4.293042e-001
4.496198e+001	4.100581e-001
4.496984e+001	3.916709e-001
4.497729e+001	3.741048e-001
4.498436e+001	3.573235e-001
4.499106e+001	3.412921e-001
4.499743e+001	3.259776e-001
4.500348e+001	3.113480e-001
4.500922e+001	2.973730e-001
4.501468e+001	2.840234e-001
4.501988e+001	2.712716e-001
4.502482e+001	2.590908e-001
4.502952e+001	2.474556e-001
4.503399e+001	2.363417e-001
4.503825e+001	2.257260e-001
4.504230e+001	2.155860e-001
4.504617e+001	2.059007e-001
4.504984e+001	1.966497e-001
4.505334e+001	1.878136e-001
4.505669e+001	1.793739e-001
4.505986e+001	1.713128e-001
4.506290e+001	1.636135e-001
4.506578e+001	1.562597e-001
4.506854e+001	1.492360e-001
4.507117e+001	1.425275e-001
4.507367e+001	1.361203e-001
4.507606e+001	1.300008e-001
4.507833e+001	1.241560e-001
4.508050e+001	1.185738e-001
4.508257e+001	1.132423e-001
4.508455e+001	1.081503e-001
4.508643e+001	1.032870e-001
4.508823e+001	9.864230e-002
4.508994e+001	9.420624e-002
4.509158e+001	8.996953e-002
4.509314e+001	8.592320e-002
4.509463e+001	8.205874e-002
4.509605e+001	7.836795e-002
4.509740e+001	7.484306e-002
4.509870e+001	7.147662e-002
4.509993e+001	6.826151e-002
4.510111e+001	6.519094e-002
4.510223e+001	6.225841e-002
4.510331e+001	5.945774e-002
4.510433e+001	5.678299e-002
4.510531e+001	5.422851e-002
4.510624e+001	5.178889e-002
4.510713e+001	4.945899e-002
4.510798e+001	4.723386e-002
4.510879e+001	4.510879e-002
